CUSTOMER ID,RECEIVER REGION,TIME SLOT,DAY,DISTANCE,NO OF TRIES,DELIVERY OUTCOME
CUST_1,Bangalore East,3-5,Wednesday,3.82,2,1
CUST_2,Bangalore Central,3-5,Monday,1.33,2,1
CUST_3,Bangalore East,12-3,Wednesday,5.88,1,0
CUST_4,Bangalore North,12-3,Tuesday,12.75,3,1
CUST_5,Bangalore East,3-5,Wednesday,5.84,1,0
CUST_6,Bangalore East,10-12,Monday,8.65,1,0
CUST_7,Bangalore East,3-5,Wednesday,4.51,2,1
CUST_8,Bangalore South,3-5,Wednesday,5.08,3,0
CUST_9,Bangalore North,12-3,Monday,2.44,2,0
CUST_10,Bangalore North,10-12,Friday,1.8,1,0
CUST_11,Bangalore South,3-5,Tuesday,2.35,3,1
CUST_12,Bangalore East,10-12,Friday,5.82,2,0
CUST_13,Bangalore North,3-5,Monday,4.13,2,1
CUST_14,Bangalore East,10-12,Friday,1.4,3,0
CUST_15,Bangalore South,10-12,Tuesday,12.62,1,0
CUST_16,Bangalore East,12-3,Friday,3.05,2,0
CUST_17,Bangalore South,3-5,Thursday,12.2,2,0
CUST_18,Bangalore North,12-3,Wednesday,13.51,1,0
CUST_19,Bangalore Central,12-3,Wednesday,13.65,2,0
CUST_20,Bangalore Central,3-5,Thursday,12.63,3,1
CUST_21,Bangalore East,3-5,Wednesday,9.33,1,1
CUST_22,Bangalore East,10-12,Friday,1.72,1,0
CUST_23,Bangalore South,3-5,Wednesday,6.04,3,1
CUST_24,Bangalore East,3-5,Monday,2.91,1,1
CUST_25,Bangalore South,12-3,Wednesday,1.3,1,0
CUST_26,Bangalore Central,3-5,Friday,3.29,1,1
CUST_27,Bangalore North,12-3,Tuesday,5.51,3,0
CUST_28,Bangalore Central,3-5,Monday,14.78,2,0
CUST_29,Bangalore East,12-3,Thursday,1.07,1,0
CUST_30,Bangalore East,3-5,Thursday,1.72,1,1
CUST_31,Bangalore South,3-5,Friday,2.98,1,1
CUST_32,Bangalore East,3-5,Tuesday,5.53,2,0
CUST_33,Bangalore North,12-3,Friday,9.54,2,0
CUST_34,Bangalore Central,3-5,Friday,13.91,1,0
CUST_35,Bangalore North,12-3,Friday,5.36,2,1
CUST_36,Bangalore Central,10-12,Wednesday,11.72,2,1
CUST_37,Bangalore South,10-12,Friday,5.16,3,1
CUST_38,Bangalore East,12-3,Tuesday,3.87,2,1
CUST_39,Bangalore Central,10-12,Monday,3.35,3,1
CUST_40,Bangalore Central,10-12,Thursday,11.77,3,0
CUST_41,Bangalore South,3-5,Monday,13.88,2,1
CUST_42,Bangalore Central,3-5,Friday,2.38,2,0
CUST_43,Bangalore South,10-12,Tuesday,10.87,1,0
CUST_44,Bangalore South,10-12,Wednesday,7.08,2,0
CUST_45,Bangalore South,10-12,Friday,13.55,2,1
CUST_46,Bangalore East,12-3,Thursday,6.22,2,1
CUST_47,Bangalore South,3-5,Wednesday,6.98,3,0
CUST_48,Bangalore Central,3-5,Thursday,10.48,2,0
CUST_49,Bangalore East,10-12,Monday,7.65,2,1
CUST_50,Bangalore East,12-3,Monday,7.46,1,1
CUST_51,Bangalore North,3-5,Tuesday,13.01,3,0
CUST_52,Bangalore East,3-5,Tuesday,5.24,3,1
CUST_53,Bangalore South,3-5,Wednesday,13.44,1,0
CUST_54,Bangalore South,10-12,Tuesday,13.81,1,1
CUST_55,Bangalore East,12-3,Friday,13.69,3,1
CUST_56,Bangalore North,3-5,Tuesday,13.76,3,1
CUST_57,Bangalore East,10-12,Thursday,7.13,2,0
CUST_58,Bangalore North,12-3,Friday,3.76,1,1
CUST_59,Bangalore North,12-3,Tuesday,7.11,1,0
CUST_60,Bangalore Central,12-3,Monday,11.03,2,1
CUST_61,Bangalore North,12-3,Friday,14.85,2,1
CUST_62,Bangalore South,3-5,Monday,6.95,3,1
CUST_63,Bangalore North,10-12,Wednesday,12.31,2,1
CUST_64,Bangalore East,3-5,Wednesday,2.05,1,1
CUST_65,Bangalore East,12-3,Friday,10.75,2,0
CUST_66,Bangalore East,10-12,Tuesday,8.27,3,1
CUST_67,Bangalore Central,10-12,Thursday,5.84,2,0
CUST_68,Bangalore East,10-12,Thursday,7.14,2,1
CUST_69,Bangalore East,12-3,Wednesday,13.45,2,1
CUST_70,Bangalore North,10-12,Friday,12.12,1,1
CUST_71,Bangalore South,12-3,Thursday,6.85,2,0
CUST_72,Bangalore Central,12-3,Monday,13.16,1,0
CUST_73,Bangalore Central,12-3,Monday,2.33,2,1
CUST_74,Bangalore North,3-5,Thursday,6.17,1,1
CUST_75,Bangalore South,10-12,Wednesday,1.1,2,1
CUST_76,Bangalore South,3-5,Friday,14.0,1,1
CUST_77,Bangalore South,10-12,Wednesday,8.08,3,1
CUST_78,Bangalore Central,3-5,Wednesday,9.49,1,0
CUST_79,Bangalore South,12-3,Tuesday,14.61,1,1
CUST_80,Bangalore Central,12-3,Wednesday,11.75,1,1
CUST_81,Bangalore East,10-12,Friday,8.98,3,0
CUST_82,Bangalore South,3-5,Monday,3.53,2,0
CUST_83,Bangalore Central,10-12,Thursday,8.48,2,1
CUST_84,Bangalore South,10-12,Wednesday,3.06,2,0
CUST_85,Bangalore Central,12-3,Friday,11.87,3,0
CUST_86,Bangalore Central,10-12,Tuesday,6.49,2,1
CUST_87,Bangalore South,3-5,Tuesday,7.17,1,0
CUST_88,Bangalore East,12-3,Thursday,4.69,2,0
CUST_89,Bangalore East,12-3,Monday,3.71,2,1
CUST_90,Bangalore South,12-3,Tuesday,10.14,2,1
CUST_91,Bangalore North,10-12,Monday,1.45,3,1
CUST_92,Bangalore Central,3-5,Wednesday,6.05,2,1
CUST_93,Bangalore North,12-3,Monday,5.32,1,1
CUST_94,Bangalore South,12-3,Wednesday,4.13,2,0
CUST_95,Bangalore South,10-12,Monday,12.38,2,1
CUST_96,Bangalore South,3-5,Tuesday,8.3,2,1
CUST_97,Bangalore Central,10-12,Wednesday,2.75,2,1
CUST_98,Bangalore North,12-3,Thursday,12.12,2,0
CUST_99,Bangalore Central,12-3,Thursday,5.74,2,1
CUST_100,Bangalore North,12-3,Wednesday,9.64,2,1
CUST_101,Bangalore Central,10-12,Thursday,5.13,1,0
CUST_102,Bangalore North,12-3,Friday,9.57,1,0
CUST_103,Bangalore North,3-5,Tuesday,5.45,1,1
CUST_104,Bangalore North,10-12,Friday,8.79,1,0
CUST_105,Bangalore East,10-12,Tuesday,8.91,2,1
CUST_106,Bangalore Central,12-3,Monday,6.74,2,0
CUST_107,Bangalore South,3-5,Monday,6.14,2,1
CUST_108,Bangalore South,3-5,Wednesday,7.38,2,0
CUST_109,Bangalore South,3-5,Tuesday,5.32,2,0
CUST_110,Bangalore Central,3-5,Monday,5.89,1,0
CUST_111,Bangalore North,10-12,Friday,1.1,2,0
CUST_112,Bangalore South,12-3,Friday,14.73,2,0
CUST_113,Bangalore East,10-12,Tuesday,8.78,2,0
CUST_114,Bangalore East,10-12,Thursday,1.89,1,0
CUST_115,Bangalore South,10-12,Wednesday,9.74,3,1
CUST_116,Bangalore Central,12-3,Wednesday,11.2,3,1
CUST_117,Bangalore Central,12-3,Monday,9.12,3,0
CUST_118,Bangalore Central,3-5,Monday,8.78,1,1
CUST_119,Bangalore North,10-12,Wednesday,14.47,1,0
CUST_120,Bangalore East,10-12,Friday,9.57,2,1
CUST_121,Bangalore Central,3-5,Friday,9.27,2,0
CUST_122,Bangalore Central,10-12,Monday,10.85,1,0
CUST_123,Bangalore Central,3-5,Tuesday,11.59,2,0
CUST_124,Bangalore Central,10-12,Tuesday,4.96,1,1
CUST_125,Bangalore South,12-3,Thursday,6.01,3,0
CUST_126,Bangalore Central,3-5,Tuesday,3.79,2,1
CUST_127,Bangalore Central,12-3,Wednesday,5.89,1,1
CUST_128,Bangalore Central,10-12,Thursday,2.53,2,0
CUST_129,Bangalore Central,12-3,Thursday,14.3,2,0
CUST_130,Bangalore South,10-12,Thursday,1.78,3,1
CUST_131,Bangalore North,3-5,Monday,2.17,3,1
CUST_132,Bangalore South,10-12,Friday,9.19,2,0
CUST_133,Bangalore East,3-5,Friday,7.01,2,1
CUST_134,Bangalore North,10-12,Thursday,8.15,2,1
CUST_135,Bangalore South,12-3,Wednesday,1.64,2,0
CUST_136,Bangalore Central,12-3,Thursday,3.3,2,1
CUST_137,Bangalore South,10-12,Thursday,8.04,2,1
CUST_138,Bangalore Central,12-3,Thursday,3.27,1,0
CUST_139,Bangalore Central,12-3,Monday,3.58,1,0
CUST_140,Bangalore East,10-12,Tuesday,3.14,1,0
CUST_141,Bangalore South,10-12,Wednesday,4.95,2,1
CUST_142,Bangalore East,12-3,Wednesday,9.87,2,1
CUST_143,Bangalore South,3-5,Wednesday,8.08,2,1
CUST_144,Bangalore North,10-12,Thursday,13.02,2,1
CUST_145,Bangalore East,12-3,Monday,8.26,2,0
CUST_146,Bangalore North,10-12,Friday,9.77,1,1
CUST_147,Bangalore North,3-5,Tuesday,2.28,1,1
CUST_148,Bangalore South,10-12,Tuesday,6.45,2,1
CUST_149,Bangalore Central,3-5,Wednesday,4.45,3,1
CUST_150,Bangalore South,3-5,Wednesday,10.63,2,1
CUST_151,Bangalore North,12-3,Monday,6.99,1,1
CUST_152,Bangalore East,3-5,Monday,8.93,2,0
CUST_153,Bangalore North,3-5,Thursday,9.16,2,0
CUST_154,Bangalore North,3-5,Wednesday,8.16,2,1
CUST_155,Bangalore Central,10-12,Wednesday,11.75,2,1
CUST_156,Bangalore South,3-5,Wednesday,2.06,2,0
CUST_157,Bangalore East,10-12,Monday,6.89,1,1
CUST_158,Bangalore South,12-3,Monday,12.13,1,0
CUST_159,Bangalore East,12-3,Thursday,9.65,1,1
CUST_160,Bangalore Central,10-12,Thursday,11.89,2,1
CUST_161,Bangalore South,3-5,Thursday,6.51,1,0
CUST_162,Bangalore East,10-12,Tuesday,2.67,3,1
CUST_163,Bangalore South,12-3,Friday,8.99,2,1
CUST_164,Bangalore South,3-5,Tuesday,10.54,3,0
CUST_165,Bangalore Central,12-3,Tuesday,12.3,3,1
CUST_166,Bangalore South,12-3,Wednesday,3.95,2,0
CUST_167,Bangalore North,10-12,Thursday,4.41,2,1
CUST_168,Bangalore Central,12-3,Thursday,6.92,2,1
CUST_169,Bangalore Central,3-5,Monday,13.81,1,0
CUST_170,Bangalore South,12-3,Wednesday,1.55,1,0
CUST_171,Bangalore South,12-3,Monday,6.26,1,1
CUST_172,Bangalore East,10-12,Thursday,12.18,3,0
CUST_173,Bangalore Central,12-3,Wednesday,9.45,2,1
CUST_174,Bangalore Central,10-12,Friday,7.35,3,1
CUST_175,Bangalore East,3-5,Thursday,4.19,1,1
CUST_176,Bangalore East,3-5,Friday,6.08,2,0
CUST_177,Bangalore North,10-12,Thursday,3.91,2,0
CUST_178,Bangalore North,12-3,Monday,7.36,2,0
CUST_179,Bangalore East,3-5,Wednesday,2.67,2,1
CUST_180,Bangalore North,12-3,Thursday,8.28,2,1
CUST_181,Bangalore Central,10-12,Thursday,12.6,2,1
CUST_182,Bangalore Central,10-12,Tuesday,4.22,2,0
CUST_183,Bangalore North,12-3,Friday,10.53,3,1
CUST_184,Bangalore Central,3-5,Thursday,10.82,2,1
CUST_185,Bangalore North,3-5,Thursday,8.18,2,1
CUST_186,Bangalore North,10-12,Thursday,12.65,2,0
CUST_187,Bangalore North,12-3,Tuesday,8.94,2,1
CUST_188,Bangalore East,10-12,Wednesday,13.06,1,1
CUST_189,Bangalore East,12-3,Wednesday,3.35,3,0
CUST_190,Bangalore Central,3-5,Thursday,3.36,1,0
CUST_191,Bangalore Central,10-12,Thursday,9.41,3,1
CUST_192,Bangalore North,10-12,Friday,1.76,1,1
CUST_193,Bangalore South,12-3,Monday,1.47,3,0
CUST_194,Bangalore North,12-3,Tuesday,8.15,3,0
CUST_195,Bangalore North,12-3,Thursday,6.1,2,1
CUST_196,Bangalore East,3-5,Tuesday,13.74,3,1
CUST_197,Bangalore Central,3-5,Friday,13.43,2,1
CUST_198,Bangalore South,10-12,Tuesday,2.33,1,1
CUST_199,Bangalore Central,3-5,Monday,4.21,2,0
CUST_200,Bangalore Central,12-3,Wednesday,9.3,2,1
CUST_201,Bangalore East,3-5,Tuesday,7.94,3,0
CUST_202,Bangalore Central,10-12,Wednesday,13.64,2,1
CUST_203,Bangalore East,10-12,Monday,7.77,3,1
CUST_204,Bangalore South,3-5,Thursday,13.21,1,1
CUST_205,Bangalore South,3-5,Tuesday,3.06,1,0
CUST_206,Bangalore Central,3-5,Wednesday,10.16,1,0
CUST_207,Bangalore South,3-5,Friday,12.56,3,1
CUST_208,Bangalore Central,10-12,Wednesday,12.6,1,0
CUST_209,Bangalore South,3-5,Monday,7.5,1,1
CUST_210,Bangalore East,12-3,Friday,9.0,1,1
CUST_211,Bangalore North,3-5,Monday,11.36,2,0
CUST_212,Bangalore Central,12-3,Friday,3.99,3,0
CUST_213,Bangalore North,10-12,Monday,3.9,1,0
CUST_214,Bangalore North,3-5,Thursday,2.72,1,0
CUST_215,Bangalore North,10-12,Tuesday,7.08,1,1
CUST_216,Bangalore North,3-5,Thursday,12.69,2,1
CUST_217,Bangalore South,3-5,Wednesday,14.51,3,0
CUST_218,Bangalore Central,3-5,Tuesday,5.78,2,1
CUST_219,Bangalore South,12-3,Wednesday,9.94,2,0
CUST_220,Bangalore South,3-5,Thursday,9.37,3,1
CUST_221,Bangalore South,3-5,Tuesday,3.81,2,0
CUST_222,Bangalore Central,10-12,Friday,3.14,1,0
CUST_223,Bangalore Central,3-5,Thursday,8.27,1,0
CUST_224,Bangalore East,10-12,Tuesday,7.61,1,0
CUST_225,Bangalore South,12-3,Wednesday,13.32,2,0
CUST_226,Bangalore South,12-3,Monday,12.52,2,0
CUST_227,Bangalore North,12-3,Monday,11.77,2,1
CUST_228,Bangalore South,12-3,Monday,14.55,2,0
CUST_229,Bangalore North,3-5,Monday,6.21,1,1
CUST_230,Bangalore East,3-5,Wednesday,9.75,1,0
CUST_231,Bangalore East,10-12,Tuesday,2.23,2,0
CUST_232,Bangalore South,3-5,Thursday,1.0,2,1
CUST_233,Bangalore North,3-5,Monday,1.98,1,0
CUST_234,Bangalore North,12-3,Wednesday,8.37,3,0
CUST_235,Bangalore North,12-3,Tuesday,10.41,2,0
CUST_236,Bangalore South,3-5,Wednesday,3.49,2,0
CUST_237,Bangalore Central,3-5,Thursday,4.67,2,0
CUST_238,Bangalore North,10-12,Friday,8.96,2,1
CUST_239,Bangalore North,3-5,Friday,11.7,2,1
CUST_240,Bangalore East,3-5,Wednesday,10.19,2,0
CUST_241,Bangalore Central,10-12,Thursday,10.87,1,0
CUST_242,Bangalore East,3-5,Tuesday,13.31,2,0
CUST_243,Bangalore East,10-12,Wednesday,3.48,2,1
CUST_244,Bangalore North,10-12,Wednesday,3.48,2,1
CUST_245,Bangalore North,10-12,Wednesday,5.09,2,1
CUST_246,Bangalore South,10-12,Thursday,1.0,2,0
CUST_247,Bangalore Central,12-3,Thursday,5.15,3,1
CUST_248,Bangalore Central,12-3,Monday,6.64,2,1
CUST_249,Bangalore North,10-12,Thursday,9.24,1,1
CUST_250,Bangalore East,10-12,Tuesday,7.74,2,1
CUST_251,Bangalore East,12-3,Wednesday,1.57,2,1
CUST_252,Bangalore Central,10-12,Tuesday,5.31,2,1
CUST_253,Bangalore North,10-12,Friday,12.49,1,1
CUST_254,Bangalore East,12-3,Monday,13.17,2,1
CUST_255,Bangalore East,3-5,Thursday,1.41,2,1
CUST_256,Bangalore East,12-3,Thursday,1.15,2,1
CUST_257,Bangalore Central,12-3,Wednesday,11.82,1,0
CUST_258,Bangalore North,10-12,Wednesday,13.73,2,0
CUST_259,Bangalore Central,12-3,Monday,8.82,2,0
CUST_260,Bangalore Central,3-5,Wednesday,8.19,2,1
CUST_261,Bangalore South,12-3,Thursday,9.03,2,0
CUST_262,Bangalore South,3-5,Friday,9.01,2,1
CUST_263,Bangalore South,12-3,Thursday,5.66,1,1
CUST_264,Bangalore North,12-3,Tuesday,11.13,2,1
CUST_265,Bangalore East,12-3,Friday,4.26,2,0
CUST_266,Bangalore South,3-5,Friday,3.7,2,0
CUST_267,Bangalore Central,10-12,Monday,11.65,3,0
CUST_268,Bangalore North,10-12,Friday,9.77,2,0
CUST_269,Bangalore North,3-5,Tuesday,9.93,2,0
CUST_270,Bangalore East,12-3,Monday,12.78,2,1
CUST_271,Bangalore Central,12-3,Wednesday,1.11,3,0
CUST_272,Bangalore East,10-12,Thursday,6.86,2,1
CUST_273,Bangalore North,12-3,Thursday,5.93,2,0
CUST_274,Bangalore North,12-3,Friday,9.65,3,0
CUST_275,Bangalore South,3-5,Tuesday,5.7,1,0
CUST_276,Bangalore Central,10-12,Friday,10.24,2,0
CUST_277,Bangalore Central,10-12,Monday,6.9,2,1
CUST_278,Bangalore South,3-5,Friday,3.95,2,0
CUST_279,Bangalore Central,3-5,Thursday,10.69,2,0
CUST_280,Bangalore Central,12-3,Tuesday,13.52,3,0
CUST_281,Bangalore Central,12-3,Tuesday,5.58,1,0
CUST_282,Bangalore North,3-5,Wednesday,8.92,1,0
CUST_283,Bangalore South,10-12,Monday,13.81,2,1
CUST_284,Bangalore South,3-5,Monday,9.27,1,1
CUST_285,Bangalore East,3-5,Friday,2.52,3,0
CUST_286,Bangalore East,3-5,Friday,9.39,2,1
CUST_287,Bangalore East,12-3,Friday,4.94,2,0
CUST_288,Bangalore South,10-12,Thursday,6.31,3,1
CUST_289,Bangalore North,10-12,Friday,10.61,2,1
CUST_290,Bangalore East,10-12,Tuesday,1.79,2,1
CUST_291,Bangalore North,10-12,Wednesday,13.95,2,0
CUST_292,Bangalore Central,3-5,Friday,3.68,2,0
CUST_293,Bangalore South,3-5,Monday,3.91,1,0
CUST_294,Bangalore North,10-12,Wednesday,4.0,1,1
CUST_295,Bangalore East,12-3,Monday,1.93,2,1
CUST_296,Bangalore East,10-12,Monday,14.47,1,0
CUST_297,Bangalore Central,12-3,Friday,5.43,3,1
CUST_298,Bangalore East,3-5,Thursday,9.82,2,0
CUST_299,Bangalore North,3-5,Wednesday,1.32,1,0
CUST_300,Bangalore East,12-3,Monday,11.0,2,1
CUST_301,Bangalore East,3-5,Monday,6.85,1,0
CUST_302,Bangalore Central,3-5,Monday,7.58,2,1
CUST_303,Bangalore South,12-3,Wednesday,9.56,2,0
CUST_304,Bangalore South,12-3,Wednesday,1.86,2,0
CUST_305,Bangalore Central,10-12,Wednesday,6.75,3,0
CUST_306,Bangalore South,12-3,Thursday,2.08,2,1
CUST_307,Bangalore South,12-3,Wednesday,14.01,2,0
CUST_308,Bangalore East,12-3,Wednesday,3.98,2,1
CUST_309,Bangalore South,12-3,Monday,11.37,1,1
CUST_310,Bangalore South,12-3,Thursday,9.15,2,0
CUST_311,Bangalore North,3-5,Monday,11.86,1,1
CUST_312,Bangalore South,3-5,Friday,14.35,2,0
CUST_313,Bangalore Central,3-5,Friday,3.96,1,0
CUST_314,Bangalore North,12-3,Monday,3.11,2,1
CUST_315,Bangalore North,12-3,Monday,12.45,3,0
CUST_316,Bangalore Central,3-5,Monday,5.85,2,0
CUST_317,Bangalore South,3-5,Wednesday,5.14,2,0
CUST_318,Bangalore South,3-5,Wednesday,11.68,3,0
CUST_319,Bangalore East,12-3,Tuesday,13.71,2,0
CUST_320,Bangalore North,12-3,Monday,6.33,1,1
CUST_321,Bangalore South,10-12,Wednesday,8.96,1,0
CUST_322,Bangalore South,10-12,Tuesday,13.42,3,1
CUST_323,Bangalore East,12-3,Monday,10.7,3,1
CUST_324,Bangalore East,10-12,Monday,14.63,1,1
CUST_325,Bangalore North,3-5,Friday,2.72,2,0
CUST_326,Bangalore East,12-3,Monday,7.08,2,0
CUST_327,Bangalore East,12-3,Friday,3.47,1,1
CUST_328,Bangalore North,3-5,Thursday,6.08,2,0
CUST_329,Bangalore North,10-12,Tuesday,7.85,1,0
CUST_330,Bangalore Central,10-12,Thursday,2.64,2,0
CUST_331,Bangalore East,12-3,Thursday,7.77,3,0
CUST_332,Bangalore Central,3-5,Thursday,2.37,2,0
CUST_333,Bangalore East,10-12,Wednesday,1.14,2,0
CUST_334,Bangalore South,10-12,Thursday,11.89,2,1
CUST_335,Bangalore South,12-3,Wednesday,14.68,1,0
CUST_336,Bangalore South,3-5,Friday,6.94,2,0
CUST_337,Bangalore East,10-12,Tuesday,1.57,2,1
CUST_338,Bangalore East,10-12,Tuesday,11.04,2,0
CUST_339,Bangalore East,12-3,Tuesday,12.45,2,0
CUST_340,Bangalore South,3-5,Thursday,2.82,2,0
CUST_341,Bangalore South,10-12,Monday,2.94,1,0
CUST_342,Bangalore Central,12-3,Tuesday,14.3,1,0
CUST_343,Bangalore North,12-3,Tuesday,1.92,3,1
CUST_344,Bangalore East,12-3,Wednesday,12.91,2,1
CUST_345,Bangalore South,3-5,Friday,2.29,1,1
CUST_346,Bangalore North,12-3,Friday,3.79,3,0
CUST_347,Bangalore North,3-5,Friday,4.05,2,0
CUST_348,Bangalore Central,10-12,Monday,6.2,1,0
CUST_349,Bangalore Central,10-12,Monday,2.86,2,1
CUST_350,Bangalore Central,10-12,Friday,10.86,1,0
CUST_351,Bangalore North,10-12,Wednesday,9.95,2,0
CUST_352,Bangalore South,12-3,Friday,6.09,2,0
CUST_353,Bangalore South,10-12,Monday,11.86,3,0
CUST_354,Bangalore Central,10-12,Tuesday,6.16,2,1
CUST_355,Bangalore Central,10-12,Monday,10.54,1,0
CUST_356,Bangalore Central,12-3,Thursday,2.18,1,1
CUST_357,Bangalore South,12-3,Thursday,1.69,3,0
CUST_358,Bangalore Central,3-5,Thursday,2.65,2,1
CUST_359,Bangalore North,12-3,Friday,3.79,3,1
CUST_360,Bangalore East,3-5,Friday,13.96,1,0
CUST_361,Bangalore East,3-5,Wednesday,7.14,1,0
CUST_362,Bangalore East,3-5,Friday,2.5,3,1
CUST_363,Bangalore East,3-5,Thursday,1.52,3,1
CUST_364,Bangalore North,10-12,Friday,12.43,2,0
CUST_365,Bangalore East,3-5,Wednesday,6.72,1,1
CUST_366,Bangalore Central,10-12,Thursday,13.31,3,0
CUST_367,Bangalore South,12-3,Wednesday,6.39,2,0
CUST_368,Bangalore North,12-3,Thursday,11.56,3,1
CUST_369,Bangalore East,12-3,Tuesday,4.46,1,0
CUST_370,Bangalore Central,12-3,Tuesday,10.23,2,0
CUST_371,Bangalore North,12-3,Wednesday,5.13,2,0
CUST_372,Bangalore South,3-5,Friday,1.67,2,0
CUST_373,Bangalore South,10-12,Tuesday,13.42,2,1
CUST_374,Bangalore Central,12-3,Tuesday,2.56,2,0
CUST_375,Bangalore Central,10-12,Friday,10.11,2,1
CUST_376,Bangalore North,12-3,Tuesday,14.7,3,0
CUST_377,Bangalore South,12-3,Wednesday,14.31,2,0
CUST_378,Bangalore Central,3-5,Wednesday,14.31,1,0
CUST_379,Bangalore Central,10-12,Monday,8.34,2,0
CUST_380,Bangalore South,10-12,Thursday,2.55,2,0
CUST_381,Bangalore South,12-3,Friday,14.01,2,1
CUST_382,Bangalore North,10-12,Wednesday,10.55,3,1
CUST_383,Bangalore North,3-5,Tuesday,13.01,1,1
CUST_384,Bangalore North,10-12,Thursday,8.79,1,1
CUST_385,Bangalore Central,3-5,Thursday,2.33,2,0
CUST_386,Bangalore North,3-5,Thursday,3.63,1,1
CUST_387,Bangalore East,10-12,Tuesday,1.07,2,1
CUST_388,Bangalore North,3-5,Friday,10.76,1,1
CUST_389,Bangalore Central,3-5,Monday,11.89,2,0
CUST_390,Bangalore East,12-3,Friday,3.08,2,1
CUST_391,Bangalore Central,12-3,Friday,12.38,3,0
CUST_392,Bangalore Central,12-3,Friday,8.91,2,1
CUST_393,Bangalore North,10-12,Friday,13.2,1,0
CUST_394,Bangalore Central,12-3,Thursday,7.46,2,0
CUST_395,Bangalore Central,10-12,Monday,9.17,2,0
CUST_396,Bangalore East,12-3,Thursday,12.72,3,1
CUST_397,Bangalore Central,12-3,Wednesday,4.18,2,0
CUST_398,Bangalore North,3-5,Friday,14.28,3,1
CUST_399,Bangalore South,12-3,Wednesday,14.28,2,0
CUST_400,Bangalore North,10-12,Monday,14.55,2,0
CUST_401,Bangalore Central,3-5,Tuesday,13.17,1,1
CUST_402,Bangalore North,3-5,Wednesday,12.12,1,0
CUST_403,Bangalore North,3-5,Wednesday,7.16,2,0
CUST_404,Bangalore South,10-12,Tuesday,10.42,2,1
CUST_405,Bangalore East,10-12,Tuesday,7.06,2,0
CUST_406,Bangalore East,10-12,Tuesday,1.22,3,1
CUST_407,Bangalore South,3-5,Thursday,11.68,2,0
CUST_408,Bangalore South,3-5,Monday,7.99,2,0
CUST_409,Bangalore Central,3-5,Thursday,11.98,2,1
CUST_410,Bangalore Central,10-12,Thursday,11.57,2,1
CUST_411,Bangalore East,12-3,Thursday,8.31,2,0
CUST_412,Bangalore Central,3-5,Monday,14.78,2,0
CUST_413,Bangalore South,3-5,Friday,7.37,2,1
CUST_414,Bangalore East,3-5,Monday,7.2,2,1
CUST_415,Bangalore South,3-5,Friday,1.94,3,0
CUST_416,Bangalore East,12-3,Thursday,13.91,3,0
CUST_417,Bangalore East,3-5,Monday,11.62,3,0
CUST_418,Bangalore North,10-12,Friday,8.09,2,1
CUST_419,Bangalore East,12-3,Monday,11.25,2,1
CUST_420,Bangalore Central,10-12,Monday,14.07,2,0
CUST_421,Bangalore Central,10-12,Wednesday,8.11,1,1
CUST_422,Bangalore North,12-3,Wednesday,13.65,1,0
CUST_423,Bangalore Central,12-3,Tuesday,14.02,3,1
CUST_424,Bangalore Central,12-3,Wednesday,5.29,1,1
CUST_425,Bangalore East,3-5,Thursday,11.97,3,1
CUST_426,Bangalore East,10-12,Wednesday,13.13,2,1
CUST_427,Bangalore North,3-5,Wednesday,14.63,2,0
CUST_428,Bangalore South,10-12,Thursday,4.76,3,0
CUST_429,Bangalore North,10-12,Tuesday,7.79,3,1
CUST_430,Bangalore East,10-12,Thursday,11.62,1,0
CUST_431,Bangalore South,10-12,Monday,6.52,2,0
CUST_432,Bangalore North,3-5,Monday,6.06,2,0
CUST_433,Bangalore South,3-5,Wednesday,10.37,2,1
CUST_434,Bangalore North,12-3,Thursday,3.57,1,1
CUST_435,Bangalore South,12-3,Thursday,7.86,2,1
CUST_436,Bangalore South,12-3,Monday,9.51,2,1
CUST_437,Bangalore East,10-12,Monday,2.23,3,0
CUST_438,Bangalore South,12-3,Wednesday,7.1,2,0
CUST_439,Bangalore Central,12-3,Friday,10.14,2,0
CUST_440,Bangalore East,12-3,Thursday,8.01,1,1
CUST_441,Bangalore East,12-3,Wednesday,13.43,2,1
CUST_442,Bangalore South,10-12,Friday,6.83,1,1
CUST_443,Bangalore South,3-5,Monday,4.22,2,1
CUST_444,Bangalore Central,3-5,Monday,14.52,1,1
CUST_445,Bangalore South,3-5,Thursday,4.31,2,0
CUST_446,Bangalore East,3-5,Monday,3.78,3,0
CUST_447,Bangalore East,12-3,Wednesday,3.89,2,0
CUST_448,Bangalore East,3-5,Wednesday,12.97,3,1
CUST_449,Bangalore North,10-12,Monday,12.32,1,1
CUST_450,Bangalore East,3-5,Thursday,11.21,2,0
CUST_451,Bangalore East,12-3,Friday,12.45,2,1
CUST_452,Bangalore North,3-5,Thursday,5.23,2,1
CUST_453,Bangalore East,10-12,Friday,8.82,3,1
CUST_454,Bangalore North,3-5,Friday,8.93,2,0
CUST_455,Bangalore South,10-12,Thursday,1.06,2,1
CUST_456,Bangalore North,3-5,Tuesday,10.04,2,1
CUST_457,Bangalore Central,10-12,Tuesday,14.67,3,1
CUST_458,Bangalore East,12-3,Friday,2.39,1,0
CUST_459,Bangalore North,10-12,Friday,5.03,2,0
CUST_460,Bangalore South,12-3,Friday,3.42,3,1
CUST_461,Bangalore Central,12-3,Friday,1.29,3,0
CUST_462,Bangalore South,10-12,Thursday,3.96,2,0
CUST_463,Bangalore South,12-3,Friday,6.74,2,1
CUST_464,Bangalore East,3-5,Monday,10.33,1,1
CUST_465,Bangalore North,12-3,Friday,5.13,1,1
CUST_466,Bangalore South,10-12,Tuesday,12.44,2,0
CUST_467,Bangalore South,12-3,Monday,4.75,2,0
CUST_468,Bangalore South,10-12,Thursday,5.91,3,1
CUST_469,Bangalore Central,10-12,Thursday,4.53,1,0
CUST_470,Bangalore Central,12-3,Thursday,6.53,3,0
CUST_471,Bangalore South,10-12,Wednesday,11.53,3,0
CUST_472,Bangalore Central,12-3,Monday,9.65,1,1
CUST_473,Bangalore Central,3-5,Tuesday,14.43,1,0
CUST_474,Bangalore North,10-12,Monday,13.57,3,1
CUST_475,Bangalore South,12-3,Monday,10.67,2,0
CUST_476,Bangalore North,3-5,Tuesday,11.17,2,1
CUST_477,Bangalore East,10-12,Thursday,9.88,3,0
CUST_478,Bangalore North,3-5,Monday,4.36,2,0
CUST_479,Bangalore Central,3-5,Monday,13.24,2,0
CUST_480,Bangalore North,10-12,Thursday,13.43,1,0
CUST_481,Bangalore Central,10-12,Wednesday,8.53,2,1
CUST_482,Bangalore South,3-5,Monday,9.3,1,0
CUST_483,Bangalore North,12-3,Friday,13.11,2,1
CUST_484,Bangalore East,3-5,Friday,2.08,2,0
CUST_485,Bangalore North,10-12,Wednesday,1.51,2,1
CUST_486,Bangalore Central,10-12,Monday,4.53,1,0
CUST_487,Bangalore North,10-12,Tuesday,8.62,1,0
CUST_488,Bangalore South,3-5,Tuesday,5.67,1,1
CUST_489,Bangalore South,12-3,Tuesday,2.21,1,1
CUST_490,Bangalore Central,3-5,Wednesday,4.79,2,1
CUST_491,Bangalore Central,3-5,Thursday,7.48,2,1
CUST_492,Bangalore South,10-12,Friday,8.36,1,0
CUST_493,Bangalore Central,12-3,Tuesday,7.23,1,1
CUST_494,Bangalore South,10-12,Wednesday,11.75,2,0
CUST_495,Bangalore North,3-5,Wednesday,14.7,2,1
CUST_496,Bangalore South,3-5,Monday,2.88,3,1
CUST_497,Bangalore Central,3-5,Friday,8.44,1,0
CUST_498,Bangalore East,10-12,Thursday,12.59,1,0
CUST_499,Bangalore East,10-12,Thursday,7.47,2,1
CUST_500,Bangalore North,12-3,Friday,5.94,1,1
CUST_501,Bangalore North,12-3,Wednesday,9.91,1,0
CUST_502,Bangalore North,10-12,Thursday,11.36,1,0
CUST_503,Bangalore Central,12-3,Thursday,3.32,3,0
CUST_504,Bangalore Central,12-3,Monday,2.68,2,1
CUST_505,Bangalore Central,3-5,Monday,6.83,2,0
CUST_506,Bangalore North,3-5,Friday,10.63,1,1
CUST_507,Bangalore South,12-3,Friday,9.15,1,1
CUST_508,Bangalore Central,3-5,Monday,9.83,3,1
CUST_509,Bangalore North,3-5,Monday,5.71,1,1
CUST_510,Bangalore South,12-3,Monday,7.06,3,0
CUST_511,Bangalore Central,10-12,Friday,14.06,2,1
CUST_512,Bangalore Central,3-5,Wednesday,6.34,3,1
CUST_513,Bangalore Central,3-5,Friday,6.56,2,1
CUST_514,Bangalore East,3-5,Tuesday,5.92,2,0
CUST_515,Bangalore East,10-12,Tuesday,9.86,2,0
CUST_516,Bangalore Central,10-12,Thursday,2.97,2,0
CUST_517,Bangalore North,10-12,Thursday,7.3,1,0
CUST_518,Bangalore North,12-3,Wednesday,7.17,2,0
CUST_519,Bangalore South,10-12,Friday,11.1,1,0
CUST_520,Bangalore North,10-12,Tuesday,14.6,2,1
CUST_521,Bangalore South,3-5,Friday,13.3,3,0
CUST_522,Bangalore South,3-5,Friday,7.93,3,0
CUST_523,Bangalore South,3-5,Friday,7.88,3,0
CUST_524,Bangalore North,3-5,Wednesday,2.29,2,0
CUST_525,Bangalore East,3-5,Wednesday,11.17,2,1
CUST_526,Bangalore South,10-12,Monday,12.72,1,0
CUST_527,Bangalore Central,3-5,Tuesday,5.87,2,0
CUST_528,Bangalore South,10-12,Tuesday,13.78,1,1
CUST_529,Bangalore East,10-12,Monday,2.14,2,1
CUST_530,Bangalore South,12-3,Thursday,9.82,1,1
CUST_531,Bangalore Central,3-5,Monday,2.75,1,0
CUST_532,Bangalore Central,12-3,Monday,14.87,3,0
CUST_533,Bangalore Central,3-5,Thursday,1.34,2,0
CUST_534,Bangalore Central,3-5,Friday,11.34,3,1
CUST_535,Bangalore South,10-12,Wednesday,6.09,1,1
CUST_536,Bangalore Central,3-5,Friday,9.23,1,1
CUST_537,Bangalore North,3-5,Tuesday,14.76,3,0
CUST_538,Bangalore South,10-12,Tuesday,11.85,1,0
CUST_539,Bangalore East,12-3,Tuesday,8.33,2,1
CUST_540,Bangalore South,3-5,Monday,7.82,1,0
CUST_541,Bangalore Central,3-5,Wednesday,9.13,2,0
CUST_542,Bangalore North,12-3,Wednesday,9.72,1,1
CUST_543,Bangalore North,10-12,Monday,9.34,2,0
CUST_544,Bangalore North,12-3,Wednesday,6.31,1,1
CUST_545,Bangalore North,3-5,Friday,14.36,1,0
CUST_546,Bangalore South,12-3,Wednesday,6.44,2,0
CUST_547,Bangalore North,10-12,Tuesday,6.71,2,1
CUST_548,Bangalore Central,10-12,Wednesday,12.09,2,1
CUST_549,Bangalore North,3-5,Monday,5.1,1,0
CUST_550,Bangalore East,12-3,Thursday,9.54,2,1
CUST_551,Bangalore Central,10-12,Monday,13.12,2,0
CUST_552,Bangalore South,12-3,Friday,13.82,2,0
CUST_553,Bangalore East,10-12,Wednesday,3.06,2,1
CUST_554,Bangalore Central,10-12,Thursday,6.72,2,0
CUST_555,Bangalore South,12-3,Wednesday,13.09,2,1
CUST_556,Bangalore Central,10-12,Thursday,6.46,2,1
CUST_557,Bangalore North,10-12,Monday,13.09,1,0
CUST_558,Bangalore North,12-3,Wednesday,12.6,2,1
CUST_559,Bangalore East,10-12,Monday,7.01,2,0
CUST_560,Bangalore North,12-3,Friday,3.87,3,0
CUST_561,Bangalore North,3-5,Friday,1.94,3,1
CUST_562,Bangalore South,10-12,Friday,7.33,1,0
CUST_563,Bangalore South,10-12,Monday,4.9,2,1
CUST_564,Bangalore East,3-5,Tuesday,11.27,2,0
CUST_565,Bangalore Central,3-5,Wednesday,12.16,1,0
CUST_566,Bangalore East,12-3,Tuesday,9.59,3,1
CUST_567,Bangalore North,10-12,Friday,4.61,2,0
CUST_568,Bangalore Central,10-12,Friday,4.56,2,1
CUST_569,Bangalore South,3-5,Thursday,5.12,2,0
CUST_570,Bangalore East,3-5,Thursday,2.79,2,1
CUST_571,Bangalore North,3-5,Wednesday,14.02,2,0
CUST_572,Bangalore South,12-3,Friday,2.62,1,0
CUST_573,Bangalore East,3-5,Friday,4.4,2,1
CUST_574,Bangalore Central,10-12,Wednesday,7.56,2,0
CUST_575,Bangalore East,3-5,Thursday,7.35,2,0
CUST_576,Bangalore East,10-12,Wednesday,5.44,2,0
CUST_577,Bangalore South,3-5,Friday,3.36,2,1
CUST_578,Bangalore Central,3-5,Tuesday,8.17,1,0
CUST_579,Bangalore Central,12-3,Thursday,8.94,3,1
CUST_580,Bangalore North,3-5,Monday,12.62,2,1
CUST_581,Bangalore Central,10-12,Tuesday,10.9,1,0
CUST_582,Bangalore South,10-12,Wednesday,2.62,3,1
CUST_583,Bangalore South,3-5,Wednesday,3.57,2,1
CUST_584,Bangalore Central,12-3,Tuesday,7.72,2,1
CUST_585,Bangalore South,12-3,Wednesday,6.38,2,0
CUST_586,Bangalore Central,12-3,Thursday,12.86,1,0
CUST_587,Bangalore Central,10-12,Thursday,3.46,2,1
CUST_588,Bangalore South,10-12,Friday,12.76,1,1
CUST_589,Bangalore North,10-12,Wednesday,5.56,1,0
CUST_590,Bangalore Central,12-3,Thursday,14.24,3,1
CUST_591,Bangalore East,3-5,Friday,8.33,3,0
CUST_592,Bangalore East,10-12,Friday,3.69,3,1
CUST_593,Bangalore East,12-3,Monday,1.2,2,0
CUST_594,Bangalore East,12-3,Friday,7.56,2,1
CUST_595,Bangalore South,10-12,Friday,10.7,3,1
CUST_596,Bangalore South,12-3,Thursday,9.37,2,0
CUST_597,Bangalore South,3-5,Thursday,3.96,2,1
CUST_598,Bangalore North,3-5,Friday,1.98,2,0
CUST_599,Bangalore Central,3-5,Thursday,3.18,2,1
CUST_600,Bangalore East,10-12,Friday,13.1,2,1
CUST_601,Bangalore East,10-12,Thursday,11.68,2,1
CUST_602,Bangalore North,10-12,Tuesday,4.0,2,0
CUST_603,Bangalore North,12-3,Thursday,5.51,1,0
CUST_604,Bangalore East,3-5,Tuesday,13.41,2,0
CUST_605,Bangalore South,3-5,Thursday,13.6,2,0
CUST_606,Bangalore South,3-5,Thursday,4.43,2,1
CUST_607,Bangalore South,10-12,Thursday,4.56,3,0
CUST_608,Bangalore North,12-3,Thursday,7.69,3,1
CUST_609,Bangalore Central,10-12,Tuesday,11.3,2,0
CUST_610,Bangalore Central,3-5,Tuesday,6.48,1,0
CUST_611,Bangalore North,10-12,Friday,3.03,1,1
CUST_612,Bangalore East,12-3,Monday,5.09,2,0
CUST_613,Bangalore North,10-12,Thursday,3.35,1,1
CUST_614,Bangalore North,12-3,Thursday,12.04,2,1
CUST_615,Bangalore North,12-3,Friday,12.34,2,1
CUST_616,Bangalore South,12-3,Tuesday,9.63,1,0
CUST_617,Bangalore East,12-3,Friday,12.32,1,0
CUST_618,Bangalore Central,3-5,Monday,1.03,3,0
CUST_619,Bangalore East,3-5,Friday,5.89,1,1
CUST_620,Bangalore South,10-12,Tuesday,8.12,3,0
CUST_621,Bangalore North,12-3,Tuesday,1.52,3,1
CUST_622,Bangalore North,10-12,Tuesday,6.22,2,1
CUST_623,Bangalore South,3-5,Monday,2.65,1,0
CUST_624,Bangalore North,10-12,Friday,2.84,1,0
CUST_625,Bangalore East,3-5,Wednesday,11.38,2,0
CUST_626,Bangalore South,10-12,Friday,13.99,2,1
CUST_627,Bangalore Central,12-3,Thursday,3.11,2,1
CUST_628,Bangalore North,10-12,Monday,13.94,2,0
CUST_629,Bangalore East,3-5,Friday,6.72,2,1
CUST_630,Bangalore South,10-12,Thursday,5.98,2,0
CUST_631,Bangalore Central,3-5,Monday,8.92,1,0
CUST_632,Bangalore East,3-5,Wednesday,11.11,2,1
CUST_633,Bangalore East,3-5,Tuesday,4.59,3,0
CUST_634,Bangalore North,12-3,Friday,11.42,2,0
CUST_635,Bangalore East,3-5,Monday,5.56,3,1
CUST_636,Bangalore East,12-3,Monday,4.49,1,0
CUST_637,Bangalore East,10-12,Thursday,12.56,2,0
CUST_638,Bangalore East,12-3,Friday,6.33,2,1
CUST_639,Bangalore South,10-12,Thursday,13.95,2,0
CUST_640,Bangalore South,12-3,Wednesday,4.92,1,1
CUST_641,Bangalore East,3-5,Monday,8.44,2,1
CUST_642,Bangalore East,10-12,Wednesday,10.43,2,1
CUST_643,Bangalore South,12-3,Thursday,11.31,1,0
CUST_644,Bangalore Central,12-3,Monday,10.1,1,0
CUST_645,Bangalore Central,3-5,Wednesday,8.68,1,1
CUST_646,Bangalore South,3-5,Monday,7.0,1,1
CUST_647,Bangalore Central,10-12,Monday,9.13,3,1
CUST_648,Bangalore North,3-5,Thursday,14.94,3,1
CUST_649,Bangalore East,10-12,Thursday,12.26,1,1
CUST_650,Bangalore Central,3-5,Wednesday,6.75,3,0
CUST_651,Bangalore East,10-12,Monday,9.97,1,0
CUST_652,Bangalore South,10-12,Monday,3.8,2,0
CUST_653,Bangalore East,3-5,Thursday,8.63,2,1
CUST_654,Bangalore South,12-3,Wednesday,13.43,2,0
CUST_655,Bangalore South,10-12,Tuesday,4.01,2,1
CUST_656,Bangalore Central,3-5,Wednesday,7.54,2,1
CUST_657,Bangalore North,12-3,Tuesday,2.14,2,1
CUST_658,Bangalore South,12-3,Thursday,2.58,2,1
CUST_659,Bangalore South,10-12,Monday,13.7,2,1
CUST_660,Bangalore South,10-12,Thursday,14.63,3,0
CUST_661,Bangalore South,12-3,Tuesday,5.54,1,0
CUST_662,Bangalore South,3-5,Friday,14.37,2,0
CUST_663,Bangalore North,12-3,Friday,5.32,2,0
CUST_664,Bangalore North,12-3,Monday,11.75,2,0
CUST_665,Bangalore North,10-12,Thursday,5.2,1,1
CUST_666,Bangalore Central,12-3,Friday,9.23,1,0
CUST_667,Bangalore South,10-12,Thursday,3.25,1,1
CUST_668,Bangalore Central,12-3,Wednesday,4.45,1,0
CUST_669,Bangalore Central,12-3,Tuesday,11.1,2,0
CUST_670,Bangalore North,3-5,Monday,14.82,1,1
CUST_671,Bangalore South,3-5,Friday,9.35,3,1
CUST_672,Bangalore South,10-12,Tuesday,3.3,1,1
CUST_673,Bangalore North,10-12,Friday,4.06,3,0
CUST_674,Bangalore South,10-12,Thursday,12.62,1,1
CUST_675,Bangalore East,10-12,Thursday,12.8,1,1
CUST_676,Bangalore East,3-5,Monday,6.13,1,1
CUST_677,Bangalore South,3-5,Thursday,1.11,2,1
CUST_678,Bangalore Central,10-12,Monday,13.18,2,0
CUST_679,Bangalore South,3-5,Tuesday,14.84,3,1
CUST_680,Bangalore North,10-12,Thursday,14.48,2,1
CUST_681,Bangalore East,3-5,Thursday,2.74,1,0
CUST_682,Bangalore South,10-12,Wednesday,9.44,2,1
CUST_683,Bangalore South,3-5,Friday,1.93,2,0
CUST_684,Bangalore South,3-5,Wednesday,9.93,1,1
CUST_685,Bangalore South,12-3,Monday,9.46,2,0
CUST_686,Bangalore Central,12-3,Thursday,1.46,2,1
CUST_687,Bangalore North,10-12,Monday,5.09,2,1
CUST_688,Bangalore North,3-5,Wednesday,4.22,1,1
CUST_689,Bangalore East,12-3,Thursday,2.87,2,0
CUST_690,Bangalore Central,12-3,Thursday,13.8,2,1
CUST_691,Bangalore East,12-3,Monday,2.96,3,1
CUST_692,Bangalore Central,10-12,Monday,13.89,3,0
CUST_693,Bangalore Central,3-5,Wednesday,14.67,3,1
CUST_694,Bangalore East,10-12,Tuesday,5.7,1,1
CUST_695,Bangalore North,10-12,Monday,10.86,1,0
CUST_696,Bangalore East,3-5,Friday,12.36,2,0
CUST_697,Bangalore North,3-5,Wednesday,13.66,2,1
CUST_698,Bangalore Central,3-5,Wednesday,14.55,3,0
CUST_699,Bangalore South,3-5,Thursday,13.95,2,1
CUST_700,Bangalore North,3-5,Thursday,5.46,2,1
CUST_701,Bangalore East,12-3,Friday,8.32,1,0
CUST_702,Bangalore Central,10-12,Tuesday,7.29,2,0
CUST_703,Bangalore South,10-12,Tuesday,4.25,2,1
CUST_704,Bangalore South,10-12,Thursday,2.64,2,0
CUST_705,Bangalore East,3-5,Thursday,6.83,3,0
CUST_706,Bangalore South,3-5,Thursday,1.49,2,1
CUST_707,Bangalore Central,3-5,Tuesday,11.57,2,1
CUST_708,Bangalore East,12-3,Monday,13.37,2,0
CUST_709,Bangalore Central,12-3,Friday,8.96,1,0
CUST_710,Bangalore East,3-5,Tuesday,5.44,2,1
CUST_711,Bangalore East,12-3,Tuesday,9.78,1,0
CUST_712,Bangalore East,12-3,Monday,9.15,2,0
CUST_713,Bangalore East,12-3,Tuesday,10.02,2,1
CUST_714,Bangalore Central,3-5,Wednesday,6.8,3,1
CUST_715,Bangalore South,10-12,Wednesday,1.69,2,1
CUST_716,Bangalore Central,10-12,Friday,12.84,1,0
CUST_717,Bangalore South,12-3,Thursday,10.79,2,0
CUST_718,Bangalore North,12-3,Monday,4.67,1,0
CUST_719,Bangalore South,12-3,Monday,5.4,3,0
CUST_720,Bangalore East,3-5,Friday,13.56,3,0
CUST_721,Bangalore North,10-12,Monday,4.92,2,1
CUST_722,Bangalore Central,12-3,Wednesday,5.74,1,0
CUST_723,Bangalore East,3-5,Monday,13.48,2,1
CUST_724,Bangalore North,10-12,Friday,12.23,3,1
CUST_725,Bangalore Central,12-3,Thursday,11.64,3,0
CUST_726,Bangalore Central,10-12,Friday,10.48,1,1
CUST_727,Bangalore South,12-3,Monday,4.06,2,1
CUST_728,Bangalore North,3-5,Wednesday,6.06,1,0
CUST_729,Bangalore Central,12-3,Friday,12.51,3,0
CUST_730,Bangalore South,12-3,Wednesday,13.6,2,1
CUST_731,Bangalore East,10-12,Wednesday,5.31,2,0
CUST_732,Bangalore East,3-5,Thursday,11.05,2,0
CUST_733,Bangalore North,3-5,Wednesday,3.42,1,1
CUST_734,Bangalore South,3-5,Wednesday,11.81,2,1
CUST_735,Bangalore Central,3-5,Friday,2.14,2,1
CUST_736,Bangalore North,3-5,Monday,8.64,2,1
CUST_737,Bangalore South,10-12,Monday,6.92,2,0
CUST_738,Bangalore East,10-12,Wednesday,13.63,2,0
CUST_739,Bangalore South,10-12,Thursday,12.51,2,0
CUST_740,Bangalore North,10-12,Tuesday,14.99,1,1
CUST_741,Bangalore East,3-5,Monday,1.26,2,0
CUST_742,Bangalore East,3-5,Thursday,5.99,2,1
CUST_743,Bangalore South,3-5,Thursday,1.41,3,1
CUST_744,Bangalore East,12-3,Tuesday,5.8,2,0
CUST_745,Bangalore East,12-3,Thursday,2.77,2,1
CUST_746,Bangalore South,3-5,Friday,3.32,3,1
CUST_747,Bangalore Central,12-3,Tuesday,10.43,1,1
CUST_748,Bangalore East,10-12,Friday,13.84,2,0
CUST_749,Bangalore North,12-3,Tuesday,4.04,2,0
CUST_750,Bangalore Central,10-12,Monday,4.33,2,1
CUST_751,Bangalore Central,3-5,Friday,11.89,3,0
CUST_752,Bangalore East,12-3,Tuesday,10.5,2,0
CUST_753,Bangalore North,10-12,Tuesday,9.7,1,1
CUST_754,Bangalore East,12-3,Wednesday,12.04,1,1
CUST_755,Bangalore East,12-3,Tuesday,7.76,3,1
CUST_756,Bangalore South,12-3,Friday,14.17,3,1
CUST_757,Bangalore East,12-3,Friday,3.82,1,1
CUST_758,Bangalore East,10-12,Thursday,14.61,2,0
CUST_759,Bangalore East,12-3,Wednesday,7.01,2,1
CUST_760,Bangalore East,3-5,Tuesday,4.87,2,0
CUST_761,Bangalore Central,3-5,Friday,4.68,2,1
CUST_762,Bangalore Central,10-12,Wednesday,12.16,2,0
CUST_763,Bangalore Central,12-3,Wednesday,12.81,2,0
CUST_764,Bangalore East,3-5,Friday,2.66,2,1
CUST_765,Bangalore South,10-12,Tuesday,13.63,1,1
CUST_766,Bangalore Central,12-3,Friday,4.84,2,0
CUST_767,Bangalore Central,10-12,Tuesday,13.44,1,1
CUST_768,Bangalore Central,10-12,Wednesday,1.02,2,0
CUST_769,Bangalore Central,12-3,Thursday,2.18,2,0
CUST_770,Bangalore East,12-3,Wednesday,8.18,1,0
CUST_771,Bangalore North,12-3,Thursday,11.14,2,1
CUST_772,Bangalore North,3-5,Thursday,3.75,1,1
CUST_773,Bangalore Central,10-12,Thursday,14.18,2,1
CUST_774,Bangalore Central,12-3,Friday,5.13,2,1
CUST_775,Bangalore South,3-5,Friday,11.78,2,0
CUST_776,Bangalore Central,10-12,Thursday,9.93,1,1
CUST_777,Bangalore South,10-12,Tuesday,6.74,2,1
CUST_778,Bangalore South,12-3,Thursday,9.33,1,1
CUST_779,Bangalore East,3-5,Tuesday,13.86,1,1
CUST_780,Bangalore Central,12-3,Thursday,14.6,1,1
CUST_781,Bangalore Central,10-12,Tuesday,9.54,2,0
CUST_782,Bangalore South,12-3,Monday,1.07,2,0
CUST_783,Bangalore East,10-12,Friday,3.23,2,0
CUST_784,Bangalore East,12-3,Tuesday,13.95,1,1
CUST_785,Bangalore South,3-5,Monday,14.77,2,0
CUST_786,Bangalore North,10-12,Monday,8.7,2,0
CUST_787,Bangalore East,10-12,Friday,10.19,1,1
CUST_788,Bangalore South,12-3,Thursday,11.02,1,0
CUST_789,Bangalore East,3-5,Tuesday,10.6,3,0
CUST_790,Bangalore East,10-12,Tuesday,5.51,2,1
CUST_791,Bangalore South,12-3,Wednesday,7.29,2,0
CUST_792,Bangalore East,12-3,Friday,12.31,2,0
CUST_793,Bangalore North,12-3,Monday,1.5,1,0
CUST_794,Bangalore Central,3-5,Tuesday,13.14,1,1
CUST_795,Bangalore South,10-12,Wednesday,8.9,1,0
CUST_796,Bangalore South,10-12,Friday,11.55,2,1
CUST_797,Bangalore North,3-5,Wednesday,14.33,2,1
CUST_798,Bangalore North,10-12,Tuesday,11.25,1,1
CUST_799,Bangalore East,10-12,Tuesday,1.04,2,1
CUST_800,Bangalore Central,3-5,Tuesday,14.43,2,1
CUST_801,Bangalore South,3-5,Monday,5.59,2,0
CUST_802,Bangalore South,10-12,Wednesday,3.81,2,0
CUST_803,Bangalore South,10-12,Tuesday,7.7,3,0
CUST_804,Bangalore East,10-12,Monday,9.21,2,0
CUST_805,Bangalore North,3-5,Monday,8.73,1,1
CUST_806,Bangalore North,12-3,Thursday,14.2,3,1
CUST_807,Bangalore Central,3-5,Thursday,14.76,1,0
CUST_808,Bangalore South,12-3,Friday,6.83,2,0
CUST_809,Bangalore South,3-5,Tuesday,10.6,1,1
CUST_810,Bangalore North,10-12,Thursday,13.46,1,0
CUST_811,Bangalore North,10-12,Monday,13.49,2,0
CUST_812,Bangalore North,3-5,Wednesday,8.81,2,0
CUST_813,Bangalore Central,10-12,Wednesday,12.36,3,1
CUST_814,Bangalore South,10-12,Wednesday,2.08,1,0
CUST_815,Bangalore Central,3-5,Thursday,12.49,2,0
CUST_816,Bangalore Central,10-12,Wednesday,13.1,2,0
CUST_817,Bangalore East,12-3,Friday,12.52,3,1
CUST_818,Bangalore Central,12-3,Friday,8.36,3,1
CUST_819,Bangalore North,10-12,Wednesday,9.49,3,1
CUST_820,Bangalore South,3-5,Tuesday,8.41,2,1
CUST_821,Bangalore East,12-3,Friday,2.41,3,0
CUST_822,Bangalore East,3-5,Friday,13.3,2,1
CUST_823,Bangalore North,10-12,Friday,3.68,2,0
CUST_824,Bangalore North,10-12,Wednesday,6.49,1,0
CUST_825,Bangalore Central,10-12,Friday,13.73,3,0
CUST_826,Bangalore South,12-3,Thursday,12.48,2,1
CUST_827,Bangalore Central,3-5,Friday,8.19,1,1
CUST_828,Bangalore South,10-12,Thursday,10.63,2,0
CUST_829,Bangalore North,12-3,Thursday,7.45,2,0
CUST_830,Bangalore East,12-3,Wednesday,6.77,2,0
CUST_831,Bangalore North,12-3,Monday,3.72,2,1
CUST_832,Bangalore North,3-5,Wednesday,3.16,3,1
CUST_833,Bangalore Central,3-5,Friday,6.03,1,1
CUST_834,Bangalore East,3-5,Thursday,12.78,1,1
CUST_835,Bangalore North,3-5,Thursday,8.87,2,0
CUST_836,Bangalore North,12-3,Tuesday,1.87,3,1
CUST_837,Bangalore North,3-5,Wednesday,4.4,2,0
CUST_838,Bangalore East,3-5,Friday,4.24,3,0
CUST_839,Bangalore East,12-3,Thursday,7.03,2,1
CUST_840,Bangalore South,10-12,Friday,1.28,3,1
CUST_841,Bangalore East,10-12,Friday,8.46,2,0
CUST_842,Bangalore South,3-5,Wednesday,11.63,3,1
CUST_843,Bangalore South,12-3,Thursday,4.27,3,0
CUST_844,Bangalore East,12-3,Tuesday,6.22,1,1
CUST_845,Bangalore East,12-3,Tuesday,1.51,3,0
CUST_846,Bangalore East,12-3,Thursday,4.82,1,0
CUST_847,Bangalore East,12-3,Wednesday,9.99,2,1
CUST_848,Bangalore Central,10-12,Monday,13.72,2,0
CUST_849,Bangalore East,3-5,Tuesday,14.33,1,0
CUST_850,Bangalore North,12-3,Friday,2.79,1,1
CUST_851,Bangalore Central,12-3,Wednesday,7.85,2,0
CUST_852,Bangalore North,10-12,Thursday,5.19,2,1
CUST_853,Bangalore North,12-3,Thursday,2.11,1,0
CUST_854,Bangalore South,3-5,Tuesday,5.87,3,0
CUST_855,Bangalore East,3-5,Tuesday,13.61,2,0
CUST_856,Bangalore North,3-5,Wednesday,7.58,2,1
CUST_857,Bangalore North,12-3,Wednesday,8.22,2,1
CUST_858,Bangalore East,12-3,Friday,10.18,2,1
CUST_859,Bangalore South,10-12,Monday,6.55,1,1
CUST_860,Bangalore North,3-5,Tuesday,10.74,3,1
CUST_861,Bangalore Central,10-12,Monday,11.45,2,1
CUST_862,Bangalore Central,10-12,Monday,11.94,2,0
CUST_863,Bangalore Central,10-12,Friday,14.67,2,0
CUST_864,Bangalore East,12-3,Wednesday,4.92,1,0
CUST_865,Bangalore Central,12-3,Friday,1.66,2,1
CUST_866,Bangalore North,12-3,Tuesday,9.27,1,1
CUST_867,Bangalore East,12-3,Tuesday,6.93,1,0
CUST_868,Bangalore South,3-5,Tuesday,13.09,2,0
CUST_869,Bangalore East,10-12,Wednesday,12.99,2,1
CUST_870,Bangalore North,10-12,Thursday,6.53,3,0
CUST_871,Bangalore Central,10-12,Tuesday,7.38,2,0
CUST_872,Bangalore Central,3-5,Wednesday,3.0,2,0
CUST_873,Bangalore North,3-5,Thursday,1.93,2,1
CUST_874,Bangalore North,12-3,Friday,4.38,3,1
CUST_875,Bangalore South,12-3,Tuesday,3.39,1,1
CUST_876,Bangalore North,12-3,Friday,6.53,2,0
CUST_877,Bangalore East,3-5,Monday,11.67,3,0
CUST_878,Bangalore North,3-5,Thursday,11.46,2,1
CUST_879,Bangalore South,12-3,Wednesday,4.67,1,0
CUST_880,Bangalore East,12-3,Wednesday,9.59,1,1
CUST_881,Bangalore South,12-3,Tuesday,1.25,1,0
CUST_882,Bangalore East,10-12,Wednesday,10.35,2,1
CUST_883,Bangalore South,10-12,Tuesday,13.52,3,1
CUST_884,Bangalore Central,3-5,Wednesday,8.86,2,0
CUST_885,Bangalore Central,12-3,Thursday,14.22,3,0
CUST_886,Bangalore East,10-12,Wednesday,13.14,2,0
CUST_887,Bangalore East,3-5,Thursday,10.53,1,0
CUST_888,Bangalore East,3-5,Friday,3.27,2,1
CUST_889,Bangalore Central,10-12,Thursday,13.75,2,0
CUST_890,Bangalore South,12-3,Monday,9.49,3,0
CUST_891,Bangalore Central,12-3,Tuesday,8.28,2,1
CUST_892,Bangalore East,12-3,Tuesday,11.85,1,0
CUST_893,Bangalore East,12-3,Friday,5.65,1,1
CUST_894,Bangalore East,10-12,Wednesday,4.77,3,1
CUST_895,Bangalore Central,10-12,Friday,3.21,1,1
CUST_896,Bangalore South,3-5,Thursday,7.02,2,0
CUST_897,Bangalore East,12-3,Wednesday,1.55,1,1
CUST_898,Bangalore East,10-12,Tuesday,2.54,2,0
CUST_899,Bangalore East,12-3,Monday,12.26,2,0
CUST_900,Bangalore North,3-5,Wednesday,3.74,3,0
CUST_901,Bangalore South,12-3,Tuesday,6.91,1,1
CUST_902,Bangalore South,3-5,Monday,4.09,2,0
CUST_903,Bangalore Central,12-3,Monday,3.93,3,1
CUST_904,Bangalore South,3-5,Monday,8.66,3,0
CUST_905,Bangalore South,3-5,Tuesday,7.52,1,0
CUST_906,Bangalore East,10-12,Tuesday,13.81,2,0
CUST_907,Bangalore Central,12-3,Tuesday,12.09,1,0
CUST_908,Bangalore East,12-3,Thursday,9.18,1,1
CUST_909,Bangalore East,10-12,Thursday,9.51,3,1
CUST_910,Bangalore Central,3-5,Thursday,6.39,1,0
CUST_911,Bangalore North,10-12,Wednesday,2.6,2,0
CUST_912,Bangalore Central,10-12,Monday,2.18,1,0
CUST_913,Bangalore North,12-3,Tuesday,2.9,2,1
CUST_914,Bangalore North,12-3,Wednesday,12.66,2,0
CUST_915,Bangalore East,12-3,Thursday,3.39,2,0
CUST_916,Bangalore South,12-3,Wednesday,3.76,3,1
CUST_917,Bangalore East,3-5,Wednesday,4.05,3,1
CUST_918,Bangalore East,10-12,Thursday,4.73,2,1
CUST_919,Bangalore South,3-5,Friday,5.15,2,0
CUST_920,Bangalore North,12-3,Tuesday,4.82,1,1
CUST_921,Bangalore North,12-3,Friday,1.41,3,0
CUST_922,Bangalore East,10-12,Wednesday,4.25,1,0
CUST_923,Bangalore South,12-3,Monday,11.97,2,0
CUST_924,Bangalore North,10-12,Monday,10.97,2,1
CUST_925,Bangalore East,3-5,Friday,9.72,3,0
CUST_926,Bangalore East,3-5,Wednesday,8.01,1,1
CUST_927,Bangalore South,12-3,Thursday,14.37,1,0
CUST_928,Bangalore South,12-3,Friday,10.64,2,1
CUST_929,Bangalore North,10-12,Tuesday,13.74,2,0
CUST_930,Bangalore East,3-5,Wednesday,10.13,1,0
CUST_931,Bangalore South,10-12,Wednesday,10.02,1,1
CUST_932,Bangalore Central,12-3,Tuesday,5.61,2,0
CUST_933,Bangalore Central,12-3,Thursday,11.08,2,1
CUST_934,Bangalore North,3-5,Monday,9.37,2,1
CUST_935,Bangalore East,3-5,Monday,4.24,2,0
CUST_936,Bangalore North,12-3,Thursday,5.68,2,0
CUST_937,Bangalore South,10-12,Wednesday,1.49,3,0
CUST_938,Bangalore South,12-3,Monday,11.74,3,0
CUST_939,Bangalore East,10-12,Monday,5.76,1,0
CUST_940,Bangalore South,12-3,Tuesday,11.76,1,1
CUST_941,Bangalore East,3-5,Friday,10.6,2,1
CUST_942,Bangalore East,3-5,Monday,11.49,3,1
CUST_943,Bangalore South,3-5,Thursday,7.03,3,0
CUST_944,Bangalore North,10-12,Thursday,9.55,1,1
CUST_945,Bangalore South,3-5,Wednesday,8.6,1,1
CUST_946,Bangalore East,10-12,Thursday,8.32,3,1
CUST_947,Bangalore South,10-12,Friday,8.41,2,0
CUST_948,Bangalore Central,12-3,Tuesday,1.39,1,1
CUST_949,Bangalore North,10-12,Friday,9.57,1,0
CUST_950,Bangalore North,10-12,Monday,1.75,1,1
CUST_951,Bangalore North,12-3,Monday,5.31,1,1
CUST_952,Bangalore Central,10-12,Friday,6.57,3,1
CUST_953,Bangalore North,10-12,Tuesday,11.54,1,1
CUST_954,Bangalore North,10-12,Wednesday,10.64,2,1
CUST_955,Bangalore South,10-12,Wednesday,13.33,1,0
CUST_956,Bangalore North,12-3,Thursday,11.36,3,0
CUST_957,Bangalore East,12-3,Wednesday,8.11,3,0
CUST_958,Bangalore Central,10-12,Tuesday,4.27,2,0
CUST_959,Bangalore Central,12-3,Friday,6.7,2,0
CUST_960,Bangalore North,12-3,Wednesday,6.99,2,1
CUST_961,Bangalore Central,10-12,Wednesday,12.33,1,1
CUST_962,Bangalore South,3-5,Tuesday,14.42,3,0
CUST_963,Bangalore South,10-12,Tuesday,9.93,1,0
CUST_964,Bangalore Central,10-12,Friday,10.83,3,1
CUST_965,Bangalore East,12-3,Monday,5.54,2,1
CUST_966,Bangalore East,10-12,Thursday,8.83,2,0
CUST_967,Bangalore Central,12-3,Monday,11.42,2,1
CUST_968,Bangalore Central,12-3,Friday,14.66,3,1
CUST_969,Bangalore East,3-5,Monday,11.67,1,0
CUST_970,Bangalore East,10-12,Wednesday,8.38,2,0
CUST_971,Bangalore North,12-3,Tuesday,9.29,1,1
CUST_972,Bangalore South,12-3,Monday,3.11,3,0
CUST_973,Bangalore South,3-5,Monday,4.68,2,1
CUST_974,Bangalore South,3-5,Wednesday,10.53,1,1
CUST_975,Bangalore Central,10-12,Thursday,4.04,1,0
CUST_976,Bangalore Central,10-12,Thursday,7.24,3,0
CUST_977,Bangalore North,12-3,Friday,2.35,1,0
CUST_978,Bangalore East,3-5,Tuesday,10.0,1,0
CUST_979,Bangalore South,12-3,Tuesday,2.03,2,1
CUST_980,Bangalore Central,12-3,Thursday,1.44,1,0
CUST_981,Bangalore Central,10-12,Monday,4.45,2,1
CUST_982,Bangalore North,10-12,Tuesday,9.89,3,0
CUST_983,Bangalore Central,10-12,Wednesday,13.52,2,1
CUST_984,Bangalore North,12-3,Wednesday,5.53,2,1
CUST_985,Bangalore East,3-5,Monday,2.71,2,1
CUST_986,Bangalore South,12-3,Friday,8.85,2,1
CUST_987,Bangalore Central,12-3,Tuesday,8.94,3,1
CUST_988,Bangalore South,3-5,Wednesday,7.97,1,0
CUST_989,Bangalore Central,3-5,Thursday,5.08,2,0
CUST_990,Bangalore East,3-5,Friday,14.06,2,1
CUST_991,Bangalore South,12-3,Thursday,12.2,3,1
CUST_992,Bangalore North,3-5,Tuesday,12.85,1,1
CUST_993,Bangalore East,12-3,Wednesday,12.67,2,1
CUST_994,Bangalore Central,10-12,Friday,11.34,2,1
CUST_995,Bangalore Central,3-5,Monday,8.65,3,0
CUST_996,Bangalore North,3-5,Thursday,1.28,1,0
CUST_997,Bangalore Central,10-12,Friday,5.58,1,0
CUST_998,Bangalore North,3-5,Wednesday,6.13,3,0
CUST_999,Bangalore North,12-3,Friday,7.75,1,0
CUST_1000,Bangalore South,12-3,Wednesday,13.84,3,1
CUST_1001,Bangalore South,12-3,Friday,2.33,3,1
CUST_1002,Bangalore North,3-5,Wednesday,7.52,3,1
CUST_1003,Bangalore South,3-5,Monday,11.11,1,1
CUST_1004,Bangalore South,12-3,Wednesday,9.9,1,0
CUST_1005,Bangalore South,10-12,Friday,4.72,1,1
CUST_1006,Bangalore East,3-5,Thursday,12.54,1,0
CUST_1007,Bangalore North,12-3,Friday,4.34,1,0
CUST_1008,Bangalore East,3-5,Tuesday,13.63,2,1
CUST_1009,Bangalore Central,10-12,Monday,10.09,1,1
CUST_1010,Bangalore East,10-12,Thursday,3.7,2,1
CUST_1011,Bangalore North,10-12,Wednesday,2.02,1,0
CUST_1012,Bangalore East,10-12,Tuesday,11.35,2,1
CUST_1013,Bangalore Central,12-3,Tuesday,12.02,3,1
CUST_1014,Bangalore South,10-12,Wednesday,6.28,2,0
CUST_1015,Bangalore East,3-5,Wednesday,9.47,1,0
CUST_1016,Bangalore Central,3-5,Tuesday,1.67,2,0
CUST_1017,Bangalore South,12-3,Monday,14.03,3,0
CUST_1018,Bangalore East,12-3,Wednesday,4.39,2,1
CUST_1019,Bangalore South,3-5,Tuesday,13.38,2,1
CUST_1020,Bangalore South,10-12,Wednesday,3.9,2,1
CUST_1021,Bangalore Central,3-5,Tuesday,6.56,3,1
CUST_1022,Bangalore North,12-3,Thursday,2.88,3,1
CUST_1023,Bangalore North,3-5,Thursday,8.93,2,1
CUST_1024,Bangalore North,3-5,Thursday,9.91,1,0
CUST_1025,Bangalore Central,10-12,Wednesday,13.22,1,0
CUST_1026,Bangalore South,3-5,Tuesday,5.54,2,0
CUST_1027,Bangalore East,12-3,Friday,12.34,2,1
CUST_1028,Bangalore Central,3-5,Tuesday,11.03,2,1
CUST_1029,Bangalore South,10-12,Thursday,6.87,3,0
CUST_1030,Bangalore North,3-5,Wednesday,14.98,1,0
CUST_1031,Bangalore Central,3-5,Wednesday,10.58,1,0
CUST_1032,Bangalore Central,3-5,Wednesday,7.69,2,1
CUST_1033,Bangalore North,3-5,Tuesday,10.01,2,1
CUST_1034,Bangalore East,3-5,Friday,4.86,2,1
CUST_1035,Bangalore North,10-12,Friday,13.12,2,0
CUST_1036,Bangalore North,12-3,Tuesday,1.23,1,0
CUST_1037,Bangalore East,10-12,Friday,2.81,2,1
CUST_1038,Bangalore South,3-5,Tuesday,8.65,1,0
CUST_1039,Bangalore East,10-12,Monday,9.59,2,0
CUST_1040,Bangalore East,12-3,Friday,6.94,1,1
CUST_1041,Bangalore Central,12-3,Friday,6.72,3,0
CUST_1042,Bangalore South,10-12,Friday,6.61,2,1
CUST_1043,Bangalore North,12-3,Thursday,11.87,1,0
CUST_1044,Bangalore South,10-12,Monday,11.11,2,0
CUST_1045,Bangalore East,3-5,Tuesday,13.93,3,0
CUST_1046,Bangalore East,3-5,Friday,4.56,3,1
CUST_1047,Bangalore Central,3-5,Tuesday,10.99,2,1
CUST_1048,Bangalore North,10-12,Wednesday,5.7,3,0
CUST_1049,Bangalore East,12-3,Thursday,13.21,1,1
CUST_1050,Bangalore South,10-12,Friday,10.43,2,1
CUST_1051,Bangalore North,10-12,Thursday,3.96,2,1
CUST_1052,Bangalore East,12-3,Friday,4.38,2,1
CUST_1053,Bangalore East,10-12,Wednesday,13.85,1,0
CUST_1054,Bangalore Central,10-12,Tuesday,9.78,1,1
CUST_1055,Bangalore North,12-3,Thursday,14.71,2,0
CUST_1056,Bangalore Central,3-5,Tuesday,6.79,1,1
CUST_1057,Bangalore North,12-3,Monday,9.32,1,1
CUST_1058,Bangalore East,12-3,Wednesday,2.34,1,1
CUST_1059,Bangalore East,10-12,Friday,5.59,2,1
CUST_1060,Bangalore East,12-3,Wednesday,7.23,1,0
CUST_1061,Bangalore North,3-5,Friday,11.44,2,0
CUST_1062,Bangalore South,10-12,Monday,10.24,3,0
CUST_1063,Bangalore South,12-3,Tuesday,5.47,2,0
CUST_1064,Bangalore South,12-3,Friday,14.34,1,0
CUST_1065,Bangalore Central,3-5,Tuesday,7.66,3,0
CUST_1066,Bangalore North,10-12,Monday,1.32,2,0
CUST_1067,Bangalore East,3-5,Friday,5.56,2,0
CUST_1068,Bangalore Central,3-5,Tuesday,3.37,2,1
CUST_1069,Bangalore Central,12-3,Monday,10.69,1,0
CUST_1070,Bangalore Central,10-12,Tuesday,4.86,1,1
CUST_1071,Bangalore East,3-5,Tuesday,10.85,1,1
CUST_1072,Bangalore Central,3-5,Friday,6.2,3,1
CUST_1073,Bangalore Central,3-5,Monday,3.04,1,1
CUST_1074,Bangalore North,10-12,Thursday,13.12,2,1
CUST_1075,Bangalore South,3-5,Wednesday,11.67,2,1
CUST_1076,Bangalore North,10-12,Tuesday,12.99,2,0
CUST_1077,Bangalore Central,10-12,Thursday,3.58,2,1
CUST_1078,Bangalore Central,3-5,Thursday,3.15,1,1
CUST_1079,Bangalore North,10-12,Tuesday,10.01,2,1
CUST_1080,Bangalore East,12-3,Tuesday,9.75,3,1
CUST_1081,Bangalore North,3-5,Monday,11.72,3,1
CUST_1082,Bangalore South,3-5,Thursday,7.06,1,1
CUST_1083,Bangalore East,12-3,Monday,6.29,3,0
CUST_1084,Bangalore East,12-3,Wednesday,8.5,2,0
CUST_1085,Bangalore Central,3-5,Wednesday,5.36,3,1
CUST_1086,Bangalore East,12-3,Tuesday,14.64,2,1
CUST_1087,Bangalore Central,10-12,Friday,2.97,2,1
CUST_1088,Bangalore South,10-12,Friday,7.14,3,1
CUST_1089,Bangalore East,12-3,Thursday,7.18,2,0
CUST_1090,Bangalore Central,10-12,Thursday,7.7,3,0
CUST_1091,Bangalore North,10-12,Monday,10.61,2,1
CUST_1092,Bangalore Central,3-5,Wednesday,6.38,3,1
CUST_1093,Bangalore East,12-3,Wednesday,6.15,1,0
CUST_1094,Bangalore South,10-12,Wednesday,11.36,3,1
CUST_1095,Bangalore South,12-3,Thursday,10.39,1,0
CUST_1096,Bangalore Central,12-3,Friday,3.72,2,0
CUST_1097,Bangalore East,12-3,Thursday,6.41,1,1
CUST_1098,Bangalore North,10-12,Friday,1.81,2,1
CUST_1099,Bangalore South,10-12,Monday,7.15,2,0
CUST_1100,Bangalore South,12-3,Friday,13.25,2,1
CUST_1101,Bangalore South,10-12,Friday,5.53,1,1
CUST_1102,Bangalore Central,12-3,Friday,3.06,2,1
CUST_1103,Bangalore Central,3-5,Thursday,13.21,1,1
CUST_1104,Bangalore North,12-3,Thursday,12.05,1,1
CUST_1105,Bangalore Central,10-12,Wednesday,8.26,2,1
CUST_1106,Bangalore South,12-3,Friday,5.22,3,1
CUST_1107,Bangalore North,12-3,Tuesday,2.68,1,0
CUST_1108,Bangalore Central,12-3,Wednesday,10.21,1,0
CUST_1109,Bangalore Central,3-5,Wednesday,11.98,3,0
CUST_1110,Bangalore North,3-5,Thursday,11.48,2,0
CUST_1111,Bangalore East,10-12,Monday,6.39,1,1
CUST_1112,Bangalore East,3-5,Wednesday,1.95,1,1
CUST_1113,Bangalore Central,12-3,Tuesday,3.97,2,0
CUST_1114,Bangalore Central,10-12,Thursday,6.01,1,0
CUST_1115,Bangalore North,12-3,Thursday,13.34,1,0
CUST_1116,Bangalore North,3-5,Thursday,11.03,3,1
CUST_1117,Bangalore South,12-3,Thursday,12.1,1,1
CUST_1118,Bangalore North,12-3,Monday,8.25,3,1
CUST_1119,Bangalore North,3-5,Wednesday,10.65,2,0
CUST_1120,Bangalore Central,3-5,Monday,9.02,1,0
CUST_1121,Bangalore Central,12-3,Friday,3.36,1,0
CUST_1122,Bangalore East,3-5,Tuesday,3.27,1,0
CUST_1123,Bangalore South,3-5,Friday,10.98,1,1
CUST_1124,Bangalore Central,12-3,Friday,9.04,2,1
CUST_1125,Bangalore North,12-3,Monday,5.04,1,1
CUST_1126,Bangalore North,10-12,Friday,5.52,1,0
CUST_1127,Bangalore South,12-3,Monday,9.47,2,1
CUST_1128,Bangalore South,12-3,Friday,1.36,3,1
CUST_1129,Bangalore South,10-12,Thursday,14.57,1,1
CUST_1130,Bangalore East,3-5,Monday,12.05,2,1
CUST_1131,Bangalore North,12-3,Tuesday,12.4,3,1
CUST_1132,Bangalore North,12-3,Friday,3.89,2,1
CUST_1133,Bangalore North,3-5,Tuesday,3.88,2,1
CUST_1134,Bangalore Central,3-5,Monday,14.24,3,0
CUST_1135,Bangalore South,12-3,Thursday,11.84,3,0
CUST_1136,Bangalore South,12-3,Wednesday,8.9,3,1
CUST_1137,Bangalore South,3-5,Monday,9.22,2,1
CUST_1138,Bangalore North,12-3,Friday,14.04,2,1
CUST_1139,Bangalore North,12-3,Monday,5.05,1,0
CUST_1140,Bangalore Central,3-5,Tuesday,9.15,1,1
CUST_1141,Bangalore South,10-12,Thursday,1.57,1,1
CUST_1142,Bangalore Central,12-3,Wednesday,3.95,1,0
CUST_1143,Bangalore Central,10-12,Wednesday,7.14,2,1
CUST_1144,Bangalore North,12-3,Wednesday,1.47,1,1
CUST_1145,Bangalore South,12-3,Monday,11.4,1,0
CUST_1146,Bangalore North,3-5,Wednesday,8.68,3,0
CUST_1147,Bangalore South,3-5,Friday,5.54,1,0
CUST_1148,Bangalore East,10-12,Monday,6.43,1,0
CUST_1149,Bangalore East,12-3,Tuesday,3.17,2,1
CUST_1150,Bangalore North,10-12,Tuesday,1.56,2,1
CUST_1151,Bangalore North,10-12,Friday,6.86,2,1
CUST_1152,Bangalore North,10-12,Monday,7.84,2,0
CUST_1153,Bangalore South,10-12,Friday,6.32,2,0
CUST_1154,Bangalore Central,3-5,Wednesday,13.87,2,1
CUST_1155,Bangalore Central,3-5,Friday,3.55,2,0
CUST_1156,Bangalore East,3-5,Wednesday,14.47,2,0
CUST_1157,Bangalore East,12-3,Thursday,11.51,2,1
CUST_1158,Bangalore South,10-12,Friday,1.75,2,1
CUST_1159,Bangalore Central,10-12,Tuesday,10.31,2,0
CUST_1160,Bangalore South,3-5,Monday,13.31,3,0
CUST_1161,Bangalore North,3-5,Monday,4.36,2,0
CUST_1162,Bangalore North,12-3,Monday,2.36,3,0
CUST_1163,Bangalore East,10-12,Monday,8.01,1,0
CUST_1164,Bangalore South,10-12,Thursday,12.23,1,1
CUST_1165,Bangalore North,10-12,Friday,8.22,2,0
CUST_1166,Bangalore East,10-12,Friday,4.82,2,1
CUST_1167,Bangalore South,10-12,Wednesday,4.04,1,0
CUST_1168,Bangalore North,12-3,Tuesday,7.92,2,0
CUST_1169,Bangalore North,10-12,Tuesday,3.56,1,0
CUST_1170,Bangalore South,12-3,Thursday,9.66,3,0
CUST_1171,Bangalore Central,12-3,Tuesday,2.29,2,1
CUST_1172,Bangalore Central,12-3,Thursday,11.48,3,0
CUST_1173,Bangalore North,10-12,Wednesday,9.37,1,0
CUST_1174,Bangalore South,3-5,Tuesday,13.21,2,0
CUST_1175,Bangalore East,12-3,Friday,14.25,3,0
CUST_1176,Bangalore South,12-3,Thursday,5.02,2,0
CUST_1177,Bangalore North,10-12,Thursday,2.52,2,1
CUST_1178,Bangalore North,12-3,Wednesday,6.96,2,0
CUST_1179,Bangalore Central,12-3,Tuesday,7.06,3,1
CUST_1180,Bangalore South,10-12,Monday,8.46,1,1
CUST_1181,Bangalore South,3-5,Thursday,12.22,3,1
CUST_1182,Bangalore North,12-3,Thursday,1.8,2,0
CUST_1183,Bangalore South,12-3,Friday,5.69,2,1
CUST_1184,Bangalore Central,10-12,Thursday,7.41,2,1
CUST_1185,Bangalore Central,3-5,Monday,14.36,3,1
CUST_1186,Bangalore North,12-3,Wednesday,14.94,2,0
CUST_1187,Bangalore South,10-12,Thursday,12.05,2,0
CUST_1188,Bangalore Central,10-12,Tuesday,14.26,1,0
CUST_1189,Bangalore East,3-5,Tuesday,6.21,2,0
CUST_1190,Bangalore North,12-3,Wednesday,11.67,1,1
CUST_1191,Bangalore South,3-5,Thursday,4.57,2,1
CUST_1192,Bangalore North,3-5,Tuesday,6.96,1,1
CUST_1193,Bangalore North,10-12,Tuesday,8.64,2,0
CUST_1194,Bangalore South,10-12,Friday,13.26,2,0
CUST_1195,Bangalore South,3-5,Friday,12.04,2,0
CUST_1196,Bangalore North,12-3,Thursday,14.47,1,0
CUST_1197,Bangalore South,12-3,Monday,8.56,2,1
CUST_1198,Bangalore South,10-12,Wednesday,4.04,2,0
CUST_1199,Bangalore Central,3-5,Friday,1.09,2,0
CUST_1200,Bangalore North,10-12,Friday,11.73,2,0
CUST_1201,Bangalore East,12-3,Friday,10.98,2,0
CUST_1202,Bangalore North,10-12,Tuesday,2.73,1,1
CUST_1203,Bangalore North,10-12,Wednesday,8.82,3,0
CUST_1204,Bangalore East,10-12,Wednesday,9.32,3,0
CUST_1205,Bangalore North,3-5,Wednesday,14.3,1,0
CUST_1206,Bangalore North,10-12,Tuesday,14.0,2,0
CUST_1207,Bangalore East,3-5,Wednesday,4.59,1,0
CUST_1208,Bangalore South,10-12,Thursday,7.97,2,0
CUST_1209,Bangalore South,10-12,Friday,7.87,2,0
CUST_1210,Bangalore North,10-12,Monday,12.74,2,1
CUST_1211,Bangalore Central,10-12,Friday,6.57,2,0
CUST_1212,Bangalore East,10-12,Tuesday,11.34,1,0
CUST_1213,Bangalore South,3-5,Thursday,11.46,1,1
CUST_1214,Bangalore North,10-12,Monday,9.19,2,1
CUST_1215,Bangalore East,10-12,Tuesday,14.0,2,0
CUST_1216,Bangalore South,12-3,Monday,13.34,2,0
CUST_1217,Bangalore East,12-3,Monday,7.44,3,0
CUST_1218,Bangalore South,12-3,Friday,10.38,2,1
CUST_1219,Bangalore Central,12-3,Thursday,7.45,1,0
CUST_1220,Bangalore East,10-12,Tuesday,8.68,2,1
CUST_1221,Bangalore South,12-3,Wednesday,7.89,1,0
CUST_1222,Bangalore East,12-3,Friday,3.69,2,0
CUST_1223,Bangalore South,10-12,Thursday,13.64,3,1
CUST_1224,Bangalore Central,12-3,Thursday,2.53,2,0
CUST_1225,Bangalore South,3-5,Wednesday,6.35,3,1
CUST_1226,Bangalore East,12-3,Wednesday,14.99,1,1
CUST_1227,Bangalore North,3-5,Tuesday,4.08,2,1
CUST_1228,Bangalore Central,10-12,Tuesday,2.79,1,1
CUST_1229,Bangalore East,3-5,Monday,9.2,1,0
CUST_1230,Bangalore Central,10-12,Thursday,11.76,1,1
CUST_1231,Bangalore North,12-3,Thursday,1.69,1,1
CUST_1232,Bangalore Central,10-12,Monday,13.78,3,1
CUST_1233,Bangalore East,3-5,Monday,14.38,2,0
CUST_1234,Bangalore South,10-12,Monday,14.6,1,0
CUST_1235,Bangalore Central,3-5,Friday,11.16,2,0
CUST_1236,Bangalore Central,12-3,Monday,4.15,2,1
CUST_1237,Bangalore South,12-3,Monday,4.74,1,0
CUST_1238,Bangalore Central,3-5,Monday,5.39,2,1
CUST_1239,Bangalore North,10-12,Thursday,11.21,3,1
CUST_1240,Bangalore North,12-3,Monday,13.54,3,1
CUST_1241,Bangalore Central,3-5,Thursday,4.03,2,0
CUST_1242,Bangalore East,10-12,Monday,5.49,3,0
CUST_1243,Bangalore North,10-12,Friday,9.25,2,0
CUST_1244,Bangalore South,3-5,Wednesday,1.9,1,0
CUST_1245,Bangalore South,3-5,Monday,1.02,2,0
CUST_1246,Bangalore Central,3-5,Tuesday,10.06,2,1
CUST_1247,Bangalore Central,3-5,Friday,11.66,1,0
CUST_1248,Bangalore North,10-12,Friday,7.45,1,0
CUST_1249,Bangalore North,3-5,Monday,5.63,2,0
CUST_1250,Bangalore North,12-3,Monday,13.46,1,1
CUST_1251,Bangalore North,12-3,Tuesday,4.29,2,0
CUST_1252,Bangalore Central,3-5,Thursday,3.12,2,1
CUST_1253,Bangalore North,10-12,Tuesday,5.5,2,0
CUST_1254,Bangalore South,10-12,Monday,2.14,2,0
CUST_1255,Bangalore South,10-12,Thursday,5.93,1,1
CUST_1256,Bangalore South,3-5,Tuesday,10.12,2,0
CUST_1257,Bangalore North,10-12,Tuesday,3.68,2,1
CUST_1258,Bangalore South,3-5,Tuesday,12.57,2,0
CUST_1259,Bangalore East,3-5,Wednesday,12.91,2,1
CUST_1260,Bangalore Central,12-3,Wednesday,13.95,1,1
CUST_1261,Bangalore East,12-3,Tuesday,10.36,2,0
CUST_1262,Bangalore Central,3-5,Friday,9.51,2,1
CUST_1263,Bangalore Central,12-3,Wednesday,12.66,2,0
CUST_1264,Bangalore East,12-3,Monday,1.44,1,0
CUST_1265,Bangalore Central,10-12,Monday,14.62,3,1
CUST_1266,Bangalore Central,3-5,Friday,2.88,2,0
CUST_1267,Bangalore North,3-5,Friday,12.37,3,0
CUST_1268,Bangalore Central,12-3,Thursday,6.49,3,0
CUST_1269,Bangalore South,12-3,Monday,2.36,2,0
CUST_1270,Bangalore Central,12-3,Monday,8.35,2,1
CUST_1271,Bangalore North,10-12,Wednesday,14.58,1,1
CUST_1272,Bangalore North,12-3,Tuesday,9.98,1,0
CUST_1273,Bangalore South,12-3,Friday,5.1,1,0
CUST_1274,Bangalore East,12-3,Tuesday,11.61,2,1
CUST_1275,Bangalore South,3-5,Thursday,11.87,2,0
CUST_1276,Bangalore North,12-3,Wednesday,9.58,2,1
CUST_1277,Bangalore Central,3-5,Tuesday,6.21,1,1
CUST_1278,Bangalore Central,3-5,Thursday,6.57,2,1
CUST_1279,Bangalore Central,3-5,Wednesday,2.25,2,0
CUST_1280,Bangalore North,12-3,Wednesday,4.93,2,0
CUST_1281,Bangalore North,12-3,Thursday,2.39,2,1
CUST_1282,Bangalore Central,10-12,Thursday,14.62,2,0
CUST_1283,Bangalore North,10-12,Monday,5.36,2,0
CUST_1284,Bangalore Central,10-12,Friday,4.21,2,1
CUST_1285,Bangalore Central,10-12,Thursday,14.38,2,1
CUST_1286,Bangalore East,10-12,Thursday,12.51,1,1
CUST_1287,Bangalore East,3-5,Tuesday,12.0,1,0
CUST_1288,Bangalore South,3-5,Thursday,11.57,2,0
CUST_1289,Bangalore South,3-5,Wednesday,6.79,2,0
CUST_1290,Bangalore South,12-3,Monday,8.16,1,0
CUST_1291,Bangalore North,3-5,Friday,4.42,1,0
CUST_1292,Bangalore East,3-5,Friday,14.31,2,1
CUST_1293,Bangalore East,12-3,Monday,10.53,3,1
CUST_1294,Bangalore Central,10-12,Wednesday,9.23,2,0
CUST_1295,Bangalore South,3-5,Thursday,10.53,2,1
CUST_1296,Bangalore South,10-12,Tuesday,14.39,2,0
CUST_1297,Bangalore Central,12-3,Friday,12.76,1,0
CUST_1298,Bangalore South,3-5,Tuesday,10.68,1,1
CUST_1299,Bangalore East,10-12,Monday,12.8,1,1
CUST_1300,Bangalore Central,10-12,Tuesday,3.38,2,1
CUST_1301,Bangalore North,12-3,Wednesday,4.59,1,0
CUST_1302,Bangalore Central,3-5,Wednesday,11.72,3,0
CUST_1303,Bangalore South,10-12,Tuesday,2.34,1,0
CUST_1304,Bangalore North,10-12,Tuesday,1.99,2,0
CUST_1305,Bangalore North,12-3,Wednesday,1.59,3,1
CUST_1306,Bangalore North,3-5,Monday,3.51,2,1
CUST_1307,Bangalore South,12-3,Friday,1.13,2,0
CUST_1308,Bangalore South,3-5,Thursday,1.4,2,1
CUST_1309,Bangalore North,3-5,Friday,13.95,2,0
CUST_1310,Bangalore East,10-12,Wednesday,6.62,1,1
CUST_1311,Bangalore North,10-12,Tuesday,9.34,1,0
CUST_1312,Bangalore Central,3-5,Wednesday,5.53,2,1
CUST_1313,Bangalore Central,12-3,Friday,12.41,1,1
CUST_1314,Bangalore North,12-3,Wednesday,5.08,2,1
CUST_1315,Bangalore Central,12-3,Tuesday,7.85,3,1
CUST_1316,Bangalore East,10-12,Monday,4.44,3,0
CUST_1317,Bangalore East,10-12,Wednesday,7.68,2,1
CUST_1318,Bangalore Central,12-3,Friday,10.09,1,1
CUST_1319,Bangalore South,10-12,Monday,1.7,1,0
CUST_1320,Bangalore East,12-3,Monday,10.67,1,0
CUST_1321,Bangalore North,12-3,Friday,3.22,2,1
CUST_1322,Bangalore Central,3-5,Monday,2.49,1,1
CUST_1323,Bangalore Central,12-3,Tuesday,9.44,2,0
CUST_1324,Bangalore Central,10-12,Friday,1.57,2,0
CUST_1325,Bangalore East,3-5,Wednesday,5.17,1,0
CUST_1326,Bangalore South,3-5,Thursday,14.93,2,0
CUST_1327,Bangalore East,12-3,Thursday,8.89,1,1
CUST_1328,Bangalore East,12-3,Tuesday,3.12,3,0
CUST_1329,Bangalore South,12-3,Wednesday,12.7,3,0
CUST_1330,Bangalore East,10-12,Wednesday,4.75,1,0
CUST_1331,Bangalore South,12-3,Friday,4.51,3,1
CUST_1332,Bangalore East,10-12,Friday,3.57,2,0
CUST_1333,Bangalore Central,3-5,Friday,1.22,2,1
CUST_1334,Bangalore South,3-5,Thursday,1.02,2,1
CUST_1335,Bangalore East,12-3,Tuesday,10.45,2,1
CUST_1336,Bangalore South,12-3,Friday,3.64,3,0
CUST_1337,Bangalore South,10-12,Thursday,11.83,2,0
CUST_1338,Bangalore Central,3-5,Friday,2.65,2,0
CUST_1339,Bangalore North,3-5,Tuesday,8.71,1,0
CUST_1340,Bangalore North,3-5,Tuesday,13.09,2,1
CUST_1341,Bangalore North,3-5,Thursday,1.84,2,0
CUST_1342,Bangalore South,10-12,Friday,1.56,2,0
CUST_1343,Bangalore Central,10-12,Wednesday,11.32,2,0
CUST_1344,Bangalore Central,3-5,Thursday,1.52,3,1
CUST_1345,Bangalore East,3-5,Thursday,9.98,1,0
CUST_1346,Bangalore North,12-3,Tuesday,3.58,1,1
CUST_1347,Bangalore North,3-5,Monday,12.67,3,1
CUST_1348,Bangalore South,3-5,Tuesday,4.49,1,1
CUST_1349,Bangalore North,10-12,Thursday,8.61,2,1
CUST_1350,Bangalore South,12-3,Wednesday,2.99,2,1
CUST_1351,Bangalore North,10-12,Tuesday,6.93,2,1
CUST_1352,Bangalore North,3-5,Tuesday,12.99,1,1
CUST_1353,Bangalore North,3-5,Monday,14.13,2,0
CUST_1354,Bangalore South,3-5,Thursday,14.58,3,1
CUST_1355,Bangalore East,10-12,Friday,14.7,2,1
CUST_1356,Bangalore Central,10-12,Tuesday,14.64,3,0
CUST_1357,Bangalore North,3-5,Friday,8.41,2,1
CUST_1358,Bangalore South,12-3,Monday,4.74,2,1
CUST_1359,Bangalore East,3-5,Friday,3.12,3,1
CUST_1360,Bangalore South,12-3,Friday,8.98,2,1
CUST_1361,Bangalore Central,3-5,Tuesday,8.9,2,0
CUST_1362,Bangalore South,3-5,Friday,1.28,1,0
CUST_1363,Bangalore Central,12-3,Monday,2.65,1,1
CUST_1364,Bangalore North,10-12,Wednesday,13.29,3,0
CUST_1365,Bangalore East,3-5,Tuesday,12.58,2,1
CUST_1366,Bangalore North,3-5,Wednesday,11.68,2,0
CUST_1367,Bangalore East,3-5,Friday,4.41,2,1
CUST_1368,Bangalore Central,12-3,Wednesday,1.77,2,1
CUST_1369,Bangalore North,3-5,Monday,13.46,2,0
CUST_1370,Bangalore North,12-3,Monday,14.01,2,1
CUST_1371,Bangalore North,3-5,Monday,10.99,1,0
CUST_1372,Bangalore South,10-12,Tuesday,4.81,2,0
CUST_1373,Bangalore East,12-3,Friday,6.33,2,1
CUST_1374,Bangalore South,3-5,Friday,2.43,1,1
CUST_1375,Bangalore North,12-3,Wednesday,5.22,2,0
CUST_1376,Bangalore East,3-5,Tuesday,10.96,2,0
CUST_1377,Bangalore East,12-3,Wednesday,7.79,3,0
CUST_1378,Bangalore Central,10-12,Monday,8.54,1,0
CUST_1379,Bangalore South,12-3,Tuesday,8.02,1,0
CUST_1380,Bangalore South,12-3,Thursday,5.09,1,0
CUST_1381,Bangalore North,3-5,Friday,1.99,2,0
CUST_1382,Bangalore North,3-5,Monday,7.11,2,0
CUST_1383,Bangalore South,10-12,Monday,2.41,2,0
CUST_1384,Bangalore East,10-12,Friday,8.1,3,1
CUST_1385,Bangalore Central,3-5,Thursday,13.25,1,0
CUST_1386,Bangalore South,10-12,Friday,14.73,2,0
CUST_1387,Bangalore Central,12-3,Monday,2.09,2,1
CUST_1388,Bangalore North,10-12,Tuesday,8.73,2,1
CUST_1389,Bangalore North,3-5,Wednesday,6.24,2,0
CUST_1390,Bangalore North,3-5,Wednesday,1.44,3,1
CUST_1391,Bangalore East,3-5,Monday,2.01,1,1
CUST_1392,Bangalore Central,12-3,Thursday,12.21,2,1
CUST_1393,Bangalore Central,3-5,Friday,7.47,2,1
CUST_1394,Bangalore East,12-3,Thursday,3.0,2,0
CUST_1395,Bangalore North,3-5,Friday,7.57,2,1
CUST_1396,Bangalore East,12-3,Monday,11.43,2,1
CUST_1397,Bangalore South,12-3,Wednesday,9.25,1,0
CUST_1398,Bangalore North,10-12,Friday,5.86,3,0
CUST_1399,Bangalore North,3-5,Tuesday,5.06,1,0
CUST_1400,Bangalore North,12-3,Friday,12.44,3,0
CUST_1401,Bangalore South,3-5,Thursday,12.7,1,0
CUST_1402,Bangalore East,12-3,Wednesday,9.18,2,0
CUST_1403,Bangalore South,3-5,Thursday,14.54,3,1
CUST_1404,Bangalore Central,12-3,Wednesday,14.38,3,1
CUST_1405,Bangalore East,10-12,Thursday,1.37,1,0
CUST_1406,Bangalore South,10-12,Monday,2.35,3,0
CUST_1407,Bangalore East,3-5,Monday,10.12,3,0
CUST_1408,Bangalore East,12-3,Friday,4.56,1,1
CUST_1409,Bangalore South,3-5,Friday,13.68,1,1
CUST_1410,Bangalore South,3-5,Friday,4.11,1,0
CUST_1411,Bangalore East,10-12,Wednesday,5.12,1,1
CUST_1412,Bangalore Central,12-3,Thursday,7.24,2,0
CUST_1413,Bangalore Central,12-3,Thursday,4.07,2,0
CUST_1414,Bangalore South,12-3,Friday,5.33,2,1
CUST_1415,Bangalore Central,12-3,Thursday,9.08,3,0
CUST_1416,Bangalore Central,12-3,Tuesday,11.52,2,1
CUST_1417,Bangalore South,10-12,Friday,9.57,3,1
CUST_1418,Bangalore South,3-5,Thursday,3.85,2,0
CUST_1419,Bangalore East,12-3,Friday,9.04,1,0
CUST_1420,Bangalore South,3-5,Wednesday,11.42,1,1
CUST_1421,Bangalore South,12-3,Monday,6.87,1,0
CUST_1422,Bangalore East,12-3,Tuesday,13.53,3,0
CUST_1423,Bangalore South,12-3,Friday,14.28,1,1
CUST_1424,Bangalore East,12-3,Monday,12.85,3,0
CUST_1425,Bangalore South,3-5,Wednesday,11.2,2,0
CUST_1426,Bangalore South,10-12,Tuesday,3.23,2,0
CUST_1427,Bangalore North,10-12,Friday,8.57,1,1
CUST_1428,Bangalore North,10-12,Wednesday,6.72,3,1
CUST_1429,Bangalore South,3-5,Friday,10.77,2,1
CUST_1430,Bangalore Central,3-5,Friday,10.73,1,1
CUST_1431,Bangalore North,12-3,Thursday,14.75,1,1
CUST_1432,Bangalore North,12-3,Friday,14.76,2,0
CUST_1433,Bangalore East,12-3,Wednesday,13.72,2,1
CUST_1434,Bangalore South,10-12,Friday,13.43,2,0
CUST_1435,Bangalore Central,3-5,Tuesday,7.67,2,1
CUST_1436,Bangalore Central,3-5,Friday,6.72,2,1
CUST_1437,Bangalore Central,3-5,Tuesday,2.72,1,0
CUST_1438,Bangalore South,10-12,Tuesday,12.49,2,1
CUST_1439,Bangalore South,12-3,Tuesday,7.05,2,0
CUST_1440,Bangalore Central,12-3,Thursday,8.23,2,0
CUST_1441,Bangalore South,12-3,Wednesday,7.69,1,1
CUST_1442,Bangalore Central,3-5,Wednesday,9.55,2,1
CUST_1443,Bangalore Central,12-3,Monday,4.3,3,1
CUST_1444,Bangalore North,3-5,Wednesday,5.74,1,0
CUST_1445,Bangalore East,12-3,Tuesday,9.54,2,0
CUST_1446,Bangalore Central,12-3,Wednesday,12.89,2,0
CUST_1447,Bangalore East,3-5,Thursday,1.5,1,0
CUST_1448,Bangalore South,3-5,Monday,6.96,2,0
CUST_1449,Bangalore South,3-5,Tuesday,8.76,2,0
CUST_1450,Bangalore North,10-12,Tuesday,12.19,1,1
CUST_1451,Bangalore South,10-12,Thursday,11.79,2,1
CUST_1452,Bangalore North,12-3,Wednesday,5.97,2,1
CUST_1453,Bangalore North,10-12,Thursday,1.96,2,1
CUST_1454,Bangalore South,12-3,Tuesday,1.77,2,1
CUST_1455,Bangalore Central,3-5,Friday,5.23,3,1
CUST_1456,Bangalore South,10-12,Wednesday,9.32,2,1
CUST_1457,Bangalore East,12-3,Friday,6.43,3,1
CUST_1458,Bangalore South,3-5,Thursday,13.46,1,0
CUST_1459,Bangalore East,3-5,Tuesday,8.67,1,0
CUST_1460,Bangalore South,10-12,Friday,1.78,3,0
CUST_1461,Bangalore East,12-3,Thursday,5.72,2,1
CUST_1462,Bangalore East,12-3,Monday,4.23,3,0
CUST_1463,Bangalore South,12-3,Thursday,5.65,2,0
CUST_1464,Bangalore North,10-12,Wednesday,10.34,2,1
CUST_1465,Bangalore South,3-5,Friday,12.97,2,0
CUST_1466,Bangalore East,3-5,Friday,8.21,1,0
CUST_1467,Bangalore Central,3-5,Monday,4.95,2,1
CUST_1468,Bangalore East,10-12,Monday,12.52,2,1
CUST_1469,Bangalore North,12-3,Thursday,9.81,2,0
CUST_1470,Bangalore North,3-5,Friday,3.67,1,1
CUST_1471,Bangalore Central,3-5,Monday,7.79,2,1
CUST_1472,Bangalore South,10-12,Monday,11.29,1,0
CUST_1473,Bangalore North,12-3,Monday,9.15,1,0
CUST_1474,Bangalore East,10-12,Friday,6.74,2,1
CUST_1475,Bangalore North,10-12,Friday,10.29,1,0
CUST_1476,Bangalore North,12-3,Wednesday,8.71,1,1
CUST_1477,Bangalore North,10-12,Thursday,12.06,1,1
CUST_1478,Bangalore East,10-12,Thursday,6.55,2,0
CUST_1479,Bangalore North,12-3,Friday,5.08,2,0
CUST_1480,Bangalore East,3-5,Monday,8.57,3,0
CUST_1481,Bangalore East,3-5,Tuesday,5.34,2,1
CUST_1482,Bangalore East,12-3,Tuesday,2.74,2,1
CUST_1483,Bangalore Central,12-3,Wednesday,7.43,1,0
CUST_1484,Bangalore South,3-5,Thursday,14.52,1,1
CUST_1485,Bangalore Central,3-5,Monday,3.15,1,0
CUST_1486,Bangalore North,12-3,Wednesday,11.86,2,1
CUST_1487,Bangalore South,12-3,Wednesday,8.97,1,0
CUST_1488,Bangalore East,10-12,Friday,2.24,2,0
CUST_1489,Bangalore Central,10-12,Wednesday,4.01,1,0
CUST_1490,Bangalore Central,10-12,Friday,12.17,2,1
CUST_1491,Bangalore East,3-5,Monday,2.69,1,1
CUST_1492,Bangalore East,10-12,Friday,5.23,1,1
CUST_1493,Bangalore South,10-12,Monday,4.49,3,0
CUST_1494,Bangalore South,3-5,Tuesday,11.66,3,0
CUST_1495,Bangalore Central,3-5,Monday,11.86,2,0
CUST_1496,Bangalore North,12-3,Wednesday,7.85,1,1
CUST_1497,Bangalore North,12-3,Wednesday,5.82,1,0
CUST_1498,Bangalore South,12-3,Friday,1.31,2,1
CUST_1499,Bangalore North,10-12,Thursday,10.08,2,1
CUST_1500,Bangalore Central,10-12,Thursday,8.41,2,0
CUST_1501,Bangalore East,10-12,Wednesday,6.24,2,1
CUST_1502,Bangalore South,12-3,Wednesday,7.38,2,0
CUST_1503,Bangalore East,3-5,Friday,1.49,1,1
CUST_1504,Bangalore North,12-3,Monday,10.66,3,0
CUST_1505,Bangalore South,3-5,Wednesday,13.85,1,1
CUST_1506,Bangalore North,12-3,Thursday,8.68,1,0
CUST_1507,Bangalore Central,12-3,Wednesday,9.47,1,0
CUST_1508,Bangalore Central,3-5,Wednesday,9.33,1,0
CUST_1509,Bangalore South,3-5,Thursday,5.97,2,1
CUST_1510,Bangalore North,12-3,Tuesday,10.57,3,0
CUST_1511,Bangalore North,10-12,Wednesday,6.31,2,1
CUST_1512,Bangalore South,12-3,Thursday,11.34,1,0
CUST_1513,Bangalore South,12-3,Friday,3.59,2,1
CUST_1514,Bangalore Central,10-12,Friday,4.17,3,1
CUST_1515,Bangalore East,12-3,Thursday,12.59,2,1
CUST_1516,Bangalore North,3-5,Friday,3.82,2,0
CUST_1517,Bangalore East,12-3,Thursday,3.46,1,0
CUST_1518,Bangalore South,12-3,Monday,1.72,2,1
CUST_1519,Bangalore Central,12-3,Friday,13.4,2,1
CUST_1520,Bangalore South,12-3,Thursday,7.39,2,0
CUST_1521,Bangalore East,3-5,Thursday,6.31,2,1
CUST_1522,Bangalore South,12-3,Friday,9.81,3,1
CUST_1523,Bangalore East,12-3,Tuesday,11.74,2,0
CUST_1524,Bangalore North,12-3,Friday,3.97,3,0
CUST_1525,Bangalore North,3-5,Tuesday,6.6,1,0
CUST_1526,Bangalore Central,12-3,Tuesday,2.93,3,0
CUST_1527,Bangalore Central,3-5,Thursday,8.01,2,0
CUST_1528,Bangalore Central,12-3,Tuesday,14.88,2,1
CUST_1529,Bangalore South,3-5,Friday,2.34,2,1
CUST_1530,Bangalore East,12-3,Wednesday,11.85,1,0
CUST_1531,Bangalore East,12-3,Friday,7.12,2,0
CUST_1532,Bangalore North,12-3,Friday,11.84,1,1
CUST_1533,Bangalore East,12-3,Wednesday,5.38,1,1
CUST_1534,Bangalore North,10-12,Thursday,9.36,1,0
CUST_1535,Bangalore North,10-12,Wednesday,1.36,2,1
CUST_1536,Bangalore South,10-12,Wednesday,3.44,2,1
CUST_1537,Bangalore South,12-3,Thursday,8.83,1,1
CUST_1538,Bangalore Central,12-3,Thursday,9.3,1,1
CUST_1539,Bangalore South,3-5,Tuesday,8.32,2,0
CUST_1540,Bangalore Central,12-3,Friday,7.98,3,0
CUST_1541,Bangalore Central,10-12,Monday,6.37,2,1
CUST_1542,Bangalore Central,10-12,Monday,13.13,3,0
CUST_1543,Bangalore South,3-5,Wednesday,12.59,2,0
CUST_1544,Bangalore South,10-12,Tuesday,7.01,2,0
CUST_1545,Bangalore East,3-5,Tuesday,11.15,2,1
CUST_1546,Bangalore East,12-3,Tuesday,2.65,1,0
CUST_1547,Bangalore Central,10-12,Wednesday,7.53,3,0
CUST_1548,Bangalore North,10-12,Friday,13.05,1,1
CUST_1549,Bangalore Central,12-3,Wednesday,9.4,1,1
CUST_1550,Bangalore East,12-3,Tuesday,10.54,2,0
CUST_1551,Bangalore East,3-5,Tuesday,6.59,3,1
CUST_1552,Bangalore Central,12-3,Thursday,4.54,2,1
CUST_1553,Bangalore North,12-3,Thursday,1.23,2,1
CUST_1554,Bangalore East,10-12,Tuesday,5.02,1,0
CUST_1555,Bangalore East,3-5,Tuesday,8.81,2,0
CUST_1556,Bangalore East,10-12,Monday,11.44,2,0
CUST_1557,Bangalore North,3-5,Monday,7.1,1,1
CUST_1558,Bangalore Central,3-5,Tuesday,10.9,1,0
CUST_1559,Bangalore East,10-12,Thursday,13.58,2,1
CUST_1560,Bangalore Central,12-3,Tuesday,11.41,1,0
CUST_1561,Bangalore Central,10-12,Wednesday,3.89,2,1
CUST_1562,Bangalore Central,10-12,Friday,9.0,2,1
CUST_1563,Bangalore South,10-12,Wednesday,5.16,3,1
CUST_1564,Bangalore South,10-12,Friday,5.94,1,0
CUST_1565,Bangalore East,12-3,Friday,1.32,3,1
CUST_1566,Bangalore East,3-5,Wednesday,10.49,1,0
CUST_1567,Bangalore East,12-3,Wednesday,10.47,2,1
CUST_1568,Bangalore Central,12-3,Monday,3.92,1,0
CUST_1569,Bangalore North,10-12,Friday,8.21,2,0
CUST_1570,Bangalore Central,10-12,Monday,11.89,3,0
CUST_1571,Bangalore Central,12-3,Thursday,14.45,2,1
CUST_1572,Bangalore North,3-5,Tuesday,9.25,2,0
CUST_1573,Bangalore North,12-3,Wednesday,3.37,2,1
CUST_1574,Bangalore East,12-3,Monday,1.16,2,0
CUST_1575,Bangalore South,10-12,Monday,1.9,2,1
CUST_1576,Bangalore North,12-3,Wednesday,10.81,3,1
CUST_1577,Bangalore Central,10-12,Tuesday,13.98,2,1
CUST_1578,Bangalore East,3-5,Tuesday,5.16,1,1
CUST_1579,Bangalore North,12-3,Wednesday,11.6,1,0
CUST_1580,Bangalore North,12-3,Wednesday,12.08,3,1
CUST_1581,Bangalore Central,10-12,Tuesday,4.41,3,0
CUST_1582,Bangalore Central,3-5,Monday,1.28,2,0
CUST_1583,Bangalore North,10-12,Monday,8.08,3,1
CUST_1584,Bangalore South,3-5,Monday,13.69,2,0
CUST_1585,Bangalore South,3-5,Thursday,12.74,2,1
CUST_1586,Bangalore South,12-3,Monday,11.34,2,1
CUST_1587,Bangalore North,12-3,Friday,6.06,2,0
CUST_1588,Bangalore Central,3-5,Wednesday,12.49,3,0
CUST_1589,Bangalore North,10-12,Tuesday,10.66,2,1
CUST_1590,Bangalore South,3-5,Friday,5.01,1,1
CUST_1591,Bangalore East,10-12,Tuesday,13.3,2,1
CUST_1592,Bangalore North,3-5,Wednesday,13.05,3,1
CUST_1593,Bangalore South,3-5,Thursday,7.07,1,0
CUST_1594,Bangalore East,12-3,Thursday,6.68,2,0
CUST_1595,Bangalore North,10-12,Monday,6.43,2,1
CUST_1596,Bangalore North,3-5,Monday,12.63,2,0
CUST_1597,Bangalore Central,10-12,Thursday,12.39,1,0
CUST_1598,Bangalore North,3-5,Thursday,7.38,3,1
CUST_1599,Bangalore East,3-5,Thursday,13.04,2,1
CUST_1600,Bangalore North,12-3,Wednesday,14.67,2,0
CUST_1601,Bangalore East,10-12,Friday,5.81,2,0
CUST_1602,Bangalore Central,3-5,Thursday,12.0,1,1
CUST_1603,Bangalore Central,12-3,Wednesday,13.52,2,0
CUST_1604,Bangalore Central,12-3,Wednesday,3.98,1,1
CUST_1605,Bangalore North,12-3,Monday,11.11,1,1
CUST_1606,Bangalore East,3-5,Friday,2.62,2,0
CUST_1607,Bangalore Central,12-3,Friday,8.14,2,1
CUST_1608,Bangalore South,10-12,Thursday,3.22,2,0
CUST_1609,Bangalore East,10-12,Friday,3.79,3,1
CUST_1610,Bangalore South,3-5,Tuesday,13.05,1,1
CUST_1611,Bangalore East,12-3,Thursday,6.35,2,1
CUST_1612,Bangalore South,10-12,Tuesday,10.35,3,1
CUST_1613,Bangalore South,3-5,Thursday,5.44,1,0
CUST_1614,Bangalore East,3-5,Monday,3.59,2,1
CUST_1615,Bangalore South,3-5,Tuesday,10.63,2,1
CUST_1616,Bangalore North,10-12,Friday,7.94,2,1
CUST_1617,Bangalore South,12-3,Thursday,11.22,1,0
CUST_1618,Bangalore Central,10-12,Tuesday,2.31,3,1
CUST_1619,Bangalore East,10-12,Monday,10.1,1,0
CUST_1620,Bangalore North,10-12,Friday,10.87,1,0
CUST_1621,Bangalore Central,3-5,Friday,11.22,3,0
CUST_1622,Bangalore Central,3-5,Friday,3.48,1,1
CUST_1623,Bangalore East,12-3,Tuesday,3.21,2,0
CUST_1624,Bangalore North,10-12,Tuesday,12.99,2,0
CUST_1625,Bangalore North,12-3,Wednesday,11.23,2,1
CUST_1626,Bangalore South,10-12,Tuesday,11.2,2,0
CUST_1627,Bangalore South,12-3,Tuesday,1.64,2,1
CUST_1628,Bangalore East,12-3,Thursday,8.93,3,1
CUST_1629,Bangalore East,10-12,Wednesday,10.91,2,0
CUST_1630,Bangalore North,10-12,Thursday,14.31,2,0
CUST_1631,Bangalore East,3-5,Friday,9.84,3,0
CUST_1632,Bangalore South,10-12,Monday,2.5,2,0
CUST_1633,Bangalore Central,12-3,Wednesday,12.99,2,1
CUST_1634,Bangalore South,10-12,Thursday,2.76,3,1
CUST_1635,Bangalore North,10-12,Monday,4.45,1,0
CUST_1636,Bangalore North,10-12,Thursday,2.98,2,0
CUST_1637,Bangalore North,12-3,Friday,6.83,2,1
CUST_1638,Bangalore South,3-5,Tuesday,2.38,2,0
CUST_1639,Bangalore East,12-3,Monday,13.81,1,1
CUST_1640,Bangalore Central,10-12,Tuesday,4.5,3,1
CUST_1641,Bangalore Central,12-3,Wednesday,11.34,1,1
CUST_1642,Bangalore North,12-3,Tuesday,7.09,2,0
CUST_1643,Bangalore East,3-5,Friday,12.99,1,1
CUST_1644,Bangalore South,12-3,Friday,7.4,1,1
CUST_1645,Bangalore Central,3-5,Monday,7.45,3,0
CUST_1646,Bangalore North,12-3,Monday,11.73,2,1
CUST_1647,Bangalore East,3-5,Monday,12.71,2,1
CUST_1648,Bangalore North,3-5,Tuesday,11.71,2,0
CUST_1649,Bangalore North,12-3,Tuesday,13.97,2,1
CUST_1650,Bangalore North,12-3,Wednesday,11.06,1,1
CUST_1651,Bangalore South,10-12,Wednesday,9.45,2,1
CUST_1652,Bangalore East,10-12,Monday,8.34,1,0
CUST_1653,Bangalore South,12-3,Thursday,14.96,2,0
CUST_1654,Bangalore South,10-12,Thursday,10.68,3,0
CUST_1655,Bangalore Central,12-3,Thursday,9.78,3,0
CUST_1656,Bangalore North,12-3,Monday,9.2,2,1
CUST_1657,Bangalore South,10-12,Tuesday,9.31,2,0
CUST_1658,Bangalore East,10-12,Tuesday,4.54,1,1
CUST_1659,Bangalore Central,3-5,Thursday,10.73,2,1
CUST_1660,Bangalore Central,12-3,Tuesday,4.97,2,1
CUST_1661,Bangalore South,12-3,Thursday,14.73,3,0
CUST_1662,Bangalore East,10-12,Tuesday,1.27,2,1
CUST_1663,Bangalore East,3-5,Thursday,6.25,3,0
CUST_1664,Bangalore East,10-12,Tuesday,1.66,1,1
CUST_1665,Bangalore East,3-5,Thursday,14.22,3,0
CUST_1666,Bangalore South,3-5,Thursday,7.25,2,0
CUST_1667,Bangalore Central,12-3,Friday,1.87,3,1
CUST_1668,Bangalore North,3-5,Wednesday,1.29,3,0
CUST_1669,Bangalore East,10-12,Tuesday,1.46,2,0
CUST_1670,Bangalore East,12-3,Friday,13.76,2,0
CUST_1671,Bangalore South,10-12,Friday,1.13,1,1
CUST_1672,Bangalore Central,12-3,Monday,1.93,2,0
CUST_1673,Bangalore South,10-12,Thursday,2.73,1,0
CUST_1674,Bangalore South,10-12,Wednesday,11.99,1,1
CUST_1675,Bangalore South,3-5,Friday,4.01,3,1
CUST_1676,Bangalore North,10-12,Friday,3.96,1,0
CUST_1677,Bangalore East,3-5,Tuesday,14.64,3,1
CUST_1678,Bangalore East,12-3,Monday,10.83,3,0
CUST_1679,Bangalore Central,10-12,Friday,3.97,1,0
CUST_1680,Bangalore North,3-5,Wednesday,2.97,1,1
CUST_1681,Bangalore North,12-3,Monday,1.36,2,0
CUST_1682,Bangalore Central,3-5,Tuesday,6.51,2,0
CUST_1683,Bangalore North,12-3,Tuesday,11.69,3,1
CUST_1684,Bangalore Central,3-5,Thursday,12.77,3,0
CUST_1685,Bangalore South,3-5,Thursday,6.64,2,1
CUST_1686,Bangalore Central,3-5,Tuesday,12.42,2,0
CUST_1687,Bangalore South,12-3,Tuesday,12.14,2,1
CUST_1688,Bangalore North,12-3,Monday,4.64,3,1
CUST_1689,Bangalore South,10-12,Friday,13.51,1,0
CUST_1690,Bangalore North,3-5,Monday,7.27,2,0
CUST_1691,Bangalore North,3-5,Thursday,9.9,1,0
CUST_1692,Bangalore East,3-5,Friday,6.94,3,0
CUST_1693,Bangalore South,10-12,Wednesday,1.33,1,0
CUST_1694,Bangalore South,3-5,Wednesday,1.42,2,0
CUST_1695,Bangalore Central,3-5,Friday,9.91,1,1
CUST_1696,Bangalore East,3-5,Friday,9.91,2,0
CUST_1697,Bangalore East,3-5,Wednesday,9.49,1,0
CUST_1698,Bangalore East,12-3,Thursday,6.48,1,0
CUST_1699,Bangalore East,10-12,Tuesday,13.54,2,0
CUST_1700,Bangalore Central,12-3,Monday,9.66,2,1
CUST_1701,Bangalore South,10-12,Wednesday,8.37,2,0
CUST_1702,Bangalore Central,10-12,Wednesday,13.81,2,0
CUST_1703,Bangalore Central,10-12,Friday,2.23,2,1
CUST_1704,Bangalore Central,12-3,Thursday,6.32,1,0
CUST_1705,Bangalore East,12-3,Friday,14.25,2,0
CUST_1706,Bangalore South,10-12,Wednesday,4.35,3,0
CUST_1707,Bangalore South,3-5,Monday,10.02,2,1
CUST_1708,Bangalore Central,12-3,Monday,7.42,2,0
CUST_1709,Bangalore North,12-3,Tuesday,9.21,2,1
CUST_1710,Bangalore East,3-5,Tuesday,14.08,1,0
CUST_1711,Bangalore South,12-3,Wednesday,6.83,2,0
CUST_1712,Bangalore North,3-5,Friday,1.79,2,0
CUST_1713,Bangalore Central,10-12,Friday,13.8,3,0
CUST_1714,Bangalore South,10-12,Friday,12.36,1,0
CUST_1715,Bangalore Central,10-12,Friday,12.32,2,0
CUST_1716,Bangalore South,10-12,Thursday,7.21,1,1
CUST_1717,Bangalore North,10-12,Tuesday,14.71,2,1
CUST_1718,Bangalore South,10-12,Monday,3.55,1,0
CUST_1719,Bangalore Central,3-5,Thursday,7.62,2,1
CUST_1720,Bangalore Central,12-3,Monday,3.57,3,0
CUST_1721,Bangalore Central,12-3,Thursday,7.28,2,0
CUST_1722,Bangalore Central,3-5,Thursday,4.85,2,0
CUST_1723,Bangalore East,10-12,Tuesday,7.91,2,1
CUST_1724,Bangalore East,3-5,Tuesday,11.81,3,0
CUST_1725,Bangalore North,10-12,Monday,6.56,2,0
CUST_1726,Bangalore East,3-5,Thursday,2.4,3,0
CUST_1727,Bangalore East,3-5,Wednesday,7.93,2,0
CUST_1728,Bangalore Central,10-12,Friday,6.71,2,0
CUST_1729,Bangalore North,3-5,Friday,1.28,2,0
CUST_1730,Bangalore North,3-5,Monday,9.84,1,0
CUST_1731,Bangalore North,10-12,Wednesday,5.34,2,1
CUST_1732,Bangalore North,3-5,Friday,14.65,3,0
CUST_1733,Bangalore East,3-5,Thursday,7.47,1,1
CUST_1734,Bangalore South,3-5,Monday,9.86,2,1
CUST_1735,Bangalore East,12-3,Friday,9.51,2,1
CUST_1736,Bangalore Central,12-3,Friday,11.82,2,0
CUST_1737,Bangalore East,12-3,Wednesday,11.63,1,0
CUST_1738,Bangalore North,3-5,Wednesday,9.69,3,1
CUST_1739,Bangalore North,10-12,Friday,12.28,2,1
CUST_1740,Bangalore East,12-3,Monday,4.23,3,1
CUST_1741,Bangalore North,10-12,Friday,11.51,1,0
CUST_1742,Bangalore North,3-5,Tuesday,7.63,2,0
CUST_1743,Bangalore East,3-5,Tuesday,14.59,3,0
CUST_1744,Bangalore South,12-3,Thursday,14.88,2,0
CUST_1745,Bangalore South,12-3,Monday,11.03,2,0
CUST_1746,Bangalore North,12-3,Tuesday,10.77,3,1
CUST_1747,Bangalore South,10-12,Thursday,12.55,3,0
CUST_1748,Bangalore East,10-12,Friday,13.01,3,0
CUST_1749,Bangalore North,3-5,Thursday,1.37,2,1
CUST_1750,Bangalore Central,3-5,Tuesday,13.72,1,1
CUST_1751,Bangalore Central,10-12,Tuesday,2.22,1,0
CUST_1752,Bangalore South,10-12,Thursday,4.94,2,1
CUST_1753,Bangalore Central,10-12,Monday,2.56,2,0
CUST_1754,Bangalore North,10-12,Tuesday,2.88,2,0
CUST_1755,Bangalore South,3-5,Tuesday,10.1,3,1
CUST_1756,Bangalore South,12-3,Tuesday,1.71,1,1
CUST_1757,Bangalore Central,3-5,Wednesday,10.65,1,0
CUST_1758,Bangalore East,10-12,Thursday,13.6,2,1
CUST_1759,Bangalore Central,10-12,Wednesday,9.41,3,0
CUST_1760,Bangalore North,12-3,Monday,7.37,2,0
CUST_1761,Bangalore East,12-3,Tuesday,4.23,2,0
CUST_1762,Bangalore North,10-12,Wednesday,10.17,2,1
CUST_1763,Bangalore North,10-12,Wednesday,13.47,2,0
CUST_1764,Bangalore East,3-5,Thursday,13.62,1,0
CUST_1765,Bangalore North,12-3,Monday,4.69,3,1
CUST_1766,Bangalore South,12-3,Tuesday,10.66,1,1
CUST_1767,Bangalore North,12-3,Wednesday,5.29,2,1
CUST_1768,Bangalore Central,12-3,Wednesday,5.08,1,1
CUST_1769,Bangalore East,10-12,Tuesday,13.88,2,1
CUST_1770,Bangalore Central,10-12,Monday,9.72,1,0
CUST_1771,Bangalore South,10-12,Friday,4.48,2,1
CUST_1772,Bangalore North,10-12,Tuesday,12.25,3,0
CUST_1773,Bangalore North,12-3,Friday,7.8,2,0
CUST_1774,Bangalore South,3-5,Wednesday,2.55,1,1
CUST_1775,Bangalore Central,12-3,Monday,13.89,3,0
CUST_1776,Bangalore East,10-12,Monday,14.26,2,0
CUST_1777,Bangalore Central,10-12,Friday,9.65,1,1
CUST_1778,Bangalore North,10-12,Wednesday,3.8,1,0
CUST_1779,Bangalore Central,10-12,Thursday,6.63,3,0
CUST_1780,Bangalore North,3-5,Monday,10.75,2,1
CUST_1781,Bangalore East,10-12,Tuesday,6.3,2,1
CUST_1782,Bangalore South,10-12,Thursday,1.68,3,0
CUST_1783,Bangalore North,10-12,Tuesday,1.57,2,0
CUST_1784,Bangalore South,10-12,Wednesday,11.82,1,1
CUST_1785,Bangalore South,3-5,Friday,5.26,1,1
CUST_1786,Bangalore East,12-3,Tuesday,8.71,2,0
CUST_1787,Bangalore East,10-12,Tuesday,10.12,1,0
CUST_1788,Bangalore South,12-3,Friday,3.76,2,1
CUST_1789,Bangalore Central,3-5,Monday,2.87,2,0
CUST_1790,Bangalore North,10-12,Wednesday,3.48,2,1
CUST_1791,Bangalore North,10-12,Monday,11.59,2,1
CUST_1792,Bangalore North,12-3,Wednesday,14.62,1,0
CUST_1793,Bangalore South,10-12,Friday,13.39,2,1
CUST_1794,Bangalore Central,3-5,Friday,8.16,2,0
CUST_1795,Bangalore South,12-3,Friday,3.57,1,0
CUST_1796,Bangalore North,12-3,Wednesday,2.92,2,1
CUST_1797,Bangalore Central,10-12,Thursday,14.51,3,0
CUST_1798,Bangalore Central,12-3,Tuesday,6.42,1,0
CUST_1799,Bangalore South,3-5,Thursday,3.62,1,0
CUST_1800,Bangalore East,3-5,Monday,1.85,1,0
CUST_1801,Bangalore North,10-12,Wednesday,3.83,3,0
CUST_1802,Bangalore East,10-12,Monday,2.05,1,1
CUST_1803,Bangalore East,12-3,Tuesday,9.59,1,1
CUST_1804,Bangalore South,10-12,Thursday,7.43,1,1
CUST_1805,Bangalore Central,3-5,Thursday,2.45,2,0
CUST_1806,Bangalore South,10-12,Tuesday,9.38,2,0
CUST_1807,Bangalore East,3-5,Tuesday,2.33,3,0
CUST_1808,Bangalore East,3-5,Friday,12.06,1,1
CUST_1809,Bangalore East,12-3,Wednesday,6.4,1,0
CUST_1810,Bangalore North,10-12,Monday,9.64,1,1
CUST_1811,Bangalore East,10-12,Thursday,13.99,2,1
CUST_1812,Bangalore Central,10-12,Wednesday,2.79,1,1
CUST_1813,Bangalore Central,12-3,Wednesday,10.26,1,1
CUST_1814,Bangalore North,12-3,Monday,6.07,3,1
CUST_1815,Bangalore Central,10-12,Thursday,6.1,1,0
CUST_1816,Bangalore Central,10-12,Friday,12.53,2,1
CUST_1817,Bangalore South,10-12,Monday,14.14,1,1
CUST_1818,Bangalore South,12-3,Friday,10.88,2,1
CUST_1819,Bangalore South,3-5,Thursday,3.19,3,1
CUST_1820,Bangalore South,3-5,Monday,11.68,2,1
CUST_1821,Bangalore Central,12-3,Monday,3.11,2,1
CUST_1822,Bangalore East,12-3,Thursday,5.36,1,1
CUST_1823,Bangalore Central,12-3,Tuesday,6.96,3,1
CUST_1824,Bangalore North,12-3,Wednesday,13.8,3,1
CUST_1825,Bangalore East,3-5,Friday,6.52,2,0
CUST_1826,Bangalore South,10-12,Tuesday,1.56,2,1
CUST_1827,Bangalore North,3-5,Monday,13.03,2,1
CUST_1828,Bangalore South,12-3,Tuesday,4.96,2,1
CUST_1829,Bangalore East,12-3,Monday,13.04,3,1
CUST_1830,Bangalore East,10-12,Monday,4.91,2,0
CUST_1831,Bangalore North,10-12,Tuesday,13.94,2,0
CUST_1832,Bangalore East,3-5,Tuesday,14.95,1,0
CUST_1833,Bangalore North,12-3,Thursday,12.72,1,0
CUST_1834,Bangalore Central,12-3,Friday,7.59,2,1
CUST_1835,Bangalore North,12-3,Tuesday,9.4,1,1
CUST_1836,Bangalore South,10-12,Thursday,13.19,2,0
CUST_1837,Bangalore North,3-5,Thursday,6.83,1,1
CUST_1838,Bangalore North,10-12,Thursday,5.72,2,0
CUST_1839,Bangalore Central,12-3,Monday,4.03,3,1
CUST_1840,Bangalore East,12-3,Thursday,9.15,3,0
CUST_1841,Bangalore North,3-5,Wednesday,6.41,2,1
CUST_1842,Bangalore Central,3-5,Monday,6.76,2,1
CUST_1843,Bangalore North,10-12,Thursday,8.47,3,0
CUST_1844,Bangalore South,12-3,Wednesday,13.86,1,0
CUST_1845,Bangalore North,10-12,Thursday,8.11,1,1
CUST_1846,Bangalore East,10-12,Tuesday,13.06,1,1
CUST_1847,Bangalore North,10-12,Thursday,5.44,3,0
CUST_1848,Bangalore South,10-12,Monday,3.85,3,0
CUST_1849,Bangalore South,12-3,Tuesday,3.24,2,0
CUST_1850,Bangalore North,10-12,Thursday,6.18,2,1
CUST_1851,Bangalore East,10-12,Thursday,14.58,3,1
CUST_1852,Bangalore South,3-5,Wednesday,13.16,2,0
CUST_1853,Bangalore North,12-3,Monday,13.17,2,1
CUST_1854,Bangalore Central,10-12,Tuesday,1.92,1,1
CUST_1855,Bangalore Central,10-12,Monday,14.2,2,0
CUST_1856,Bangalore Central,3-5,Monday,4.88,2,1
CUST_1857,Bangalore Central,3-5,Thursday,8.44,3,0
CUST_1858,Bangalore North,12-3,Wednesday,12.88,3,0
CUST_1859,Bangalore Central,12-3,Monday,5.75,3,0
CUST_1860,Bangalore East,3-5,Friday,5.51,2,0
CUST_1861,Bangalore Central,12-3,Thursday,2.55,2,0
CUST_1862,Bangalore Central,12-3,Thursday,3.58,2,1
CUST_1863,Bangalore North,10-12,Tuesday,9.62,1,0
CUST_1864,Bangalore East,10-12,Thursday,5.4,2,1
CUST_1865,Bangalore South,3-5,Tuesday,11.78,1,1
CUST_1866,Bangalore North,3-5,Friday,5.2,2,1
CUST_1867,Bangalore South,3-5,Friday,8.29,1,1
CUST_1868,Bangalore South,3-5,Monday,5.41,1,1
CUST_1869,Bangalore Central,12-3,Monday,8.26,2,0
CUST_1870,Bangalore Central,10-12,Wednesday,8.42,1,0
CUST_1871,Bangalore North,12-3,Friday,10.37,2,0
CUST_1872,Bangalore North,3-5,Wednesday,10.5,2,0
CUST_1873,Bangalore North,3-5,Monday,8.36,3,0
CUST_1874,Bangalore East,12-3,Thursday,13.17,2,0
CUST_1875,Bangalore South,10-12,Tuesday,2.85,2,0
CUST_1876,Bangalore South,3-5,Thursday,6.57,2,0
CUST_1877,Bangalore Central,10-12,Tuesday,6.69,3,0
CUST_1878,Bangalore East,12-3,Thursday,12.6,2,1
CUST_1879,Bangalore East,12-3,Wednesday,9.95,3,0
CUST_1880,Bangalore East,3-5,Monday,5.61,3,0
CUST_1881,Bangalore Central,10-12,Tuesday,8.62,3,1
CUST_1882,Bangalore Central,12-3,Thursday,1.23,1,0
CUST_1883,Bangalore North,3-5,Monday,9.0,2,1
CUST_1884,Bangalore Central,3-5,Friday,10.17,1,0
CUST_1885,Bangalore East,12-3,Thursday,10.18,2,1
CUST_1886,Bangalore East,3-5,Monday,3.15,1,0
CUST_1887,Bangalore South,10-12,Monday,9.51,3,0
CUST_1888,Bangalore South,3-5,Thursday,10.21,2,0
CUST_1889,Bangalore Central,3-5,Thursday,2.91,2,1
CUST_1890,Bangalore East,3-5,Wednesday,10.6,1,0
CUST_1891,Bangalore South,12-3,Wednesday,12.54,3,0
CUST_1892,Bangalore Central,12-3,Wednesday,5.44,2,0
CUST_1893,Bangalore East,3-5,Monday,1.8,3,0
CUST_1894,Bangalore North,10-12,Monday,5.79,1,0
CUST_1895,Bangalore East,12-3,Thursday,14.53,3,0
CUST_1896,Bangalore East,3-5,Tuesday,8.23,3,1
CUST_1897,Bangalore East,12-3,Monday,1.08,2,0
CUST_1898,Bangalore Central,12-3,Tuesday,9.7,2,1
CUST_1899,Bangalore South,12-3,Tuesday,4.39,2,1
CUST_1900,Bangalore Central,10-12,Thursday,11.15,1,0
CUST_1901,Bangalore Central,10-12,Monday,8.54,1,0
CUST_1902,Bangalore North,12-3,Monday,13.97,1,1
CUST_1903,Bangalore North,3-5,Tuesday,5.56,3,0
CUST_1904,Bangalore North,3-5,Wednesday,1.21,3,0
CUST_1905,Bangalore Central,3-5,Monday,6.12,1,1
CUST_1906,Bangalore North,3-5,Tuesday,7.84,2,0
CUST_1907,Bangalore East,10-12,Thursday,13.72,3,0
CUST_1908,Bangalore South,10-12,Thursday,5.28,2,0
CUST_1909,Bangalore South,10-12,Thursday,12.24,3,0
CUST_1910,Bangalore Central,12-3,Friday,7.22,2,1
CUST_1911,Bangalore North,10-12,Friday,4.31,1,1
CUST_1912,Bangalore North,12-3,Monday,2.55,2,1
CUST_1913,Bangalore East,10-12,Thursday,7.5,2,1
CUST_1914,Bangalore South,3-5,Tuesday,5.92,2,0
CUST_1915,Bangalore East,10-12,Friday,6.01,1,0
CUST_1916,Bangalore East,10-12,Wednesday,12.7,1,0
CUST_1917,Bangalore East,12-3,Thursday,13.94,2,1
CUST_1918,Bangalore Central,12-3,Friday,11.16,1,0
CUST_1919,Bangalore Central,3-5,Tuesday,10.34,2,1
CUST_1920,Bangalore Central,12-3,Tuesday,7.05,3,1
CUST_1921,Bangalore South,12-3,Wednesday,12.32,1,0
CUST_1922,Bangalore South,10-12,Thursday,12.94,1,1
CUST_1923,Bangalore North,3-5,Tuesday,14.68,1,0
CUST_1924,Bangalore South,12-3,Thursday,3.8,1,1
CUST_1925,Bangalore East,3-5,Wednesday,1.46,2,0
CUST_1926,Bangalore North,12-3,Wednesday,8.05,2,0
CUST_1927,Bangalore South,3-5,Thursday,8.39,2,1
CUST_1928,Bangalore Central,3-5,Monday,3.98,2,1
CUST_1929,Bangalore South,3-5,Monday,4.68,1,1
CUST_1930,Bangalore North,12-3,Wednesday,4.43,1,1
CUST_1931,Bangalore North,12-3,Tuesday,10.12,2,0
CUST_1932,Bangalore North,3-5,Thursday,5.16,2,1
CUST_1933,Bangalore East,10-12,Thursday,5.2,1,1
CUST_1934,Bangalore Central,12-3,Friday,8.29,2,1
CUST_1935,Bangalore North,3-5,Thursday,14.8,1,0
CUST_1936,Bangalore East,10-12,Tuesday,9.94,2,0
CUST_1937,Bangalore Central,3-5,Thursday,7.08,1,1
CUST_1938,Bangalore East,12-3,Thursday,4.61,3,0
CUST_1939,Bangalore Central,3-5,Monday,6.34,2,1
CUST_1940,Bangalore East,10-12,Tuesday,11.05,2,1
CUST_1941,Bangalore South,3-5,Friday,13.1,2,0
CUST_1942,Bangalore East,12-3,Thursday,8.85,1,1
CUST_1943,Bangalore Central,12-3,Friday,8.64,2,0
CUST_1944,Bangalore South,12-3,Monday,5.4,3,0
CUST_1945,Bangalore North,12-3,Thursday,12.43,3,0
CUST_1946,Bangalore East,10-12,Wednesday,11.69,1,0
CUST_1947,Bangalore East,10-12,Wednesday,5.85,2,0
CUST_1948,Bangalore East,12-3,Wednesday,11.74,1,1
CUST_1949,Bangalore East,12-3,Friday,9.65,2,1
CUST_1950,Bangalore South,10-12,Friday,7.64,2,0
CUST_1951,Bangalore Central,12-3,Thursday,12.48,2,1
CUST_1952,Bangalore North,3-5,Monday,12.1,2,1
CUST_1953,Bangalore Central,3-5,Wednesday,11.38,1,0
CUST_1954,Bangalore Central,10-12,Thursday,9.83,2,1
CUST_1955,Bangalore Central,3-5,Monday,4.36,2,1
CUST_1956,Bangalore Central,12-3,Thursday,10.05,2,0
CUST_1957,Bangalore Central,3-5,Thursday,3.24,1,0
CUST_1958,Bangalore North,10-12,Friday,13.15,2,1
CUST_1959,Bangalore South,10-12,Monday,7.26,1,1
CUST_1960,Bangalore North,10-12,Friday,11.6,2,1
CUST_1961,Bangalore Central,12-3,Friday,11.21,1,0
CUST_1962,Bangalore East,10-12,Friday,6.93,1,0
CUST_1963,Bangalore Central,3-5,Monday,2.87,2,0
CUST_1964,Bangalore Central,12-3,Friday,2.69,1,1
CUST_1965,Bangalore Central,10-12,Friday,11.82,2,1
CUST_1966,Bangalore Central,10-12,Tuesday,7.63,2,0
CUST_1967,Bangalore South,3-5,Wednesday,8.73,1,0
CUST_1968,Bangalore South,10-12,Tuesday,1.24,2,1
CUST_1969,Bangalore East,10-12,Tuesday,12.23,3,1
CUST_1970,Bangalore Central,3-5,Friday,3.46,2,1
CUST_1971,Bangalore East,10-12,Thursday,5.29,2,1
CUST_1972,Bangalore South,10-12,Wednesday,2.75,1,0
CUST_1973,Bangalore Central,10-12,Friday,2.55,2,1
CUST_1974,Bangalore Central,3-5,Thursday,9.38,1,0
CUST_1975,Bangalore South,3-5,Tuesday,12.71,3,1
CUST_1976,Bangalore South,10-12,Wednesday,3.61,3,0
CUST_1977,Bangalore Central,10-12,Friday,14.23,2,1
CUST_1978,Bangalore North,3-5,Thursday,6.48,1,1
CUST_1979,Bangalore South,3-5,Wednesday,10.14,2,0
CUST_1980,Bangalore North,12-3,Tuesday,3.02,1,0
CUST_1981,Bangalore North,12-3,Wednesday,6.43,2,0
CUST_1982,Bangalore East,10-12,Thursday,5.22,1,1
CUST_1983,Bangalore North,10-12,Friday,7.73,1,0
CUST_1984,Bangalore South,10-12,Monday,3.37,2,0
CUST_1985,Bangalore Central,3-5,Thursday,11.89,2,0
CUST_1986,Bangalore North,3-5,Thursday,6.53,1,1
CUST_1987,Bangalore East,3-5,Tuesday,6.03,2,0
CUST_1988,Bangalore East,3-5,Friday,5.55,3,0
CUST_1989,Bangalore East,10-12,Monday,12.43,2,1
CUST_1990,Bangalore South,3-5,Monday,2.52,2,1
CUST_1991,Bangalore East,10-12,Wednesday,7.63,3,0
CUST_1992,Bangalore South,12-3,Wednesday,10.75,1,1
CUST_1993,Bangalore Central,3-5,Thursday,7.38,2,0
CUST_1994,Bangalore Central,3-5,Monday,14.86,2,0
CUST_1995,Bangalore South,3-5,Tuesday,10.08,2,1
CUST_1996,Bangalore Central,10-12,Friday,11.16,1,1
CUST_1997,Bangalore South,10-12,Wednesday,11.65,2,0
CUST_1998,Bangalore North,10-12,Thursday,10.73,2,1
CUST_1999,Bangalore East,3-5,Friday,9.53,3,0
CUST_2000,Bangalore North,12-3,Tuesday,6.81,2,1
CUST_2001,Bangalore South,12-3,Monday,3.66,1,0
CUST_2002,Bangalore East,10-12,Friday,1.1,2,1
CUST_2003,Bangalore North,12-3,Friday,8.62,1,1
CUST_2004,Bangalore North,3-5,Monday,2.21,1,0
CUST_2005,Bangalore Central,3-5,Tuesday,14.39,2,0
CUST_2006,Bangalore Central,10-12,Tuesday,7.87,1,0
CUST_2007,Bangalore East,10-12,Wednesday,3.08,2,0
CUST_2008,Bangalore North,3-5,Thursday,2.2,1,0
CUST_2009,Bangalore Central,3-5,Wednesday,7.43,2,0
CUST_2010,Bangalore North,12-3,Wednesday,1.09,2,1
CUST_2011,Bangalore South,3-5,Tuesday,7.42,2,0
CUST_2012,Bangalore Central,12-3,Monday,4.74,2,0
CUST_2013,Bangalore Central,10-12,Tuesday,6.93,2,0
CUST_2014,Bangalore North,12-3,Wednesday,14.53,2,1
CUST_2015,Bangalore East,12-3,Wednesday,3.0,3,0
CUST_2016,Bangalore East,10-12,Thursday,12.22,2,1
CUST_2017,Bangalore East,10-12,Tuesday,13.33,1,0
CUST_2018,Bangalore East,10-12,Wednesday,12.05,1,1
CUST_2019,Bangalore South,3-5,Friday,3.8,2,0
CUST_2020,Bangalore East,10-12,Friday,1.69,2,1
CUST_2021,Bangalore North,12-3,Friday,9.88,3,0
CUST_2022,Bangalore Central,3-5,Monday,12.08,1,1
CUST_2023,Bangalore North,3-5,Thursday,8.03,3,0
CUST_2024,Bangalore South,3-5,Tuesday,1.77,2,0
CUST_2025,Bangalore South,12-3,Monday,7.79,1,1
CUST_2026,Bangalore East,12-3,Thursday,5.39,3,0
CUST_2027,Bangalore East,3-5,Monday,5.77,2,0
CUST_2028,Bangalore South,10-12,Tuesday,11.49,1,0
CUST_2029,Bangalore North,3-5,Thursday,2.73,1,1
CUST_2030,Bangalore North,3-5,Friday,9.07,2,1
CUST_2031,Bangalore Central,12-3,Monday,13.83,3,0
CUST_2032,Bangalore East,12-3,Monday,6.15,3,0
CUST_2033,Bangalore Central,3-5,Friday,9.91,3,0
CUST_2034,Bangalore South,10-12,Monday,14.77,1,1
CUST_2035,Bangalore South,12-3,Thursday,2.7,2,0
CUST_2036,Bangalore Central,3-5,Thursday,1.81,2,0
CUST_2037,Bangalore South,10-12,Friday,1.09,3,0
CUST_2038,Bangalore South,10-12,Thursday,8.54,3,0
CUST_2039,Bangalore Central,12-3,Thursday,4.01,2,1
CUST_2040,Bangalore South,12-3,Monday,1.68,1,0
CUST_2041,Bangalore North,10-12,Friday,13.89,2,0
CUST_2042,Bangalore Central,3-5,Wednesday,6.87,1,1
CUST_2043,Bangalore North,3-5,Tuesday,3.08,2,1
CUST_2044,Bangalore East,3-5,Thursday,4.7,1,1
CUST_2045,Bangalore North,3-5,Tuesday,14.38,3,1
CUST_2046,Bangalore East,12-3,Friday,14.61,1,0
CUST_2047,Bangalore North,12-3,Friday,8.72,2,1
CUST_2048,Bangalore East,3-5,Tuesday,7.68,1,0
CUST_2049,Bangalore North,10-12,Tuesday,6.84,2,0
CUST_2050,Bangalore Central,3-5,Wednesday,11.49,2,0
CUST_2051,Bangalore East,12-3,Monday,3.83,3,0
CUST_2052,Bangalore East,12-3,Wednesday,7.27,1,0
CUST_2053,Bangalore Central,10-12,Monday,1.64,2,0
CUST_2054,Bangalore Central,12-3,Friday,14.67,2,0
CUST_2055,Bangalore Central,10-12,Monday,3.33,1,0
CUST_2056,Bangalore East,3-5,Thursday,1.95,3,1
CUST_2057,Bangalore Central,10-12,Wednesday,4.79,1,1
CUST_2058,Bangalore North,10-12,Monday,12.1,3,1
CUST_2059,Bangalore North,12-3,Wednesday,1.52,1,1
CUST_2060,Bangalore Central,3-5,Wednesday,6.55,1,1
CUST_2061,Bangalore South,12-3,Monday,2.21,2,0
CUST_2062,Bangalore North,12-3,Thursday,12.37,2,0
CUST_2063,Bangalore East,3-5,Friday,6.58,3,0
CUST_2064,Bangalore North,3-5,Thursday,13.74,2,0
CUST_2065,Bangalore Central,3-5,Monday,2.28,1,1
CUST_2066,Bangalore East,12-3,Wednesday,1.17,1,1
CUST_2067,Bangalore North,10-12,Thursday,8.23,2,0
CUST_2068,Bangalore East,12-3,Friday,3.3,2,0
CUST_2069,Bangalore Central,10-12,Friday,3.39,2,0
CUST_2070,Bangalore South,12-3,Monday,1.05,1,1
CUST_2071,Bangalore Central,3-5,Monday,3.06,1,1
CUST_2072,Bangalore North,12-3,Thursday,14.78,1,1
CUST_2073,Bangalore East,12-3,Friday,11.42,1,0
CUST_2074,Bangalore North,3-5,Thursday,9.3,2,1
CUST_2075,Bangalore East,10-12,Friday,12.51,2,1
CUST_2076,Bangalore South,10-12,Monday,8.66,1,1
CUST_2077,Bangalore South,12-3,Friday,10.2,2,0
CUST_2078,Bangalore South,3-5,Friday,9.88,1,0
CUST_2079,Bangalore East,12-3,Tuesday,14.99,2,0
CUST_2080,Bangalore South,12-3,Wednesday,11.47,2,1
CUST_2081,Bangalore South,12-3,Monday,2.78,3,0
CUST_2082,Bangalore North,12-3,Tuesday,14.53,1,1
CUST_2083,Bangalore East,12-3,Tuesday,12.19,2,0
CUST_2084,Bangalore Central,3-5,Thursday,12.32,2,0
CUST_2085,Bangalore North,10-12,Tuesday,6.46,2,0
CUST_2086,Bangalore Central,10-12,Monday,2.6,2,1
CUST_2087,Bangalore North,3-5,Monday,14.81,2,1
CUST_2088,Bangalore South,12-3,Friday,14.18,2,0
CUST_2089,Bangalore South,3-5,Thursday,8.75,2,1
CUST_2090,Bangalore Central,3-5,Friday,9.29,3,0
CUST_2091,Bangalore North,10-12,Monday,1.23,2,0
CUST_2092,Bangalore South,3-5,Tuesday,9.53,2,0
CUST_2093,Bangalore South,10-12,Thursday,4.29,3,0
CUST_2094,Bangalore East,12-3,Tuesday,11.96,2,0
CUST_2095,Bangalore East,12-3,Tuesday,12.29,2,1
CUST_2096,Bangalore Central,10-12,Friday,3.57,2,1
CUST_2097,Bangalore North,12-3,Friday,12.22,3,1
CUST_2098,Bangalore East,10-12,Wednesday,4.29,2,1
CUST_2099,Bangalore South,12-3,Wednesday,14.76,2,0
CUST_2100,Bangalore East,3-5,Thursday,13.18,2,0
CUST_2101,Bangalore Central,12-3,Friday,3.4,2,1
CUST_2102,Bangalore South,3-5,Thursday,5.78,2,1
CUST_2103,Bangalore Central,3-5,Monday,2.35,3,0
CUST_2104,Bangalore Central,10-12,Friday,8.18,2,1
CUST_2105,Bangalore Central,10-12,Friday,3.15,2,1
CUST_2106,Bangalore North,12-3,Monday,12.2,1,1
CUST_2107,Bangalore East,10-12,Wednesday,8.04,2,1
CUST_2108,Bangalore South,3-5,Tuesday,5.11,2,0
CUST_2109,Bangalore South,3-5,Tuesday,2.39,2,1
CUST_2110,Bangalore North,3-5,Monday,13.83,2,1
CUST_2111,Bangalore South,12-3,Tuesday,5.59,2,1
CUST_2112,Bangalore South,10-12,Monday,2.08,3,1
CUST_2113,Bangalore North,3-5,Friday,8.14,1,0
CUST_2114,Bangalore North,12-3,Monday,14.34,3,1
CUST_2115,Bangalore North,12-3,Thursday,8.86,2,0
CUST_2116,Bangalore Central,3-5,Tuesday,6.41,2,1
CUST_2117,Bangalore East,3-5,Wednesday,4.74,3,1
CUST_2118,Bangalore North,12-3,Monday,11.47,1,1
CUST_2119,Bangalore South,10-12,Tuesday,13.83,1,0
CUST_2120,Bangalore East,12-3,Monday,1.64,2,0
CUST_2121,Bangalore East,3-5,Wednesday,3.42,1,0
CUST_2122,Bangalore South,3-5,Wednesday,10.36,1,0
CUST_2123,Bangalore East,3-5,Wednesday,7.83,2,0
CUST_2124,Bangalore North,12-3,Friday,11.07,2,0
CUST_2125,Bangalore East,10-12,Wednesday,11.07,2,1
CUST_2126,Bangalore North,10-12,Thursday,13.67,2,0
CUST_2127,Bangalore Central,3-5,Wednesday,5.3,2,0
CUST_2128,Bangalore North,3-5,Monday,4.41,3,0
CUST_2129,Bangalore Central,3-5,Thursday,9.47,3,0
CUST_2130,Bangalore South,3-5,Friday,5.94,3,0
CUST_2131,Bangalore South,10-12,Friday,14.09,1,0
CUST_2132,Bangalore East,10-12,Tuesday,5.06,2,0
CUST_2133,Bangalore North,10-12,Thursday,6.25,2,0
CUST_2134,Bangalore South,3-5,Friday,12.78,1,1
CUST_2135,Bangalore Central,3-5,Wednesday,10.02,3,0
CUST_2136,Bangalore South,10-12,Friday,12.56,1,0
CUST_2137,Bangalore North,12-3,Monday,12.74,1,1
CUST_2138,Bangalore South,10-12,Tuesday,11.0,1,0
CUST_2139,Bangalore North,3-5,Monday,8.56,3,1
CUST_2140,Bangalore Central,12-3,Friday,12.54,2,1
CUST_2141,Bangalore East,3-5,Monday,9.65,2,0
CUST_2142,Bangalore South,12-3,Monday,1.92,1,0
CUST_2143,Bangalore Central,3-5,Tuesday,4.71,2,0
CUST_2144,Bangalore South,10-12,Wednesday,6.63,3,0
CUST_2145,Bangalore East,10-12,Monday,13.36,1,0
CUST_2146,Bangalore East,12-3,Thursday,4.41,2,1
CUST_2147,Bangalore South,3-5,Wednesday,9.93,2,0
CUST_2148,Bangalore Central,3-5,Monday,4.19,1,0
CUST_2149,Bangalore North,10-12,Monday,5.55,2,1
CUST_2150,Bangalore East,10-12,Tuesday,2.09,1,0
CUST_2151,Bangalore North,10-12,Friday,13.75,1,0
CUST_2152,Bangalore South,3-5,Monday,14.12,1,1
CUST_2153,Bangalore Central,3-5,Monday,1.18,2,1
CUST_2154,Bangalore Central,3-5,Wednesday,4.59,2,1
CUST_2155,Bangalore East,12-3,Friday,11.82,2,0
CUST_2156,Bangalore North,10-12,Thursday,10.68,2,1
CUST_2157,Bangalore North,12-3,Thursday,13.79,3,0
CUST_2158,Bangalore East,3-5,Friday,6.92,2,1
CUST_2159,Bangalore South,3-5,Friday,11.18,2,1
CUST_2160,Bangalore North,3-5,Friday,14.26,3,1
CUST_2161,Bangalore East,10-12,Monday,2.33,3,0
CUST_2162,Bangalore Central,3-5,Friday,12.41,3,0
CUST_2163,Bangalore East,10-12,Tuesday,10.83,2,1
CUST_2164,Bangalore East,12-3,Wednesday,12.16,1,0
CUST_2165,Bangalore East,10-12,Monday,7.61,2,0
CUST_2166,Bangalore East,12-3,Tuesday,13.2,1,0
CUST_2167,Bangalore Central,10-12,Tuesday,10.86,2,0
CUST_2168,Bangalore East,12-3,Friday,3.0,2,0
CUST_2169,Bangalore South,12-3,Monday,5.06,2,0
CUST_2170,Bangalore South,3-5,Monday,6.0,1,1
CUST_2171,Bangalore South,12-3,Thursday,11.51,2,1
CUST_2172,Bangalore South,10-12,Friday,14.9,2,0
CUST_2173,Bangalore Central,10-12,Friday,11.35,1,1
CUST_2174,Bangalore East,10-12,Thursday,2.05,1,0
CUST_2175,Bangalore East,12-3,Monday,12.79,1,1
CUST_2176,Bangalore North,10-12,Friday,9.89,2,1
CUST_2177,Bangalore South,10-12,Friday,13.04,2,0
CUST_2178,Bangalore Central,10-12,Thursday,10.26,2,0
CUST_2179,Bangalore Central,3-5,Thursday,1.63,3,0
CUST_2180,Bangalore Central,10-12,Thursday,5.38,2,0
CUST_2181,Bangalore East,10-12,Wednesday,11.33,1,1
CUST_2182,Bangalore Central,10-12,Friday,7.36,2,1
CUST_2183,Bangalore Central,10-12,Thursday,12.08,2,1
CUST_2184,Bangalore North,3-5,Friday,3.54,2,0
CUST_2185,Bangalore South,12-3,Thursday,3.18,1,1
CUST_2186,Bangalore East,3-5,Tuesday,13.87,1,1
CUST_2187,Bangalore South,10-12,Wednesday,8.23,1,1
CUST_2188,Bangalore Central,12-3,Wednesday,9.69,1,0
CUST_2189,Bangalore South,10-12,Monday,7.78,3,1
CUST_2190,Bangalore East,3-5,Friday,5.79,1,0
CUST_2191,Bangalore Central,12-3,Friday,7.4,2,1
CUST_2192,Bangalore South,12-3,Tuesday,2.68,2,0
CUST_2193,Bangalore North,12-3,Friday,12.61,1,0
CUST_2194,Bangalore South,3-5,Tuesday,14.68,2,0
CUST_2195,Bangalore South,10-12,Friday,7.13,2,1
CUST_2196,Bangalore East,12-3,Tuesday,14.16,1,0
CUST_2197,Bangalore North,3-5,Monday,3.93,2,1
CUST_2198,Bangalore North,10-12,Friday,4.66,2,1
CUST_2199,Bangalore North,3-5,Wednesday,8.4,3,1
CUST_2200,Bangalore Central,3-5,Friday,6.27,3,0
CUST_2201,Bangalore East,10-12,Friday,9.04,2,0
CUST_2202,Bangalore South,10-12,Friday,3.93,3,1
CUST_2203,Bangalore Central,3-5,Monday,10.57,1,1
CUST_2204,Bangalore East,3-5,Wednesday,2.08,3,1
CUST_2205,Bangalore North,10-12,Tuesday,14.61,3,0
CUST_2206,Bangalore East,3-5,Wednesday,5.76,1,1
CUST_2207,Bangalore South,10-12,Tuesday,3.91,2,0
CUST_2208,Bangalore North,10-12,Thursday,6.87,1,1
CUST_2209,Bangalore South,10-12,Wednesday,12.38,2,0
CUST_2210,Bangalore South,12-3,Wednesday,7.4,1,1
CUST_2211,Bangalore South,12-3,Wednesday,5.64,3,0
CUST_2212,Bangalore Central,12-3,Wednesday,11.26,2,1
CUST_2213,Bangalore North,12-3,Wednesday,7.1,3,0
CUST_2214,Bangalore Central,10-12,Wednesday,4.98,3,1
CUST_2215,Bangalore North,10-12,Monday,5.73,2,1
CUST_2216,Bangalore South,12-3,Thursday,2.92,1,1
CUST_2217,Bangalore Central,10-12,Wednesday,6.08,1,1
CUST_2218,Bangalore East,3-5,Wednesday,6.5,1,0
CUST_2219,Bangalore North,10-12,Thursday,8.9,2,1
CUST_2220,Bangalore South,10-12,Wednesday,10.45,2,1
CUST_2221,Bangalore Central,3-5,Friday,12.55,2,0
CUST_2222,Bangalore East,12-3,Monday,9.84,2,1
CUST_2223,Bangalore South,3-5,Thursday,10.89,2,0
CUST_2224,Bangalore East,10-12,Friday,12.91,2,0
CUST_2225,Bangalore Central,10-12,Monday,6.28,1,1
CUST_2226,Bangalore Central,10-12,Friday,11.42,1,0
CUST_2227,Bangalore South,10-12,Friday,11.67,2,1
CUST_2228,Bangalore North,12-3,Wednesday,5.57,2,0
CUST_2229,Bangalore South,3-5,Wednesday,2.03,3,1
CUST_2230,Bangalore South,12-3,Tuesday,5.37,1,0
CUST_2231,Bangalore North,3-5,Monday,7.77,2,0
CUST_2232,Bangalore North,3-5,Wednesday,2.37,2,0
CUST_2233,Bangalore South,12-3,Thursday,10.79,3,0
CUST_2234,Bangalore Central,10-12,Wednesday,8.21,1,0
CUST_2235,Bangalore South,3-5,Monday,12.36,2,1
CUST_2236,Bangalore Central,3-5,Friday,8.88,1,1
CUST_2237,Bangalore South,10-12,Tuesday,5.95,2,1
CUST_2238,Bangalore South,12-3,Tuesday,9.81,3,0
CUST_2239,Bangalore North,10-12,Wednesday,3.36,2,0
CUST_2240,Bangalore Central,10-12,Thursday,10.41,1,0
CUST_2241,Bangalore South,3-5,Thursday,13.53,2,0
CUST_2242,Bangalore East,3-5,Wednesday,8.4,2,1
CUST_2243,Bangalore South,10-12,Friday,8.85,3,0
CUST_2244,Bangalore Central,10-12,Tuesday,12.13,2,1
CUST_2245,Bangalore East,3-5,Monday,14.91,3,1
CUST_2246,Bangalore South,10-12,Wednesday,11.23,1,0
CUST_2247,Bangalore East,12-3,Monday,4.93,1,1
CUST_2248,Bangalore North,3-5,Friday,3.08,2,1
CUST_2249,Bangalore Central,3-5,Thursday,8.65,2,0
CUST_2250,Bangalore Central,12-3,Thursday,12.89,1,1
CUST_2251,Bangalore North,12-3,Tuesday,14.1,1,1
CUST_2252,Bangalore South,12-3,Wednesday,1.75,2,0
CUST_2253,Bangalore East,10-12,Wednesday,8.7,2,1
CUST_2254,Bangalore North,3-5,Friday,14.41,2,1
CUST_2255,Bangalore Central,3-5,Monday,7.92,2,1
CUST_2256,Bangalore South,12-3,Tuesday,3.58,3,1
CUST_2257,Bangalore North,3-5,Friday,12.07,1,1
CUST_2258,Bangalore Central,10-12,Tuesday,13.08,1,0
CUST_2259,Bangalore South,10-12,Monday,6.08,2,1
CUST_2260,Bangalore North,3-5,Friday,1.75,1,1
CUST_2261,Bangalore South,10-12,Monday,10.24,1,0
CUST_2262,Bangalore North,3-5,Friday,2.78,3,0
CUST_2263,Bangalore East,10-12,Tuesday,13.95,1,1
CUST_2264,Bangalore South,3-5,Friday,12.61,1,0
CUST_2265,Bangalore East,10-12,Monday,3.86,2,0
CUST_2266,Bangalore Central,3-5,Thursday,6.91,1,0
CUST_2267,Bangalore East,3-5,Tuesday,5.27,2,0
CUST_2268,Bangalore South,10-12,Friday,1.58,1,1
CUST_2269,Bangalore East,10-12,Tuesday,11.2,2,1
CUST_2270,Bangalore North,12-3,Wednesday,8.23,1,1
CUST_2271,Bangalore South,12-3,Monday,12.72,1,0
CUST_2272,Bangalore South,12-3,Wednesday,12.27,1,1
CUST_2273,Bangalore South,3-5,Friday,8.19,2,1
CUST_2274,Bangalore East,3-5,Thursday,1.86,2,1
CUST_2275,Bangalore North,3-5,Thursday,5.39,2,1
CUST_2276,Bangalore South,12-3,Thursday,1.51,2,1
CUST_2277,Bangalore Central,3-5,Monday,6.17,2,0
CUST_2278,Bangalore East,10-12,Tuesday,5.92,3,0
CUST_2279,Bangalore Central,12-3,Wednesday,10.27,2,0
CUST_2280,Bangalore North,10-12,Friday,6.96,2,0
CUST_2281,Bangalore East,3-5,Tuesday,10.16,3,1
CUST_2282,Bangalore Central,10-12,Thursday,5.7,2,0
CUST_2283,Bangalore North,10-12,Monday,9.23,1,1
CUST_2284,Bangalore North,3-5,Thursday,12.98,2,0
CUST_2285,Bangalore Central,10-12,Friday,5.18,1,0
CUST_2286,Bangalore East,10-12,Friday,3.39,2,0
CUST_2287,Bangalore North,3-5,Wednesday,5.26,3,0
CUST_2288,Bangalore South,3-5,Monday,13.01,2,0
CUST_2289,Bangalore East,3-5,Thursday,1.37,2,1
CUST_2290,Bangalore North,12-3,Monday,10.93,3,1
CUST_2291,Bangalore Central,3-5,Wednesday,4.62,1,1
CUST_2292,Bangalore South,10-12,Wednesday,14.49,1,1
CUST_2293,Bangalore South,12-3,Monday,14.5,3,1
CUST_2294,Bangalore South,10-12,Thursday,5.08,2,0
CUST_2295,Bangalore North,3-5,Wednesday,6.67,1,1
CUST_2296,Bangalore South,10-12,Monday,9.42,2,1
CUST_2297,Bangalore East,3-5,Thursday,14.73,1,1
CUST_2298,Bangalore North,12-3,Friday,7.37,3,0
CUST_2299,Bangalore South,12-3,Wednesday,8.36,2,0
CUST_2300,Bangalore South,3-5,Friday,1.4,2,1
CUST_2301,Bangalore North,10-12,Friday,10.64,1,0
CUST_2302,Bangalore East,3-5,Tuesday,5.24,2,1
CUST_2303,Bangalore East,3-5,Thursday,13.92,2,0
CUST_2304,Bangalore South,10-12,Wednesday,6.75,1,0
CUST_2305,Bangalore North,12-3,Thursday,12.44,1,1
CUST_2306,Bangalore East,10-12,Tuesday,9.04,2,1
CUST_2307,Bangalore South,12-3,Wednesday,6.48,2,0
CUST_2308,Bangalore South,3-5,Wednesday,7.03,1,0
CUST_2309,Bangalore East,12-3,Wednesday,13.69,2,1
CUST_2310,Bangalore East,3-5,Monday,6.63,2,1
CUST_2311,Bangalore East,3-5,Monday,3.12,1,0
CUST_2312,Bangalore South,3-5,Tuesday,5.14,2,1
CUST_2313,Bangalore Central,3-5,Tuesday,11.91,2,0
CUST_2314,Bangalore East,3-5,Tuesday,13.18,2,1
CUST_2315,Bangalore South,10-12,Friday,11.27,2,0
CUST_2316,Bangalore Central,10-12,Friday,14.4,1,0
CUST_2317,Bangalore North,12-3,Monday,3.19,3,1
CUST_2318,Bangalore North,3-5,Monday,3.01,2,1
CUST_2319,Bangalore Central,12-3,Thursday,1.01,2,0
CUST_2320,Bangalore South,10-12,Thursday,4.11,2,0
CUST_2321,Bangalore North,3-5,Monday,2.56,2,1
CUST_2322,Bangalore South,10-12,Thursday,5.2,3,1
CUST_2323,Bangalore East,3-5,Tuesday,6.52,1,1
CUST_2324,Bangalore North,3-5,Tuesday,11.52,2,1
CUST_2325,Bangalore Central,12-3,Monday,11.18,1,1
CUST_2326,Bangalore Central,12-3,Friday,5.32,2,0
CUST_2327,Bangalore North,3-5,Tuesday,1.7,1,0
CUST_2328,Bangalore East,10-12,Thursday,12.17,3,0
CUST_2329,Bangalore South,12-3,Monday,3.7,2,0
CUST_2330,Bangalore East,3-5,Tuesday,8.57,3,0
CUST_2331,Bangalore North,10-12,Wednesday,2.35,2,0
CUST_2332,Bangalore South,10-12,Monday,3.81,2,1
CUST_2333,Bangalore South,10-12,Wednesday,9.81,3,1
CUST_2334,Bangalore Central,12-3,Tuesday,10.37,1,0
CUST_2335,Bangalore Central,10-12,Wednesday,7.34,2,1
CUST_2336,Bangalore East,10-12,Monday,10.27,1,0
CUST_2337,Bangalore North,10-12,Monday,7.74,2,1
CUST_2338,Bangalore East,10-12,Thursday,7.87,1,0
CUST_2339,Bangalore East,12-3,Friday,11.26,1,0
CUST_2340,Bangalore South,12-3,Friday,3.91,2,1
CUST_2341,Bangalore East,3-5,Wednesday,8.37,2,1
CUST_2342,Bangalore East,3-5,Friday,10.85,3,1
CUST_2343,Bangalore South,3-5,Tuesday,10.04,2,1
CUST_2344,Bangalore Central,10-12,Wednesday,13.18,1,0
CUST_2345,Bangalore Central,10-12,Tuesday,2.76,2,0
CUST_2346,Bangalore Central,3-5,Wednesday,2.56,2,1
CUST_2347,Bangalore South,10-12,Friday,12.47,2,1
CUST_2348,Bangalore North,12-3,Wednesday,13.97,1,0
CUST_2349,Bangalore Central,12-3,Monday,10.19,2,0
CUST_2350,Bangalore North,3-5,Thursday,10.11,1,1
CUST_2351,Bangalore North,10-12,Monday,7.31,2,1
CUST_2352,Bangalore South,12-3,Friday,12.4,1,1
CUST_2353,Bangalore Central,12-3,Friday,1.04,2,1
CUST_2354,Bangalore South,3-5,Monday,8.34,1,0
CUST_2355,Bangalore East,3-5,Tuesday,14.97,2,1
CUST_2356,Bangalore North,10-12,Monday,7.51,2,0
CUST_2357,Bangalore Central,12-3,Friday,5.0,2,0
CUST_2358,Bangalore Central,10-12,Monday,13.38,3,1
CUST_2359,Bangalore South,3-5,Thursday,4.89,2,0
CUST_2360,Bangalore South,3-5,Wednesday,1.89,2,1
CUST_2361,Bangalore East,10-12,Wednesday,2.13,3,1
CUST_2362,Bangalore Central,12-3,Friday,5.62,2,0
CUST_2363,Bangalore South,10-12,Wednesday,5.94,1,0
CUST_2364,Bangalore Central,3-5,Tuesday,1.32,1,0
CUST_2365,Bangalore Central,3-5,Monday,8.26,3,0
CUST_2366,Bangalore Central,10-12,Wednesday,5.32,1,0
CUST_2367,Bangalore South,12-3,Tuesday,1.71,3,1
CUST_2368,Bangalore East,12-3,Wednesday,10.16,1,1
CUST_2369,Bangalore East,10-12,Monday,14.27,2,0
CUST_2370,Bangalore East,10-12,Tuesday,6.15,2,1
CUST_2371,Bangalore East,3-5,Wednesday,6.16,2,1
CUST_2372,Bangalore Central,12-3,Friday,9.79,2,1
CUST_2373,Bangalore East,3-5,Monday,9.1,2,1
CUST_2374,Bangalore South,12-3,Thursday,12.3,2,1
CUST_2375,Bangalore North,3-5,Tuesday,1.08,2,1
CUST_2376,Bangalore South,10-12,Thursday,11.15,1,0
CUST_2377,Bangalore Central,10-12,Wednesday,9.93,2,1
CUST_2378,Bangalore South,10-12,Wednesday,5.89,2,1
CUST_2379,Bangalore East,3-5,Monday,13.99,3,1
CUST_2380,Bangalore Central,12-3,Monday,5.34,2,0
CUST_2381,Bangalore North,3-5,Wednesday,14.04,3,0
CUST_2382,Bangalore Central,3-5,Friday,4.86,2,1
CUST_2383,Bangalore South,10-12,Thursday,8.5,3,1
CUST_2384,Bangalore South,3-5,Tuesday,9.22,3,0
CUST_2385,Bangalore South,3-5,Friday,4.36,3,1
CUST_2386,Bangalore North,10-12,Wednesday,14.16,2,1
CUST_2387,Bangalore Central,3-5,Wednesday,2.84,3,0
CUST_2388,Bangalore South,12-3,Friday,2.11,1,0
CUST_2389,Bangalore Central,10-12,Tuesday,4.32,1,1
CUST_2390,Bangalore East,10-12,Thursday,3.72,3,1
CUST_2391,Bangalore North,10-12,Monday,9.94,1,0
CUST_2392,Bangalore South,12-3,Tuesday,5.15,1,0
CUST_2393,Bangalore East,3-5,Monday,5.52,2,0
CUST_2394,Bangalore North,10-12,Monday,4.89,3,1
CUST_2395,Bangalore East,3-5,Monday,3.31,2,1
CUST_2396,Bangalore Central,3-5,Thursday,4.62,3,1
CUST_2397,Bangalore Central,10-12,Thursday,5.88,2,0
CUST_2398,Bangalore South,3-5,Monday,9.52,3,0
CUST_2399,Bangalore North,12-3,Monday,5.74,2,1
CUST_2400,Bangalore North,10-12,Friday,6.52,3,1
CUST_2401,Bangalore South,12-3,Monday,13.59,3,0
CUST_2402,Bangalore East,3-5,Friday,10.57,2,0
CUST_2403,Bangalore North,10-12,Friday,1.24,2,1
CUST_2404,Bangalore South,12-3,Thursday,5.31,2,1
CUST_2405,Bangalore East,12-3,Wednesday,6.34,1,0
CUST_2406,Bangalore South,10-12,Wednesday,6.47,2,1
CUST_2407,Bangalore South,10-12,Monday,10.17,2,1
CUST_2408,Bangalore North,3-5,Wednesday,8.72,3,0
CUST_2409,Bangalore North,12-3,Tuesday,7.31,3,0
CUST_2410,Bangalore South,3-5,Monday,3.08,3,0
CUST_2411,Bangalore North,12-3,Tuesday,11.32,2,0
CUST_2412,Bangalore North,3-5,Friday,6.88,2,1
CUST_2413,Bangalore North,10-12,Monday,9.84,2,1
CUST_2414,Bangalore East,12-3,Wednesday,4.41,1,1
CUST_2415,Bangalore Central,10-12,Tuesday,5.65,2,1
CUST_2416,Bangalore North,12-3,Friday,10.61,1,0
CUST_2417,Bangalore East,3-5,Monday,10.58,2,1
CUST_2418,Bangalore Central,10-12,Wednesday,13.09,1,0
CUST_2419,Bangalore South,3-5,Wednesday,1.29,2,0
CUST_2420,Bangalore East,10-12,Wednesday,14.94,2,1
CUST_2421,Bangalore South,3-5,Thursday,8.52,2,1
CUST_2422,Bangalore Central,10-12,Thursday,3.88,2,0
CUST_2423,Bangalore South,3-5,Wednesday,11.36,2,0
CUST_2424,Bangalore North,10-12,Monday,14.15,2,1
CUST_2425,Bangalore North,10-12,Wednesday,3.1,2,1
CUST_2426,Bangalore East,12-3,Friday,9.11,2,0
CUST_2427,Bangalore Central,12-3,Friday,2.09,3,1
CUST_2428,Bangalore North,12-3,Tuesday,5.15,2,0
CUST_2429,Bangalore South,12-3,Wednesday,6.94,2,1
CUST_2430,Bangalore East,10-12,Tuesday,2.3,1,0
CUST_2431,Bangalore North,12-3,Friday,14.09,2,0
CUST_2432,Bangalore Central,12-3,Friday,7.57,1,1
CUST_2433,Bangalore Central,10-12,Monday,1.14,1,1
CUST_2434,Bangalore South,12-3,Monday,14.91,3,1
CUST_2435,Bangalore North,3-5,Friday,3.41,2,0
CUST_2436,Bangalore South,3-5,Friday,5.39,2,1
CUST_2437,Bangalore Central,3-5,Wednesday,4.46,1,1
CUST_2438,Bangalore East,10-12,Monday,10.34,3,1
CUST_2439,Bangalore South,10-12,Thursday,10.37,1,1
CUST_2440,Bangalore South,3-5,Tuesday,8.29,2,0
CUST_2441,Bangalore Central,3-5,Wednesday,13.19,3,0
CUST_2442,Bangalore North,12-3,Monday,10.77,3,0
CUST_2443,Bangalore East,10-12,Monday,5.95,1,0
CUST_2444,Bangalore East,3-5,Wednesday,8.8,1,1
CUST_2445,Bangalore East,3-5,Friday,11.99,1,1
CUST_2446,Bangalore East,10-12,Wednesday,13.09,2,0
CUST_2447,Bangalore North,10-12,Thursday,8.8,3,1
CUST_2448,Bangalore Central,3-5,Wednesday,1.97,2,0
CUST_2449,Bangalore South,10-12,Monday,4.36,2,0
CUST_2450,Bangalore South,12-3,Wednesday,3.56,1,0
CUST_2451,Bangalore North,12-3,Wednesday,1.59,1,0
CUST_2452,Bangalore Central,10-12,Monday,6.26,2,0
CUST_2453,Bangalore South,3-5,Wednesday,2.1,3,0
CUST_2454,Bangalore North,3-5,Friday,1.54,3,0
CUST_2455,Bangalore East,10-12,Friday,12.76,1,0
CUST_2456,Bangalore East,12-3,Wednesday,1.63,1,1
CUST_2457,Bangalore East,3-5,Thursday,12.19,1,1
CUST_2458,Bangalore South,12-3,Thursday,10.44,2,1
CUST_2459,Bangalore East,3-5,Friday,4.98,2,0
CUST_2460,Bangalore Central,12-3,Monday,12.29,3,0
CUST_2461,Bangalore Central,10-12,Monday,8.28,1,0
CUST_2462,Bangalore Central,3-5,Thursday,9.2,2,0
CUST_2463,Bangalore East,12-3,Thursday,7.95,2,1
CUST_2464,Bangalore East,3-5,Friday,6.04,3,0
CUST_2465,Bangalore Central,12-3,Monday,1.04,3,1
CUST_2466,Bangalore East,3-5,Friday,7.69,2,1
CUST_2467,Bangalore South,3-5,Thursday,7.33,2,1
CUST_2468,Bangalore East,3-5,Tuesday,3.5,1,1
CUST_2469,Bangalore East,10-12,Tuesday,2.03,3,1
CUST_2470,Bangalore East,3-5,Thursday,9.6,2,0
CUST_2471,Bangalore North,3-5,Tuesday,4.6,1,1
CUST_2472,Bangalore North,10-12,Wednesday,9.89,1,1
CUST_2473,Bangalore Central,12-3,Tuesday,6.86,2,1
CUST_2474,Bangalore East,10-12,Thursday,13.57,2,1
CUST_2475,Bangalore East,3-5,Monday,9.59,2,1
CUST_2476,Bangalore South,10-12,Monday,3.95,2,1
CUST_2477,Bangalore Central,3-5,Monday,3.8,2,1
CUST_2478,Bangalore Central,3-5,Wednesday,14.71,1,0
CUST_2479,Bangalore East,3-5,Thursday,3.99,2,0
CUST_2480,Bangalore East,12-3,Friday,1.82,2,1
CUST_2481,Bangalore South,10-12,Friday,6.0,2,0
CUST_2482,Bangalore North,10-12,Friday,9.72,2,1
CUST_2483,Bangalore East,3-5,Thursday,2.97,2,0
CUST_2484,Bangalore Central,3-5,Wednesday,9.82,2,0
CUST_2485,Bangalore South,3-5,Friday,4.15,1,1
CUST_2486,Bangalore North,10-12,Thursday,8.75,3,1
CUST_2487,Bangalore Central,3-5,Thursday,10.87,2,1
CUST_2488,Bangalore South,12-3,Tuesday,13.6,1,1
CUST_2489,Bangalore North,10-12,Friday,5.37,2,1
CUST_2490,Bangalore Central,12-3,Wednesday,3.63,3,1
CUST_2491,Bangalore North,12-3,Tuesday,6.06,1,1
CUST_2492,Bangalore South,10-12,Friday,4.34,3,0
CUST_2493,Bangalore North,12-3,Friday,9.44,3,0
CUST_2494,Bangalore South,10-12,Friday,14.57,2,1
CUST_2495,Bangalore Central,12-3,Monday,8.83,2,1
CUST_2496,Bangalore South,10-12,Monday,13.86,1,1
CUST_2497,Bangalore Central,12-3,Friday,4.37,2,1
CUST_2498,Bangalore East,12-3,Friday,14.33,1,1
CUST_2499,Bangalore South,10-12,Monday,6.72,3,1
CUST_2500,Bangalore Central,10-12,Wednesday,11.92,1,0
CUST_2501,Bangalore Central,10-12,Tuesday,7.6,2,1
CUST_2502,Bangalore East,10-12,Monday,2.68,3,1
CUST_2503,Bangalore Central,10-12,Friday,4.59,3,1
CUST_2504,Bangalore East,10-12,Friday,14.29,2,1
CUST_2505,Bangalore East,12-3,Monday,13.0,2,0
CUST_2506,Bangalore South,10-12,Thursday,2.81,2,0
CUST_2507,Bangalore Central,10-12,Friday,3.11,2,1
CUST_2508,Bangalore East,12-3,Thursday,1.26,2,1
CUST_2509,Bangalore East,10-12,Monday,13.06,1,1
CUST_2510,Bangalore North,3-5,Thursday,9.49,3,0
CUST_2511,Bangalore South,12-3,Friday,10.97,3,1
CUST_2512,Bangalore North,3-5,Wednesday,11.45,3,1
CUST_2513,Bangalore South,12-3,Monday,10.64,3,0
CUST_2514,Bangalore South,12-3,Monday,5.91,2,1
CUST_2515,Bangalore Central,3-5,Friday,14.67,1,0
CUST_2516,Bangalore East,10-12,Tuesday,8.24,2,0
CUST_2517,Bangalore East,3-5,Monday,1.04,2,1
CUST_2518,Bangalore South,12-3,Tuesday,3.64,2,1
CUST_2519,Bangalore East,12-3,Monday,3.97,2,0
CUST_2520,Bangalore Central,10-12,Thursday,12.77,1,1
CUST_2521,Bangalore Central,12-3,Tuesday,1.81,2,1
CUST_2522,Bangalore Central,12-3,Thursday,5.18,3,0
CUST_2523,Bangalore East,12-3,Thursday,9.33,1,0
CUST_2524,Bangalore Central,3-5,Wednesday,1.36,2,1
CUST_2525,Bangalore East,3-5,Thursday,9.53,2,0
CUST_2526,Bangalore South,3-5,Monday,2.35,2,0
CUST_2527,Bangalore Central,10-12,Thursday,8.78,2,1
CUST_2528,Bangalore Central,10-12,Thursday,8.4,1,1
CUST_2529,Bangalore East,12-3,Tuesday,2.89,3,1
CUST_2530,Bangalore Central,12-3,Tuesday,1.73,3,0
CUST_2531,Bangalore East,10-12,Wednesday,14.64,1,0
CUST_2532,Bangalore South,3-5,Friday,14.91,2,0
CUST_2533,Bangalore East,12-3,Thursday,4.27,1,0
CUST_2534,Bangalore South,3-5,Monday,14.1,1,1
CUST_2535,Bangalore Central,3-5,Wednesday,11.75,3,0
CUST_2536,Bangalore North,12-3,Friday,14.24,2,1
CUST_2537,Bangalore Central,10-12,Tuesday,5.34,1,0
CUST_2538,Bangalore Central,12-3,Monday,9.83,3,1
CUST_2539,Bangalore South,3-5,Monday,3.51,2,0
CUST_2540,Bangalore Central,10-12,Tuesday,2.19,2,1
CUST_2541,Bangalore East,12-3,Friday,14.59,2,0
CUST_2542,Bangalore East,3-5,Monday,3.85,2,0
CUST_2543,Bangalore South,10-12,Monday,1.62,3,1
CUST_2544,Bangalore Central,10-12,Friday,7.92,2,0
CUST_2545,Bangalore South,10-12,Wednesday,4.85,3,0
CUST_2546,Bangalore Central,10-12,Tuesday,14.82,1,1
CUST_2547,Bangalore East,12-3,Monday,7.49,1,0
CUST_2548,Bangalore South,12-3,Friday,9.3,2,0
CUST_2549,Bangalore North,3-5,Thursday,5.31,3,0
CUST_2550,Bangalore South,3-5,Wednesday,1.07,2,0
CUST_2551,Bangalore South,12-3,Wednesday,3.99,1,1
CUST_2552,Bangalore South,10-12,Thursday,1.17,3,1
CUST_2553,Bangalore North,3-5,Thursday,14.01,3,0
CUST_2554,Bangalore Central,12-3,Wednesday,9.89,2,1
CUST_2555,Bangalore North,12-3,Monday,8.53,1,0
CUST_2556,Bangalore East,10-12,Wednesday,9.29,2,1
CUST_2557,Bangalore Central,3-5,Friday,4.88,3,1
CUST_2558,Bangalore East,12-3,Friday,3.08,1,1
CUST_2559,Bangalore East,12-3,Thursday,3.02,1,1
CUST_2560,Bangalore South,10-12,Tuesday,1.51,2,1
CUST_2561,Bangalore Central,3-5,Monday,5.1,2,0
CUST_2562,Bangalore Central,3-5,Wednesday,3.09,2,1
CUST_2563,Bangalore South,10-12,Monday,13.21,1,0
CUST_2564,Bangalore Central,3-5,Thursday,5.09,1,0
CUST_2565,Bangalore South,12-3,Friday,2.71,3,0
CUST_2566,Bangalore North,12-3,Wednesday,12.75,3,0
CUST_2567,Bangalore East,3-5,Monday,3.94,1,0
CUST_2568,Bangalore Central,3-5,Wednesday,5.32,3,1
CUST_2569,Bangalore Central,3-5,Monday,5.14,1,1
CUST_2570,Bangalore East,12-3,Friday,10.68,2,1
CUST_2571,Bangalore Central,3-5,Monday,4.72,2,0
CUST_2572,Bangalore North,12-3,Friday,2.81,1,1
CUST_2573,Bangalore East,10-12,Wednesday,8.74,2,1
CUST_2574,Bangalore North,10-12,Thursday,14.67,2,0
CUST_2575,Bangalore South,12-3,Monday,5.15,3,1
CUST_2576,Bangalore South,12-3,Tuesday,8.02,1,1
CUST_2577,Bangalore Central,10-12,Monday,1.52,2,0
CUST_2578,Bangalore East,12-3,Thursday,3.81,2,1
CUST_2579,Bangalore Central,10-12,Thursday,7.34,1,1
CUST_2580,Bangalore North,10-12,Tuesday,3.29,3,0
CUST_2581,Bangalore Central,3-5,Thursday,4.13,3,0
CUST_2582,Bangalore Central,3-5,Tuesday,2.29,3,0
CUST_2583,Bangalore Central,12-3,Tuesday,8.51,1,1
CUST_2584,Bangalore North,10-12,Wednesday,2.98,1,1
CUST_2585,Bangalore North,12-3,Monday,14.22,2,1
CUST_2586,Bangalore South,10-12,Thursday,13.3,2,0
CUST_2587,Bangalore East,10-12,Wednesday,2.49,3,1
CUST_2588,Bangalore Central,12-3,Tuesday,5.05,1,0
CUST_2589,Bangalore South,10-12,Monday,13.61,3,0
CUST_2590,Bangalore East,12-3,Wednesday,10.86,1,1
CUST_2591,Bangalore South,12-3,Monday,4.53,2,0
CUST_2592,Bangalore East,3-5,Friday,8.89,2,0
CUST_2593,Bangalore North,10-12,Wednesday,9.15,3,1
CUST_2594,Bangalore South,10-12,Wednesday,14.39,2,0
CUST_2595,Bangalore South,10-12,Wednesday,1.76,1,1
CUST_2596,Bangalore South,3-5,Friday,2.51,2,1
CUST_2597,Bangalore North,12-3,Wednesday,3.59,1,1
CUST_2598,Bangalore South,10-12,Tuesday,8.74,2,1
CUST_2599,Bangalore Central,3-5,Friday,3.81,1,0
CUST_2600,Bangalore South,10-12,Tuesday,10.82,2,0
CUST_2601,Bangalore Central,12-3,Friday,11.04,2,1
CUST_2602,Bangalore Central,12-3,Friday,5.59,2,0
CUST_2603,Bangalore East,12-3,Thursday,14.63,1,1
CUST_2604,Bangalore East,10-12,Monday,6.41,1,0
CUST_2605,Bangalore North,3-5,Wednesday,8.44,1,0
CUST_2606,Bangalore South,12-3,Thursday,14.22,3,1
CUST_2607,Bangalore South,10-12,Wednesday,11.66,2,1
CUST_2608,Bangalore Central,3-5,Monday,14.27,2,0
CUST_2609,Bangalore South,3-5,Monday,8.59,2,1
CUST_2610,Bangalore Central,12-3,Tuesday,5.99,2,1
CUST_2611,Bangalore East,10-12,Friday,8.83,1,0
CUST_2612,Bangalore East,12-3,Thursday,7.24,2,0
CUST_2613,Bangalore North,3-5,Monday,11.32,1,1
CUST_2614,Bangalore South,12-3,Tuesday,3.22,2,1
CUST_2615,Bangalore East,12-3,Tuesday,7.43,1,0
CUST_2616,Bangalore South,3-5,Thursday,4.53,2,1
CUST_2617,Bangalore East,10-12,Monday,3.02,1,0
CUST_2618,Bangalore East,10-12,Monday,3.6,1,1
CUST_2619,Bangalore North,12-3,Tuesday,13.42,1,0
CUST_2620,Bangalore North,3-5,Wednesday,11.39,3,0
CUST_2621,Bangalore North,3-5,Wednesday,12.61,3,0
CUST_2622,Bangalore North,3-5,Wednesday,12.27,3,0
CUST_2623,Bangalore Central,3-5,Thursday,8.72,2,1
CUST_2624,Bangalore East,10-12,Thursday,7.95,2,0
CUST_2625,Bangalore North,3-5,Thursday,9.09,2,0
CUST_2626,Bangalore North,3-5,Thursday,3.73,1,1
CUST_2627,Bangalore North,12-3,Friday,6.69,3,1
CUST_2628,Bangalore East,3-5,Friday,14.34,2,1
CUST_2629,Bangalore East,3-5,Monday,3.59,2,1
CUST_2630,Bangalore Central,12-3,Friday,9.27,1,1
CUST_2631,Bangalore East,10-12,Friday,4.7,2,0
CUST_2632,Bangalore North,12-3,Wednesday,14.31,1,1
CUST_2633,Bangalore South,12-3,Monday,10.35,1,1
CUST_2634,Bangalore North,10-12,Thursday,7.38,2,1
CUST_2635,Bangalore Central,10-12,Friday,2.91,2,1
CUST_2636,Bangalore East,3-5,Tuesday,12.24,2,0
CUST_2637,Bangalore North,12-3,Wednesday,6.17,2,0
CUST_2638,Bangalore South,3-5,Monday,14.12,1,1
CUST_2639,Bangalore South,3-5,Wednesday,10.48,1,1
CUST_2640,Bangalore South,10-12,Monday,1.11,2,0
CUST_2641,Bangalore South,12-3,Monday,13.88,3,0
CUST_2642,Bangalore South,3-5,Monday,8.33,1,0
CUST_2643,Bangalore South,10-12,Monday,8.24,3,0
CUST_2644,Bangalore South,10-12,Wednesday,3.09,1,0
CUST_2645,Bangalore North,10-12,Friday,13.46,1,0
CUST_2646,Bangalore North,12-3,Monday,5.27,2,1
CUST_2647,Bangalore East,12-3,Tuesday,2.64,2,0
CUST_2648,Bangalore South,12-3,Monday,13.78,1,1
CUST_2649,Bangalore South,3-5,Monday,14.76,3,0
CUST_2650,Bangalore Central,10-12,Wednesday,2.72,2,1
CUST_2651,Bangalore South,12-3,Tuesday,2.63,3,0
CUST_2652,Bangalore Central,12-3,Wednesday,14.56,3,0
CUST_2653,Bangalore South,3-5,Monday,8.26,2,0
CUST_2654,Bangalore Central,12-3,Tuesday,14.38,1,0
CUST_2655,Bangalore North,12-3,Tuesday,7.17,2,1
CUST_2656,Bangalore Central,12-3,Monday,3.94,2,0
CUST_2657,Bangalore East,12-3,Tuesday,10.93,2,1
CUST_2658,Bangalore East,12-3,Friday,6.77,3,0
CUST_2659,Bangalore East,10-12,Wednesday,11.23,2,1
CUST_2660,Bangalore Central,12-3,Friday,9.22,2,1
CUST_2661,Bangalore South,10-12,Wednesday,14.14,3,0
CUST_2662,Bangalore North,10-12,Friday,6.94,1,0
CUST_2663,Bangalore North,10-12,Wednesday,1.55,2,0
CUST_2664,Bangalore South,3-5,Thursday,11.68,2,0
CUST_2665,Bangalore North,3-5,Monday,8.51,2,1
CUST_2666,Bangalore North,12-3,Tuesday,12.52,3,0
CUST_2667,Bangalore South,3-5,Thursday,4.95,1,0
CUST_2668,Bangalore Central,10-12,Tuesday,9.43,2,0
CUST_2669,Bangalore East,12-3,Friday,1.14,2,0
CUST_2670,Bangalore East,10-12,Friday,1.7,2,1
CUST_2671,Bangalore Central,12-3,Wednesday,8.37,2,0
CUST_2672,Bangalore Central,10-12,Wednesday,1.14,3,0
CUST_2673,Bangalore South,12-3,Thursday,3.91,2,1
CUST_2674,Bangalore North,3-5,Wednesday,4.13,2,0
CUST_2675,Bangalore South,10-12,Monday,1.55,2,0
CUST_2676,Bangalore East,12-3,Tuesday,5.96,2,1
CUST_2677,Bangalore East,3-5,Monday,10.43,3,0
CUST_2678,Bangalore East,12-3,Wednesday,13.08,2,0
CUST_2679,Bangalore North,3-5,Friday,6.65,2,0
CUST_2680,Bangalore North,10-12,Monday,8.85,3,0
CUST_2681,Bangalore East,3-5,Wednesday,9.09,2,1
CUST_2682,Bangalore Central,3-5,Wednesday,11.78,2,1
CUST_2683,Bangalore Central,12-3,Wednesday,5.96,2,1
CUST_2684,Bangalore North,10-12,Wednesday,9.47,2,0
CUST_2685,Bangalore Central,3-5,Thursday,2.66,1,1
CUST_2686,Bangalore East,12-3,Tuesday,2.3,2,0
CUST_2687,Bangalore North,3-5,Friday,10.6,3,0
CUST_2688,Bangalore North,10-12,Wednesday,14.18,3,0
CUST_2689,Bangalore East,10-12,Wednesday,1.67,2,0
CUST_2690,Bangalore South,12-3,Wednesday,1.11,1,1
CUST_2691,Bangalore North,12-3,Thursday,4.82,3,0
CUST_2692,Bangalore South,3-5,Monday,9.1,1,0
CUST_2693,Bangalore South,12-3,Thursday,14.87,2,0
CUST_2694,Bangalore Central,10-12,Wednesday,13.31,1,1
CUST_2695,Bangalore South,10-12,Tuesday,5.42,2,0
CUST_2696,Bangalore East,10-12,Monday,8.25,1,0
CUST_2697,Bangalore Central,3-5,Tuesday,14.54,2,1
CUST_2698,Bangalore Central,12-3,Thursday,7.92,2,0
CUST_2699,Bangalore East,12-3,Tuesday,14.42,1,1
CUST_2700,Bangalore Central,3-5,Friday,5.2,2,1
CUST_2701,Bangalore Central,10-12,Friday,12.75,1,1
CUST_2702,Bangalore Central,12-3,Wednesday,10.8,3,0
CUST_2703,Bangalore North,12-3,Wednesday,6.43,2,1
CUST_2704,Bangalore East,10-12,Thursday,11.27,2,0
CUST_2705,Bangalore Central,3-5,Friday,1.31,1,1
CUST_2706,Bangalore Central,12-3,Tuesday,11.13,2,1
CUST_2707,Bangalore North,12-3,Tuesday,9.81,3,1
CUST_2708,Bangalore Central,3-5,Tuesday,13.51,1,1
CUST_2709,Bangalore South,10-12,Friday,2.62,2,0
CUST_2710,Bangalore Central,12-3,Wednesday,11.41,3,1
CUST_2711,Bangalore North,3-5,Tuesday,11.52,2,1
CUST_2712,Bangalore Central,12-3,Wednesday,2.74,2,1
CUST_2713,Bangalore North,3-5,Monday,1.09,1,0
CUST_2714,Bangalore East,3-5,Wednesday,14.58,2,1
CUST_2715,Bangalore Central,10-12,Monday,12.52,2,1
CUST_2716,Bangalore East,12-3,Thursday,5.76,1,1
CUST_2717,Bangalore South,12-3,Tuesday,2.79,2,0
CUST_2718,Bangalore South,3-5,Wednesday,1.61,2,0
CUST_2719,Bangalore East,12-3,Friday,6.36,2,0
CUST_2720,Bangalore North,12-3,Monday,9.0,1,0
CUST_2721,Bangalore Central,12-3,Wednesday,13.56,3,0
CUST_2722,Bangalore North,12-3,Wednesday,2.67,1,0
CUST_2723,Bangalore Central,10-12,Tuesday,8.49,3,0
CUST_2724,Bangalore East,10-12,Tuesday,9.54,2,0
CUST_2725,Bangalore South,3-5,Wednesday,13.91,3,0
CUST_2726,Bangalore North,10-12,Monday,13.67,2,0
CUST_2727,Bangalore Central,3-5,Wednesday,6.46,3,1
CUST_2728,Bangalore North,12-3,Thursday,9.33,2,1
CUST_2729,Bangalore North,3-5,Friday,1.16,2,0
CUST_2730,Bangalore North,12-3,Tuesday,4.41,3,0
CUST_2731,Bangalore North,12-3,Tuesday,7.29,2,0
CUST_2732,Bangalore South,12-3,Thursday,3.67,3,1
CUST_2733,Bangalore East,3-5,Monday,12.37,1,0
CUST_2734,Bangalore North,3-5,Thursday,13.86,1,0
CUST_2735,Bangalore East,10-12,Friday,14.89,2,1
CUST_2736,Bangalore North,12-3,Friday,1.51,1,0
CUST_2737,Bangalore North,12-3,Thursday,10.26,2,0
CUST_2738,Bangalore North,12-3,Monday,5.14,3,1
CUST_2739,Bangalore South,10-12,Thursday,11.89,2,1
CUST_2740,Bangalore East,12-3,Friday,8.32,2,1
CUST_2741,Bangalore North,12-3,Thursday,6.96,3,0
CUST_2742,Bangalore Central,10-12,Tuesday,7.38,3,1
CUST_2743,Bangalore East,10-12,Thursday,12.85,1,1
CUST_2744,Bangalore North,3-5,Monday,3.45,2,0
CUST_2745,Bangalore North,10-12,Friday,7.77,2,0
CUST_2746,Bangalore North,3-5,Wednesday,1.99,2,0
CUST_2747,Bangalore Central,12-3,Friday,4.19,2,0
CUST_2748,Bangalore North,3-5,Tuesday,11.45,1,1
CUST_2749,Bangalore Central,12-3,Thursday,10.07,3,1
CUST_2750,Bangalore Central,3-5,Friday,14.79,2,0
CUST_2751,Bangalore South,12-3,Monday,12.68,2,1
CUST_2752,Bangalore Central,3-5,Monday,3.04,3,0
CUST_2753,Bangalore North,3-5,Friday,7.45,2,0
CUST_2754,Bangalore Central,12-3,Tuesday,13.92,3,1
CUST_2755,Bangalore East,3-5,Tuesday,2.29,2,1
CUST_2756,Bangalore Central,12-3,Monday,13.3,2,1
CUST_2757,Bangalore North,12-3,Friday,14.02,1,0
CUST_2758,Bangalore North,10-12,Friday,13.61,2,1
CUST_2759,Bangalore South,3-5,Tuesday,2.3,1,0
CUST_2760,Bangalore Central,3-5,Thursday,1.99,2,1
CUST_2761,Bangalore South,10-12,Wednesday,9.11,1,0
CUST_2762,Bangalore East,10-12,Wednesday,12.12,2,0
CUST_2763,Bangalore South,10-12,Wednesday,3.1,2,1
CUST_2764,Bangalore South,3-5,Thursday,11.28,1,0
CUST_2765,Bangalore South,3-5,Wednesday,6.05,2,1
CUST_2766,Bangalore Central,10-12,Thursday,2.74,2,1
CUST_2767,Bangalore North,3-5,Wednesday,8.25,2,1
CUST_2768,Bangalore South,3-5,Tuesday,14.45,3,1
CUST_2769,Bangalore Central,10-12,Friday,5.29,2,0
CUST_2770,Bangalore North,12-3,Friday,9.44,1,0
CUST_2771,Bangalore East,12-3,Friday,8.04,2,1
CUST_2772,Bangalore East,10-12,Thursday,8.78,2,0
CUST_2773,Bangalore South,10-12,Thursday,14.9,3,0
CUST_2774,Bangalore East,10-12,Monday,9.11,2,0
CUST_2775,Bangalore East,3-5,Tuesday,13.89,1,1
CUST_2776,Bangalore South,12-3,Friday,14.73,2,1
CUST_2777,Bangalore North,12-3,Wednesday,7.15,2,0
CUST_2778,Bangalore South,10-12,Friday,14.07,3,0
CUST_2779,Bangalore South,12-3,Monday,14.89,1,1
CUST_2780,Bangalore East,10-12,Tuesday,4.97,1,0
CUST_2781,Bangalore North,10-12,Wednesday,9.19,1,0
CUST_2782,Bangalore East,3-5,Monday,4.63,1,0
CUST_2783,Bangalore East,10-12,Tuesday,13.05,3,0
CUST_2784,Bangalore East,10-12,Wednesday,8.45,3,0
CUST_2785,Bangalore North,3-5,Wednesday,12.9,1,1
CUST_2786,Bangalore North,12-3,Wednesday,9.43,2,0
CUST_2787,Bangalore South,12-3,Thursday,10.9,1,0
CUST_2788,Bangalore East,10-12,Tuesday,3.39,3,1
CUST_2789,Bangalore South,10-12,Thursday,2.76,1,0
CUST_2790,Bangalore East,10-12,Tuesday,14.88,2,0
CUST_2791,Bangalore Central,3-5,Tuesday,14.7,1,0
CUST_2792,Bangalore Central,10-12,Thursday,2.34,2,0
CUST_2793,Bangalore Central,3-5,Monday,4.98,3,0
CUST_2794,Bangalore North,3-5,Tuesday,8.98,2,0
CUST_2795,Bangalore South,12-3,Monday,2.51,2,1
CUST_2796,Bangalore South,3-5,Friday,4.88,2,0
CUST_2797,Bangalore North,12-3,Tuesday,7.88,1,0
CUST_2798,Bangalore North,12-3,Thursday,6.91,2,1
CUST_2799,Bangalore South,3-5,Monday,3.59,1,0
CUST_2800,Bangalore Central,10-12,Wednesday,6.35,2,1
CUST_2801,Bangalore South,3-5,Tuesday,8.42,2,0
CUST_2802,Bangalore Central,12-3,Wednesday,6.19,3,0
CUST_2803,Bangalore Central,12-3,Tuesday,9.38,1,0
CUST_2804,Bangalore Central,12-3,Friday,14.0,2,1
CUST_2805,Bangalore East,3-5,Tuesday,10.71,1,0
CUST_2806,Bangalore South,12-3,Monday,8.61,1,1
CUST_2807,Bangalore North,3-5,Tuesday,5.86,2,1
CUST_2808,Bangalore East,10-12,Wednesday,3.31,2,1
CUST_2809,Bangalore South,3-5,Thursday,2.65,3,1
CUST_2810,Bangalore Central,3-5,Friday,8.73,2,1
CUST_2811,Bangalore Central,3-5,Monday,12.7,1,0
CUST_2812,Bangalore Central,3-5,Monday,1.89,2,0
CUST_2813,Bangalore North,12-3,Wednesday,1.75,1,0
CUST_2814,Bangalore South,10-12,Thursday,11.33,2,0
CUST_2815,Bangalore East,3-5,Friday,14.08,2,0
CUST_2816,Bangalore East,3-5,Tuesday,11.39,2,0
CUST_2817,Bangalore South,3-5,Thursday,5.06,2,1
CUST_2818,Bangalore North,12-3,Friday,10.74,1,1
CUST_2819,Bangalore South,12-3,Wednesday,7.08,3,1
CUST_2820,Bangalore North,3-5,Monday,14.81,2,0
CUST_2821,Bangalore Central,10-12,Friday,6.48,2,1
CUST_2822,Bangalore Central,3-5,Thursday,5.07,2,1
CUST_2823,Bangalore South,3-5,Monday,3.62,1,0
CUST_2824,Bangalore Central,12-3,Monday,10.62,2,0
CUST_2825,Bangalore East,12-3,Tuesday,13.23,3,1
CUST_2826,Bangalore North,3-5,Wednesday,7.69,2,1
CUST_2827,Bangalore East,10-12,Thursday,13.05,2,1
CUST_2828,Bangalore Central,10-12,Wednesday,9.2,3,0
CUST_2829,Bangalore Central,12-3,Friday,14.11,1,0
CUST_2830,Bangalore South,10-12,Thursday,6.23,3,1
CUST_2831,Bangalore East,10-12,Monday,4.7,1,0
CUST_2832,Bangalore South,10-12,Friday,9.71,1,0
CUST_2833,Bangalore North,10-12,Thursday,9.65,2,0
CUST_2834,Bangalore North,3-5,Thursday,14.46,2,0
CUST_2835,Bangalore North,3-5,Thursday,5.13,2,0
CUST_2836,Bangalore South,3-5,Thursday,1.87,2,1
CUST_2837,Bangalore East,3-5,Tuesday,12.26,3,0
CUST_2838,Bangalore South,3-5,Wednesday,1.24,2,0
CUST_2839,Bangalore Central,12-3,Thursday,1.93,2,0
CUST_2840,Bangalore South,3-5,Friday,2.36,3,0
CUST_2841,Bangalore East,12-3,Tuesday,7.33,2,0
CUST_2842,Bangalore South,3-5,Wednesday,7.47,2,1
CUST_2843,Bangalore South,12-3,Monday,4.82,1,0
CUST_2844,Bangalore North,3-5,Wednesday,4.46,2,1
CUST_2845,Bangalore North,12-3,Tuesday,9.44,1,0
CUST_2846,Bangalore Central,3-5,Thursday,14.35,2,1
CUST_2847,Bangalore North,10-12,Thursday,7.94,2,1
CUST_2848,Bangalore Central,10-12,Friday,3.59,1,0
CUST_2849,Bangalore South,12-3,Wednesday,14.62,2,0
CUST_2850,Bangalore East,3-5,Thursday,9.03,2,0
CUST_2851,Bangalore South,12-3,Wednesday,4.91,2,0
CUST_2852,Bangalore North,3-5,Friday,14.76,2,1
CUST_2853,Bangalore South,10-12,Tuesday,9.54,2,0
CUST_2854,Bangalore East,3-5,Monday,13.02,2,0
CUST_2855,Bangalore North,10-12,Thursday,7.32,1,0
CUST_2856,Bangalore Central,12-3,Thursday,3.15,2,1
CUST_2857,Bangalore North,12-3,Tuesday,9.01,2,0
CUST_2858,Bangalore East,3-5,Monday,6.64,3,1
CUST_2859,Bangalore South,3-5,Monday,8.74,2,1
CUST_2860,Bangalore North,12-3,Monday,6.65,1,0
CUST_2861,Bangalore North,10-12,Wednesday,14.36,3,0
CUST_2862,Bangalore East,3-5,Wednesday,10.1,2,1
CUST_2863,Bangalore East,3-5,Wednesday,4.67,1,1
CUST_2864,Bangalore East,12-3,Friday,12.14,2,0
CUST_2865,Bangalore East,10-12,Thursday,3.25,1,0
CUST_2866,Bangalore East,12-3,Friday,6.65,2,1
CUST_2867,Bangalore North,10-12,Wednesday,13.26,2,1
CUST_2868,Bangalore North,10-12,Friday,1.68,2,0
CUST_2869,Bangalore East,10-12,Monday,13.38,3,0
CUST_2870,Bangalore North,10-12,Thursday,6.95,3,0
CUST_2871,Bangalore South,12-3,Wednesday,9.96,2,1
CUST_2872,Bangalore South,10-12,Monday,12.22,1,0
CUST_2873,Bangalore South,12-3,Thursday,14.33,3,0
CUST_2874,Bangalore North,10-12,Monday,10.75,2,1
CUST_2875,Bangalore East,12-3,Monday,5.35,1,1
CUST_2876,Bangalore North,12-3,Wednesday,2.09,1,0
CUST_2877,Bangalore Central,3-5,Wednesday,12.7,1,1
CUST_2878,Bangalore Central,3-5,Thursday,7.65,3,1
CUST_2879,Bangalore East,10-12,Tuesday,10.86,2,1
CUST_2880,Bangalore Central,3-5,Tuesday,6.36,2,0
CUST_2881,Bangalore North,10-12,Tuesday,11.95,1,1
CUST_2882,Bangalore Central,10-12,Friday,13.87,2,0
CUST_2883,Bangalore East,12-3,Thursday,11.55,2,1
CUST_2884,Bangalore South,12-3,Friday,8.42,2,1
CUST_2885,Bangalore Central,3-5,Monday,1.61,2,0
CUST_2886,Bangalore Central,3-5,Monday,11.6,2,0
CUST_2887,Bangalore South,3-5,Tuesday,7.9,3,1
CUST_2888,Bangalore Central,3-5,Monday,11.76,3,1
CUST_2889,Bangalore North,10-12,Friday,6.81,2,1
CUST_2890,Bangalore South,12-3,Tuesday,7.71,2,0
CUST_2891,Bangalore South,10-12,Thursday,7.7,2,0
CUST_2892,Bangalore North,12-3,Friday,7.13,3,0
CUST_2893,Bangalore South,3-5,Thursday,2.75,3,0
CUST_2894,Bangalore South,10-12,Wednesday,3.83,2,0
CUST_2895,Bangalore North,12-3,Tuesday,13.74,1,1
CUST_2896,Bangalore South,10-12,Tuesday,11.76,3,0
CUST_2897,Bangalore East,10-12,Monday,6.42,2,0
CUST_2898,Bangalore South,12-3,Tuesday,4.77,1,0
CUST_2899,Bangalore East,10-12,Wednesday,12.7,3,0
CUST_2900,Bangalore South,10-12,Thursday,11.78,3,1
CUST_2901,Bangalore Central,10-12,Friday,13.2,3,1
CUST_2902,Bangalore South,12-3,Wednesday,4.64,2,1
CUST_2903,Bangalore East,3-5,Monday,7.61,3,0
CUST_2904,Bangalore Central,12-3,Monday,10.56,2,1
CUST_2905,Bangalore North,12-3,Monday,11.39,3,0
CUST_2906,Bangalore Central,3-5,Tuesday,4.19,1,0
CUST_2907,Bangalore South,12-3,Tuesday,2.18,2,1
CUST_2908,Bangalore South,12-3,Monday,4.1,2,0
CUST_2909,Bangalore North,10-12,Wednesday,1.51,3,1
CUST_2910,Bangalore East,12-3,Monday,1.06,2,0
CUST_2911,Bangalore Central,3-5,Tuesday,5.23,2,1
CUST_2912,Bangalore North,3-5,Wednesday,12.01,1,0
CUST_2913,Bangalore South,12-3,Wednesday,13.05,1,1
CUST_2914,Bangalore South,3-5,Thursday,1.42,2,0
CUST_2915,Bangalore South,10-12,Friday,5.13,2,0
CUST_2916,Bangalore North,10-12,Thursday,2.55,1,0
CUST_2917,Bangalore East,12-3,Thursday,2.71,2,0
CUST_2918,Bangalore North,12-3,Thursday,5.32,3,0
CUST_2919,Bangalore Central,12-3,Wednesday,14.76,3,0
CUST_2920,Bangalore South,10-12,Wednesday,13.33,2,0
CUST_2921,Bangalore East,12-3,Wednesday,8.36,2,1
CUST_2922,Bangalore North,10-12,Tuesday,12.57,3,0
CUST_2923,Bangalore Central,3-5,Thursday,12.22,3,1
CUST_2924,Bangalore East,10-12,Thursday,2.17,1,0
CUST_2925,Bangalore East,3-5,Wednesday,4.86,2,1
CUST_2926,Bangalore South,12-3,Monday,1.7,2,0
CUST_2927,Bangalore Central,10-12,Friday,1.91,2,0
CUST_2928,Bangalore South,10-12,Tuesday,6.49,2,1
CUST_2929,Bangalore North,3-5,Wednesday,8.76,1,1
CUST_2930,Bangalore East,12-3,Tuesday,3.11,2,1
CUST_2931,Bangalore South,10-12,Wednesday,8.24,2,1
CUST_2932,Bangalore East,3-5,Monday,10.76,1,0
CUST_2933,Bangalore Central,10-12,Wednesday,8.39,3,1
CUST_2934,Bangalore East,3-5,Wednesday,10.6,2,1
CUST_2935,Bangalore North,12-3,Tuesday,5.36,3,0
CUST_2936,Bangalore North,10-12,Tuesday,8.19,1,1
CUST_2937,Bangalore East,3-5,Wednesday,13.9,2,0
CUST_2938,Bangalore North,12-3,Friday,6.53,3,1
CUST_2939,Bangalore Central,10-12,Thursday,2.64,3,0
CUST_2940,Bangalore North,12-3,Wednesday,5.84,2,0
CUST_2941,Bangalore North,12-3,Friday,6.02,3,0
CUST_2942,Bangalore North,12-3,Wednesday,5.92,2,0
CUST_2943,Bangalore North,3-5,Monday,3.91,2,0
CUST_2944,Bangalore North,10-12,Wednesday,7.87,1,1
CUST_2945,Bangalore South,3-5,Tuesday,3.91,3,1
CUST_2946,Bangalore South,10-12,Wednesday,6.0,3,1
CUST_2947,Bangalore North,3-5,Tuesday,10.0,2,0
CUST_2948,Bangalore South,12-3,Wednesday,14.69,3,1
CUST_2949,Bangalore North,10-12,Friday,14.87,3,0
CUST_2950,Bangalore South,3-5,Tuesday,13.17,2,1
CUST_2951,Bangalore South,12-3,Tuesday,14.94,1,0
CUST_2952,Bangalore South,10-12,Thursday,3.62,3,0
CUST_2953,Bangalore Central,12-3,Friday,5.37,1,1
CUST_2954,Bangalore North,10-12,Thursday,14.77,1,0
CUST_2955,Bangalore South,10-12,Wednesday,9.11,1,0
CUST_2956,Bangalore Central,3-5,Tuesday,11.4,2,1
CUST_2957,Bangalore Central,12-3,Friday,5.29,1,1
CUST_2958,Bangalore East,3-5,Tuesday,6.12,2,0
CUST_2959,Bangalore East,3-5,Wednesday,12.53,2,1
CUST_2960,Bangalore East,12-3,Thursday,2.27,1,1
CUST_2961,Bangalore Central,12-3,Wednesday,9.34,2,0
CUST_2962,Bangalore East,10-12,Tuesday,12.29,2,0
CUST_2963,Bangalore North,12-3,Monday,8.45,2,0
CUST_2964,Bangalore South,3-5,Thursday,14.14,3,0
CUST_2965,Bangalore East,3-5,Friday,14.25,3,1
CUST_2966,Bangalore Central,12-3,Thursday,11.33,2,0
CUST_2967,Bangalore East,3-5,Friday,3.5,1,1
CUST_2968,Bangalore South,12-3,Tuesday,1.12,3,1
CUST_2969,Bangalore Central,12-3,Monday,12.54,2,0
CUST_2970,Bangalore Central,12-3,Tuesday,3.57,2,1
CUST_2971,Bangalore Central,12-3,Wednesday,10.32,2,0
CUST_2972,Bangalore North,12-3,Tuesday,6.32,2,1
CUST_2973,Bangalore East,3-5,Tuesday,7.29,3,1
CUST_2974,Bangalore Central,10-12,Monday,9.74,1,1
CUST_2975,Bangalore North,10-12,Friday,9.26,2,0
CUST_2976,Bangalore South,10-12,Thursday,13.25,1,1
CUST_2977,Bangalore East,10-12,Wednesday,9.92,1,0
CUST_2978,Bangalore North,10-12,Friday,4.52,2,0
CUST_2979,Bangalore Central,3-5,Monday,1.3,2,1
CUST_2980,Bangalore Central,10-12,Friday,8.05,2,0
CUST_2981,Bangalore South,12-3,Friday,8.6,1,1
CUST_2982,Bangalore North,3-5,Wednesday,11.54,2,1
CUST_2983,Bangalore East,10-12,Tuesday,3.22,1,1
CUST_2984,Bangalore North,12-3,Wednesday,6.69,3,1
CUST_2985,Bangalore Central,10-12,Thursday,5.28,2,1
CUST_2986,Bangalore Central,3-5,Monday,13.17,2,0
CUST_2987,Bangalore South,10-12,Tuesday,13.23,1,1
CUST_2988,Bangalore East,12-3,Friday,2.69,2,1
CUST_2989,Bangalore East,12-3,Friday,12.65,2,0
CUST_2990,Bangalore North,3-5,Tuesday,11.27,2,1
CUST_2991,Bangalore Central,3-5,Thursday,2.12,2,1
CUST_2992,Bangalore South,3-5,Monday,6.53,3,1
CUST_2993,Bangalore South,3-5,Wednesday,7.77,2,0
CUST_2994,Bangalore East,3-5,Monday,9.75,1,0
CUST_2995,Bangalore Central,10-12,Wednesday,2.96,3,1
CUST_2996,Bangalore North,12-3,Friday,11.67,1,0
CUST_2997,Bangalore Central,12-3,Friday,7.22,1,1
CUST_2998,Bangalore South,10-12,Monday,7.37,1,0
CUST_2999,Bangalore North,12-3,Wednesday,9.03,2,1
CUST_3000,Bangalore East,3-5,Monday,14.79,1,0
CUST_3001,Bangalore South,10-12,Wednesday,9.39,2,0
CUST_3002,Bangalore East,3-5,Tuesday,4.36,2,1
CUST_3003,Bangalore North,3-5,Thursday,3.49,1,1
CUST_3004,Bangalore Central,12-3,Wednesday,3.02,2,1
CUST_3005,Bangalore North,3-5,Tuesday,10.4,1,0
CUST_3006,Bangalore Central,3-5,Wednesday,7.26,2,1
CUST_3007,Bangalore North,12-3,Monday,4.36,2,0
CUST_3008,Bangalore North,10-12,Wednesday,14.87,2,0
CUST_3009,Bangalore East,12-3,Friday,7.04,2,1
CUST_3010,Bangalore South,10-12,Monday,8.31,2,1
CUST_3011,Bangalore South,10-12,Thursday,3.75,1,1
CUST_3012,Bangalore North,3-5,Thursday,4.33,1,1
CUST_3013,Bangalore North,10-12,Monday,11.6,3,1
CUST_3014,Bangalore East,10-12,Thursday,10.84,2,0
CUST_3015,Bangalore Central,12-3,Tuesday,11.64,1,0
CUST_3016,Bangalore East,3-5,Wednesday,9.44,2,1
CUST_3017,Bangalore Central,10-12,Monday,6.17,1,1
CUST_3018,Bangalore South,3-5,Wednesday,12.65,2,0
CUST_3019,Bangalore East,10-12,Monday,12.69,2,1
CUST_3020,Bangalore East,12-3,Monday,5.11,2,1
CUST_3021,Bangalore North,3-5,Thursday,14.09,2,1
CUST_3022,Bangalore South,3-5,Tuesday,14.31,1,1
CUST_3023,Bangalore North,3-5,Monday,4.0,2,1
CUST_3024,Bangalore East,3-5,Monday,1.85,1,0
CUST_3025,Bangalore North,12-3,Thursday,8.62,1,0
CUST_3026,Bangalore Central,3-5,Wednesday,9.55,1,0
CUST_3027,Bangalore North,3-5,Thursday,3.6,3,0
CUST_3028,Bangalore North,3-5,Friday,1.77,2,0
CUST_3029,Bangalore North,12-3,Friday,6.93,3,1
CUST_3030,Bangalore South,10-12,Wednesday,3.09,3,1
CUST_3031,Bangalore South,12-3,Tuesday,14.57,2,1
CUST_3032,Bangalore North,10-12,Thursday,12.88,1,0
CUST_3033,Bangalore South,3-5,Wednesday,6.48,1,0
CUST_3034,Bangalore South,12-3,Wednesday,10.45,3,1
CUST_3035,Bangalore North,3-5,Wednesday,5.65,1,0
CUST_3036,Bangalore North,12-3,Tuesday,2.68,2,1
CUST_3037,Bangalore East,12-3,Friday,4.28,2,1
CUST_3038,Bangalore East,12-3,Friday,5.25,3,0
CUST_3039,Bangalore South,10-12,Tuesday,10.47,2,0
CUST_3040,Bangalore North,3-5,Friday,6.41,2,0
CUST_3041,Bangalore North,10-12,Friday,3.13,2,0
CUST_3042,Bangalore Central,10-12,Friday,11.31,1,1
CUST_3043,Bangalore Central,3-5,Monday,14.28,1,1
CUST_3044,Bangalore North,10-12,Tuesday,10.42,3,0
CUST_3045,Bangalore North,3-5,Monday,2.38,2,0
CUST_3046,Bangalore Central,10-12,Monday,1.4,2,0
CUST_3047,Bangalore South,3-5,Thursday,12.18,1,0
CUST_3048,Bangalore East,10-12,Friday,8.04,1,1
CUST_3049,Bangalore South,12-3,Tuesday,1.32,2,1
CUST_3050,Bangalore South,12-3,Friday,13.65,1,0
CUST_3051,Bangalore Central,10-12,Wednesday,7.67,2,0
CUST_3052,Bangalore Central,10-12,Wednesday,3.02,2,0
CUST_3053,Bangalore East,12-3,Monday,4.02,1,1
CUST_3054,Bangalore South,12-3,Thursday,14.09,2,0
CUST_3055,Bangalore Central,12-3,Wednesday,11.6,2,1
CUST_3056,Bangalore Central,10-12,Wednesday,5.23,3,0
CUST_3057,Bangalore North,12-3,Tuesday,3.22,2,1
CUST_3058,Bangalore North,3-5,Friday,12.78,1,1
CUST_3059,Bangalore Central,3-5,Monday,1.77,3,0
CUST_3060,Bangalore South,10-12,Tuesday,12.67,1,1
CUST_3061,Bangalore Central,12-3,Wednesday,3.37,2,1
CUST_3062,Bangalore Central,3-5,Thursday,1.6,1,1
CUST_3063,Bangalore South,12-3,Thursday,1.93,3,1
CUST_3064,Bangalore South,3-5,Thursday,3.02,2,0
CUST_3065,Bangalore East,3-5,Wednesday,5.82,1,0
CUST_3066,Bangalore East,10-12,Wednesday,1.0,3,1
CUST_3067,Bangalore North,10-12,Wednesday,14.09,1,0
CUST_3068,Bangalore East,3-5,Tuesday,4.99,1,1
CUST_3069,Bangalore Central,12-3,Thursday,6.73,2,1
CUST_3070,Bangalore North,10-12,Friday,3.45,1,1
CUST_3071,Bangalore Central,3-5,Monday,2.09,1,0
CUST_3072,Bangalore Central,10-12,Friday,5.52,2,1
CUST_3073,Bangalore Central,3-5,Friday,9.09,3,0
CUST_3074,Bangalore South,3-5,Thursday,8.7,2,1
CUST_3075,Bangalore South,12-3,Friday,1.3,3,0
CUST_3076,Bangalore Central,10-12,Friday,11.75,1,1
CUST_3077,Bangalore Central,3-5,Wednesday,11.92,2,1
CUST_3078,Bangalore North,3-5,Tuesday,3.05,2,1
CUST_3079,Bangalore North,10-12,Tuesday,13.26,1,1
CUST_3080,Bangalore Central,12-3,Wednesday,8.83,2,1
CUST_3081,Bangalore North,10-12,Friday,13.99,3,1
CUST_3082,Bangalore Central,10-12,Thursday,4.5,2,1
CUST_3083,Bangalore North,10-12,Monday,2.11,1,1
CUST_3084,Bangalore East,12-3,Friday,13.08,3,1
CUST_3085,Bangalore North,10-12,Tuesday,13.74,2,0
CUST_3086,Bangalore North,10-12,Monday,2.02,1,0
CUST_3087,Bangalore North,12-3,Friday,8.94,2,1
CUST_3088,Bangalore North,10-12,Monday,2.89,3,1
CUST_3089,Bangalore Central,3-5,Tuesday,5.31,3,0
CUST_3090,Bangalore Central,12-3,Thursday,8.89,2,0
CUST_3091,Bangalore East,10-12,Tuesday,4.39,2,0
CUST_3092,Bangalore Central,12-3,Tuesday,11.25,2,0
CUST_3093,Bangalore Central,10-12,Wednesday,9.29,2,1
CUST_3094,Bangalore East,12-3,Wednesday,10.08,3,1
CUST_3095,Bangalore North,10-12,Wednesday,1.5,2,0
CUST_3096,Bangalore South,3-5,Monday,7.84,2,0
CUST_3097,Bangalore South,3-5,Thursday,2.42,2,0
CUST_3098,Bangalore North,12-3,Friday,2.58,2,0
CUST_3099,Bangalore North,10-12,Friday,6.62,2,0
CUST_3100,Bangalore South,10-12,Tuesday,12.32,3,0
CUST_3101,Bangalore North,12-3,Friday,9.71,2,0
CUST_3102,Bangalore East,12-3,Monday,10.4,1,0
CUST_3103,Bangalore North,12-3,Thursday,1.85,3,1
CUST_3104,Bangalore South,3-5,Thursday,12.75,2,1
CUST_3105,Bangalore South,10-12,Tuesday,8.62,1,1
CUST_3106,Bangalore Central,10-12,Friday,7.54,2,0
CUST_3107,Bangalore North,10-12,Monday,14.38,1,1
CUST_3108,Bangalore East,3-5,Thursday,14.17,2,0
CUST_3109,Bangalore East,10-12,Tuesday,7.29,2,0
CUST_3110,Bangalore North,3-5,Thursday,2.33,1,0
CUST_3111,Bangalore South,10-12,Thursday,1.62,2,0
CUST_3112,Bangalore South,10-12,Friday,2.67,2,1
CUST_3113,Bangalore Central,12-3,Tuesday,1.35,3,0
CUST_3114,Bangalore East,10-12,Wednesday,10.1,1,0
CUST_3115,Bangalore North,10-12,Tuesday,1.17,1,1
CUST_3116,Bangalore East,3-5,Wednesday,3.74,2,0
CUST_3117,Bangalore East,3-5,Tuesday,10.67,1,1
CUST_3118,Bangalore East,3-5,Tuesday,6.08,1,0
CUST_3119,Bangalore South,10-12,Thursday,8.68,2,1
CUST_3120,Bangalore East,12-3,Friday,4.32,2,0
CUST_3121,Bangalore Central,10-12,Monday,3.21,2,1
CUST_3122,Bangalore South,12-3,Wednesday,2.17,2,0
CUST_3123,Bangalore North,12-3,Thursday,8.59,3,0
CUST_3124,Bangalore South,10-12,Tuesday,13.67,1,1
CUST_3125,Bangalore North,10-12,Friday,9.87,3,1
CUST_3126,Bangalore North,3-5,Wednesday,2.63,2,1
CUST_3127,Bangalore South,12-3,Friday,11.23,2,1
CUST_3128,Bangalore Central,10-12,Monday,6.1,1,1
CUST_3129,Bangalore South,12-3,Friday,13.02,1,0
CUST_3130,Bangalore Central,3-5,Wednesday,3.61,1,1
CUST_3131,Bangalore Central,12-3,Wednesday,2.25,1,1
CUST_3132,Bangalore North,12-3,Tuesday,6.01,2,0
CUST_3133,Bangalore East,12-3,Friday,7.84,3,0
CUST_3134,Bangalore South,12-3,Friday,6.28,2,1
CUST_3135,Bangalore North,3-5,Thursday,9.74,1,0
CUST_3136,Bangalore South,12-3,Wednesday,5.36,1,0
CUST_3137,Bangalore East,10-12,Tuesday,4.31,2,1
CUST_3138,Bangalore East,3-5,Friday,14.32,2,1
CUST_3139,Bangalore Central,3-5,Thursday,7.03,3,0
CUST_3140,Bangalore North,12-3,Thursday,4.26,3,0
CUST_3141,Bangalore North,10-12,Tuesday,3.41,1,1
CUST_3142,Bangalore East,3-5,Wednesday,10.84,3,0
CUST_3143,Bangalore North,10-12,Tuesday,11.76,1,1
CUST_3144,Bangalore Central,12-3,Monday,1.34,2,0
CUST_3145,Bangalore East,12-3,Friday,4.38,2,1
CUST_3146,Bangalore East,12-3,Thursday,11.46,2,1
CUST_3147,Bangalore East,12-3,Tuesday,4.56,3,0
CUST_3148,Bangalore Central,3-5,Wednesday,10.41,2,1
CUST_3149,Bangalore Central,12-3,Wednesday,14.26,3,1
CUST_3150,Bangalore East,3-5,Tuesday,9.74,2,1
CUST_3151,Bangalore East,3-5,Thursday,9.93,3,0
CUST_3152,Bangalore Central,10-12,Friday,6.16,2,0
CUST_3153,Bangalore South,3-5,Friday,7.6,2,0
CUST_3154,Bangalore East,10-12,Friday,1.8,1,0
CUST_3155,Bangalore East,12-3,Friday,11.27,2,1
CUST_3156,Bangalore South,12-3,Friday,1.57,2,0
CUST_3157,Bangalore Central,10-12,Monday,9.68,3,1
CUST_3158,Bangalore North,3-5,Wednesday,9.34,3,0
CUST_3159,Bangalore North,3-5,Monday,6.98,2,0
CUST_3160,Bangalore North,12-3,Wednesday,8.95,1,1
CUST_3161,Bangalore Central,10-12,Thursday,5.95,2,1
CUST_3162,Bangalore South,3-5,Tuesday,6.49,3,0
CUST_3163,Bangalore South,10-12,Thursday,6.9,2,0
CUST_3164,Bangalore North,12-3,Friday,1.8,2,0
CUST_3165,Bangalore Central,10-12,Tuesday,11.89,1,0
CUST_3166,Bangalore North,3-5,Monday,7.0,2,1
CUST_3167,Bangalore East,10-12,Wednesday,2.67,1,1
CUST_3168,Bangalore North,12-3,Wednesday,12.54,2,1
CUST_3169,Bangalore East,3-5,Tuesday,2.62,2,1
CUST_3170,Bangalore East,3-5,Tuesday,6.96,1,0
CUST_3171,Bangalore South,3-5,Tuesday,10.69,2,1
CUST_3172,Bangalore South,12-3,Tuesday,5.32,1,0
CUST_3173,Bangalore Central,10-12,Wednesday,10.99,3,0
CUST_3174,Bangalore North,3-5,Tuesday,12.61,2,0
CUST_3175,Bangalore South,12-3,Tuesday,5.03,3,1
CUST_3176,Bangalore East,12-3,Monday,4.51,2,0
CUST_3177,Bangalore South,12-3,Tuesday,8.01,1,0
CUST_3178,Bangalore Central,12-3,Monday,11.82,2,1
CUST_3179,Bangalore Central,10-12,Monday,7.75,2,1
CUST_3180,Bangalore South,10-12,Tuesday,14.82,1,1
CUST_3181,Bangalore North,3-5,Friday,9.49,1,0
CUST_3182,Bangalore South,3-5,Friday,4.91,2,0
CUST_3183,Bangalore South,10-12,Tuesday,11.93,1,1
CUST_3184,Bangalore Central,3-5,Tuesday,4.87,2,1
CUST_3185,Bangalore East,3-5,Friday,8.22,2,1
CUST_3186,Bangalore Central,3-5,Tuesday,1.61,2,1
CUST_3187,Bangalore Central,3-5,Thursday,12.79,2,0
CUST_3188,Bangalore North,3-5,Thursday,1.73,3,0
CUST_3189,Bangalore South,12-3,Wednesday,8.82,2,1
CUST_3190,Bangalore East,12-3,Thursday,13.89,2,0
CUST_3191,Bangalore North,3-5,Tuesday,8.33,1,0
CUST_3192,Bangalore East,10-12,Thursday,14.07,2,1
CUST_3193,Bangalore East,12-3,Thursday,5.81,2,0
CUST_3194,Bangalore East,10-12,Monday,12.33,2,1
CUST_3195,Bangalore South,12-3,Monday,14.68,2,0
CUST_3196,Bangalore East,10-12,Tuesday,4.64,1,1
CUST_3197,Bangalore North,10-12,Friday,5.03,2,0
CUST_3198,Bangalore Central,3-5,Monday,7.53,1,1
CUST_3199,Bangalore East,12-3,Tuesday,12.14,2,1
CUST_3200,Bangalore North,10-12,Wednesday,6.42,1,0
CUST_3201,Bangalore Central,12-3,Monday,13.33,2,0
CUST_3202,Bangalore Central,10-12,Monday,8.37,2,0
CUST_3203,Bangalore North,12-3,Wednesday,11.6,2,0
CUST_3204,Bangalore Central,12-3,Wednesday,5.16,1,0
CUST_3205,Bangalore South,3-5,Friday,9.52,1,0
CUST_3206,Bangalore South,10-12,Friday,13.14,1,1
CUST_3207,Bangalore South,10-12,Tuesday,13.55,3,1
CUST_3208,Bangalore South,3-5,Friday,2.78,3,1
CUST_3209,Bangalore East,10-12,Monday,4.77,2,1
CUST_3210,Bangalore East,12-3,Monday,12.18,1,0
CUST_3211,Bangalore South,12-3,Friday,3.64,2,1
CUST_3212,Bangalore South,10-12,Friday,7.55,1,1
CUST_3213,Bangalore Central,10-12,Friday,11.04,2,0
CUST_3214,Bangalore Central,12-3,Friday,8.82,3,0
CUST_3215,Bangalore North,12-3,Wednesday,5.66,2,1
CUST_3216,Bangalore East,10-12,Friday,7.74,1,0
CUST_3217,Bangalore Central,12-3,Wednesday,4.52,1,1
CUST_3218,Bangalore East,10-12,Thursday,1.75,1,1
CUST_3219,Bangalore East,10-12,Thursday,11.58,2,0
CUST_3220,Bangalore Central,10-12,Tuesday,2.89,2,1
CUST_3221,Bangalore South,3-5,Friday,12.87,2,1
CUST_3222,Bangalore North,3-5,Monday,3.28,1,0
CUST_3223,Bangalore North,12-3,Tuesday,5.8,1,1
CUST_3224,Bangalore North,10-12,Tuesday,11.05,3,0
CUST_3225,Bangalore Central,3-5,Friday,9.12,1,0
CUST_3226,Bangalore East,10-12,Monday,1.1,2,0
CUST_3227,Bangalore North,10-12,Thursday,8.41,3,0
CUST_3228,Bangalore South,12-3,Monday,13.04,2,0
CUST_3229,Bangalore East,10-12,Friday,12.17,2,1
CUST_3230,Bangalore East,12-3,Thursday,7.79,2,0
CUST_3231,Bangalore North,3-5,Monday,8.51,1,1
CUST_3232,Bangalore East,10-12,Friday,4.18,2,0
CUST_3233,Bangalore Central,3-5,Wednesday,12.51,2,1
CUST_3234,Bangalore North,12-3,Monday,14.43,3,1
CUST_3235,Bangalore Central,10-12,Thursday,8.18,2,1
CUST_3236,Bangalore North,3-5,Tuesday,11.91,1,0
CUST_3237,Bangalore East,10-12,Thursday,1.79,3,1
CUST_3238,Bangalore East,10-12,Wednesday,2.27,3,0
CUST_3239,Bangalore East,10-12,Monday,5.02,1,0
CUST_3240,Bangalore North,10-12,Monday,1.54,2,0
CUST_3241,Bangalore Central,10-12,Wednesday,12.28,2,0
CUST_3242,Bangalore East,3-5,Monday,6.87,2,1
CUST_3243,Bangalore Central,10-12,Thursday,4.83,2,1
CUST_3244,Bangalore East,12-3,Monday,12.91,2,1
CUST_3245,Bangalore Central,12-3,Thursday,5.91,2,1
CUST_3246,Bangalore South,3-5,Friday,2.09,1,0
CUST_3247,Bangalore Central,10-12,Tuesday,12.12,2,0
CUST_3248,Bangalore East,10-12,Tuesday,8.52,3,0
CUST_3249,Bangalore South,10-12,Thursday,1.98,3,1
CUST_3250,Bangalore East,10-12,Monday,6.42,1,1
CUST_3251,Bangalore South,3-5,Monday,11.75,1,0
CUST_3252,Bangalore Central,10-12,Monday,8.19,2,0
CUST_3253,Bangalore East,12-3,Friday,11.54,3,0
CUST_3254,Bangalore South,12-3,Monday,8.8,2,1
CUST_3255,Bangalore South,12-3,Tuesday,11.11,2,1
CUST_3256,Bangalore East,12-3,Monday,4.78,2,0
CUST_3257,Bangalore North,3-5,Wednesday,13.22,2,1
CUST_3258,Bangalore North,12-3,Friday,2.81,1,0
CUST_3259,Bangalore North,3-5,Tuesday,12.75,2,1
CUST_3260,Bangalore South,12-3,Thursday,12.78,2,1
CUST_3261,Bangalore Central,10-12,Tuesday,6.98,2,0
CUST_3262,Bangalore South,12-3,Friday,3.01,2,0
CUST_3263,Bangalore Central,12-3,Monday,14.66,2,1
CUST_3264,Bangalore Central,12-3,Friday,11.01,2,0
CUST_3265,Bangalore Central,12-3,Friday,11.38,1,1
CUST_3266,Bangalore Central,3-5,Wednesday,3.16,1,1
CUST_3267,Bangalore Central,10-12,Tuesday,4.38,3,0
CUST_3268,Bangalore South,3-5,Tuesday,5.64,1,0
CUST_3269,Bangalore South,12-3,Wednesday,6.2,2,0
CUST_3270,Bangalore Central,3-5,Wednesday,12.95,2,1
CUST_3271,Bangalore South,3-5,Tuesday,8.66,1,1
CUST_3272,Bangalore East,10-12,Thursday,3.3,1,1
CUST_3273,Bangalore Central,3-5,Monday,11.73,2,0
CUST_3274,Bangalore Central,10-12,Thursday,6.74,3,1
CUST_3275,Bangalore North,10-12,Wednesday,13.52,1,0
CUST_3276,Bangalore South,10-12,Tuesday,2.23,2,0
CUST_3277,Bangalore South,12-3,Wednesday,8.49,2,1
CUST_3278,Bangalore South,3-5,Friday,2.2,1,1
CUST_3279,Bangalore Central,3-5,Thursday,8.37,1,1
CUST_3280,Bangalore Central,12-3,Friday,4.42,1,0
CUST_3281,Bangalore East,10-12,Wednesday,10.57,1,1
CUST_3282,Bangalore East,10-12,Friday,2.21,2,1
CUST_3283,Bangalore South,12-3,Friday,3.29,2,0
CUST_3284,Bangalore East,3-5,Friday,11.68,1,1
CUST_3285,Bangalore East,12-3,Friday,13.26,1,1
CUST_3286,Bangalore Central,3-5,Monday,1.95,1,0
CUST_3287,Bangalore North,12-3,Monday,11.75,1,0
CUST_3288,Bangalore South,12-3,Tuesday,14.38,1,1
CUST_3289,Bangalore North,12-3,Thursday,7.55,2,1
CUST_3290,Bangalore East,3-5,Friday,5.98,3,1
CUST_3291,Bangalore East,3-5,Monday,6.77,3,0
CUST_3292,Bangalore North,10-12,Thursday,9.06,1,0
CUST_3293,Bangalore South,12-3,Friday,8.7,1,1
CUST_3294,Bangalore South,3-5,Thursday,1.98,2,0
CUST_3295,Bangalore North,10-12,Tuesday,9.1,3,1
CUST_3296,Bangalore North,10-12,Thursday,9.42,2,0
CUST_3297,Bangalore North,3-5,Monday,7.3,1,1
CUST_3298,Bangalore North,12-3,Tuesday,9.87,1,1
CUST_3299,Bangalore South,10-12,Monday,11.97,1,0
CUST_3300,Bangalore East,3-5,Friday,2.18,1,0
CUST_3301,Bangalore North,10-12,Tuesday,14.11,2,1
CUST_3302,Bangalore East,3-5,Monday,10.8,1,1
CUST_3303,Bangalore Central,3-5,Wednesday,6.08,3,0
CUST_3304,Bangalore Central,3-5,Thursday,2.59,2,1
CUST_3305,Bangalore South,10-12,Wednesday,14.98,2,1
CUST_3306,Bangalore Central,10-12,Friday,13.29,2,0
CUST_3307,Bangalore East,10-12,Friday,11.76,2,0
CUST_3308,Bangalore South,3-5,Friday,9.32,2,0
CUST_3309,Bangalore Central,3-5,Friday,1.29,1,0
CUST_3310,Bangalore South,3-5,Friday,12.62,2,1
CUST_3311,Bangalore North,12-3,Thursday,6.86,2,0
CUST_3312,Bangalore Central,12-3,Tuesday,2.72,2,0
CUST_3313,Bangalore South,3-5,Thursday,4.05,2,0
CUST_3314,Bangalore South,12-3,Monday,3.64,2,0
CUST_3315,Bangalore East,10-12,Wednesday,14.45,2,1
CUST_3316,Bangalore North,3-5,Thursday,7.78,1,0
CUST_3317,Bangalore East,12-3,Friday,10.21,1,1
CUST_3318,Bangalore East,12-3,Tuesday,13.56,3,0
CUST_3319,Bangalore South,10-12,Thursday,1.35,1,1
CUST_3320,Bangalore East,12-3,Friday,5.85,3,0
CUST_3321,Bangalore North,3-5,Thursday,13.72,2,1
CUST_3322,Bangalore East,10-12,Wednesday,9.41,1,1
CUST_3323,Bangalore East,3-5,Monday,2.8,2,1
CUST_3324,Bangalore East,12-3,Thursday,7.78,1,0
CUST_3325,Bangalore East,12-3,Wednesday,3.09,1,0
CUST_3326,Bangalore Central,3-5,Friday,13.9,1,1
CUST_3327,Bangalore North,3-5,Thursday,4.12,2,1
CUST_3328,Bangalore South,10-12,Thursday,7.88,2,0
CUST_3329,Bangalore Central,10-12,Tuesday,7.45,2,1
CUST_3330,Bangalore East,10-12,Monday,12.69,1,0
CUST_3331,Bangalore North,3-5,Wednesday,4.04,2,0
CUST_3332,Bangalore South,3-5,Wednesday,5.97,2,0
CUST_3333,Bangalore East,3-5,Friday,9.67,2,0
CUST_3334,Bangalore North,12-3,Monday,6.17,1,1
CUST_3335,Bangalore Central,3-5,Thursday,10.55,3,0
CUST_3336,Bangalore East,12-3,Thursday,10.8,1,1
CUST_3337,Bangalore Central,3-5,Thursday,13.8,2,1
CUST_3338,Bangalore South,10-12,Wednesday,5.68,2,1
CUST_3339,Bangalore Central,10-12,Wednesday,11.69,1,1
CUST_3340,Bangalore South,3-5,Friday,12.01,1,0
CUST_3341,Bangalore South,3-5,Monday,4.25,1,0
CUST_3342,Bangalore North,3-5,Thursday,3.81,2,1
CUST_3343,Bangalore North,3-5,Wednesday,2.22,1,1
CUST_3344,Bangalore Central,10-12,Monday,7.64,1,1
CUST_3345,Bangalore North,10-12,Tuesday,9.89,2,1
CUST_3346,Bangalore East,3-5,Friday,11.75,2,0
CUST_3347,Bangalore East,10-12,Friday,10.02,2,1
CUST_3348,Bangalore Central,3-5,Wednesday,3.75,3,0
CUST_3349,Bangalore East,10-12,Thursday,13.02,1,0
CUST_3350,Bangalore East,10-12,Wednesday,4.85,3,0
CUST_3351,Bangalore North,3-5,Wednesday,6.09,1,1
CUST_3352,Bangalore South,10-12,Friday,12.23,3,0
CUST_3353,Bangalore South,10-12,Tuesday,14.46,1,0
CUST_3354,Bangalore East,10-12,Thursday,9.32,3,1
CUST_3355,Bangalore Central,3-5,Tuesday,13.11,2,1
CUST_3356,Bangalore Central,12-3,Monday,14.99,3,1
CUST_3357,Bangalore South,3-5,Friday,12.76,1,1
CUST_3358,Bangalore South,12-3,Monday,3.31,2,0
CUST_3359,Bangalore South,10-12,Monday,4.27,2,0
CUST_3360,Bangalore North,12-3,Monday,3.49,2,0
CUST_3361,Bangalore South,12-3,Tuesday,3.3,2,0
CUST_3362,Bangalore Central,10-12,Monday,7.4,2,1
CUST_3363,Bangalore South,10-12,Wednesday,14.59,2,1
CUST_3364,Bangalore South,3-5,Thursday,6.11,1,0
CUST_3365,Bangalore South,10-12,Wednesday,6.0,2,1
CUST_3366,Bangalore South,3-5,Monday,2.07,2,0
CUST_3367,Bangalore South,10-12,Tuesday,1.84,1,0
CUST_3368,Bangalore East,12-3,Wednesday,3.88,2,0
CUST_3369,Bangalore East,10-12,Friday,13.11,3,0
CUST_3370,Bangalore South,12-3,Friday,13.57,1,1
CUST_3371,Bangalore South,10-12,Monday,8.56,1,1
CUST_3372,Bangalore East,12-3,Wednesday,6.25,2,0
CUST_3373,Bangalore South,12-3,Tuesday,10.86,1,0
CUST_3374,Bangalore East,10-12,Friday,6.4,2,1
CUST_3375,Bangalore North,3-5,Tuesday,9.71,1,0
CUST_3376,Bangalore South,12-3,Thursday,6.23,2,0
CUST_3377,Bangalore North,3-5,Monday,10.51,1,0
CUST_3378,Bangalore South,3-5,Friday,9.09,2,1
CUST_3379,Bangalore East,3-5,Monday,11.52,2,1
CUST_3380,Bangalore North,10-12,Tuesday,1.23,1,0
CUST_3381,Bangalore East,10-12,Wednesday,7.55,2,0
CUST_3382,Bangalore Central,3-5,Friday,10.14,2,1
CUST_3383,Bangalore Central,12-3,Friday,13.28,1,0
CUST_3384,Bangalore South,3-5,Wednesday,6.87,1,1
CUST_3385,Bangalore East,10-12,Wednesday,14.67,2,0
CUST_3386,Bangalore North,3-5,Monday,4.03,2,1
CUST_3387,Bangalore North,12-3,Thursday,1.63,2,1
CUST_3388,Bangalore South,12-3,Tuesday,14.92,3,1
CUST_3389,Bangalore Central,3-5,Friday,8.18,3,0
CUST_3390,Bangalore South,10-12,Thursday,4.58,1,1
CUST_3391,Bangalore North,3-5,Tuesday,3.34,2,1
CUST_3392,Bangalore South,3-5,Wednesday,8.98,2,1
CUST_3393,Bangalore East,10-12,Friday,1.48,2,0
CUST_3394,Bangalore Central,3-5,Wednesday,6.94,2,0
CUST_3395,Bangalore Central,12-3,Wednesday,5.09,2,0
CUST_3396,Bangalore North,12-3,Monday,10.22,3,1
CUST_3397,Bangalore East,10-12,Wednesday,12.54,2,1
CUST_3398,Bangalore Central,12-3,Thursday,10.22,2,1
CUST_3399,Bangalore South,3-5,Tuesday,3.32,1,1
CUST_3400,Bangalore Central,10-12,Monday,11.56,2,0
CUST_3401,Bangalore East,10-12,Monday,1.32,2,1
CUST_3402,Bangalore South,10-12,Tuesday,7.69,2,1
CUST_3403,Bangalore North,3-5,Thursday,4.0,2,0
CUST_3404,Bangalore Central,10-12,Tuesday,2.79,3,1
CUST_3405,Bangalore North,10-12,Tuesday,6.6,1,0
CUST_3406,Bangalore Central,3-5,Monday,4.11,2,0
CUST_3407,Bangalore Central,10-12,Friday,14.05,2,0
CUST_3408,Bangalore South,10-12,Monday,12.13,2,1
CUST_3409,Bangalore Central,12-3,Monday,2.29,3,0
CUST_3410,Bangalore East,12-3,Monday,13.17,1,1
CUST_3411,Bangalore Central,10-12,Monday,10.53,2,1
CUST_3412,Bangalore North,10-12,Monday,7.3,2,0
CUST_3413,Bangalore East,3-5,Monday,5.51,1,0
CUST_3414,Bangalore Central,12-3,Friday,8.67,2,0
CUST_3415,Bangalore Central,10-12,Wednesday,4.11,2,0
CUST_3416,Bangalore Central,12-3,Wednesday,1.81,3,0
CUST_3417,Bangalore South,12-3,Tuesday,13.59,3,1
CUST_3418,Bangalore Central,12-3,Thursday,1.09,1,0
CUST_3419,Bangalore North,3-5,Friday,8.13,3,0
CUST_3420,Bangalore South,10-12,Wednesday,2.3,1,0
CUST_3421,Bangalore North,10-12,Wednesday,10.72,1,0
CUST_3422,Bangalore South,3-5,Friday,6.11,2,1
CUST_3423,Bangalore North,3-5,Wednesday,7.5,2,1
CUST_3424,Bangalore South,10-12,Friday,4.38,2,0
CUST_3425,Bangalore North,3-5,Monday,4.73,2,1
CUST_3426,Bangalore East,10-12,Monday,14.3,1,1
CUST_3427,Bangalore North,12-3,Monday,7.37,1,0
CUST_3428,Bangalore Central,3-5,Tuesday,9.11,1,0
CUST_3429,Bangalore Central,3-5,Monday,2.5,3,0
CUST_3430,Bangalore East,12-3,Friday,8.76,1,1
CUST_3431,Bangalore East,3-5,Wednesday,1.07,2,0
CUST_3432,Bangalore South,12-3,Friday,14.41,1,1
CUST_3433,Bangalore East,10-12,Monday,9.61,2,1
CUST_3434,Bangalore South,12-3,Tuesday,9.91,2,1
CUST_3435,Bangalore North,12-3,Wednesday,7.18,2,0
CUST_3436,Bangalore East,12-3,Friday,14.46,2,0
CUST_3437,Bangalore Central,12-3,Wednesday,1.64,2,1
CUST_3438,Bangalore North,12-3,Monday,7.13,2,1
CUST_3439,Bangalore South,10-12,Wednesday,4.37,1,0
CUST_3440,Bangalore Central,10-12,Friday,1.23,1,0
CUST_3441,Bangalore East,3-5,Wednesday,2.43,1,1
CUST_3442,Bangalore East,10-12,Tuesday,4.43,2,1
CUST_3443,Bangalore East,3-5,Wednesday,3.96,3,0
CUST_3444,Bangalore Central,10-12,Wednesday,6.08,2,1
CUST_3445,Bangalore North,3-5,Friday,2.85,3,0
CUST_3446,Bangalore Central,10-12,Wednesday,4.36,2,0
CUST_3447,Bangalore Central,3-5,Wednesday,13.8,2,0
CUST_3448,Bangalore Central,12-3,Thursday,4.35,2,0
CUST_3449,Bangalore North,12-3,Friday,9.09,2,1
CUST_3450,Bangalore South,3-5,Tuesday,13.5,3,1
CUST_3451,Bangalore South,12-3,Friday,13.72,2,0
CUST_3452,Bangalore Central,10-12,Thursday,3.06,3,0
CUST_3453,Bangalore North,12-3,Monday,3.9,1,0
CUST_3454,Bangalore North,3-5,Tuesday,10.96,1,1
CUST_3455,Bangalore Central,10-12,Tuesday,2.57,3,1
CUST_3456,Bangalore East,10-12,Monday,14.18,2,0
CUST_3457,Bangalore South,10-12,Tuesday,13.36,2,1
CUST_3458,Bangalore East,3-5,Thursday,3.12,1,0
CUST_3459,Bangalore South,12-3,Wednesday,2.74,3,1
CUST_3460,Bangalore South,12-3,Wednesday,3.84,2,0
CUST_3461,Bangalore Central,12-3,Monday,9.32,2,0
CUST_3462,Bangalore South,3-5,Friday,5.77,3,1
CUST_3463,Bangalore North,10-12,Thursday,6.03,1,1
CUST_3464,Bangalore North,10-12,Wednesday,10.01,1,0
CUST_3465,Bangalore Central,10-12,Tuesday,8.47,1,1
CUST_3466,Bangalore Central,3-5,Wednesday,3.4,1,1
CUST_3467,Bangalore North,12-3,Monday,1.72,2,1
CUST_3468,Bangalore East,3-5,Thursday,5.18,2,0
CUST_3469,Bangalore Central,10-12,Thursday,4.46,1,1
CUST_3470,Bangalore North,10-12,Thursday,5.98,3,0
CUST_3471,Bangalore Central,12-3,Monday,1.92,3,0
CUST_3472,Bangalore East,3-5,Tuesday,6.05,3,0
CUST_3473,Bangalore East,3-5,Friday,8.06,3,1
CUST_3474,Bangalore North,12-3,Friday,6.97,2,0
CUST_3475,Bangalore East,10-12,Tuesday,11.58,2,1
CUST_3476,Bangalore East,10-12,Thursday,3.26,3,0
CUST_3477,Bangalore North,10-12,Thursday,13.04,2,1
CUST_3478,Bangalore Central,10-12,Wednesday,3.32,2,1
CUST_3479,Bangalore Central,10-12,Monday,5.69,3,0
CUST_3480,Bangalore East,3-5,Monday,2.34,2,1
CUST_3481,Bangalore Central,10-12,Tuesday,6.53,1,0
CUST_3482,Bangalore Central,12-3,Thursday,5.45,1,1
CUST_3483,Bangalore East,12-3,Wednesday,9.02,2,1
CUST_3484,Bangalore East,10-12,Friday,6.57,3,1
CUST_3485,Bangalore East,3-5,Wednesday,1.34,3,1
CUST_3486,Bangalore East,3-5,Thursday,11.01,2,0
CUST_3487,Bangalore East,12-3,Thursday,13.57,3,0
CUST_3488,Bangalore South,10-12,Tuesday,11.31,3,0
CUST_3489,Bangalore East,12-3,Friday,2.53,3,0
CUST_3490,Bangalore South,3-5,Tuesday,6.58,2,1
CUST_3491,Bangalore South,10-12,Thursday,7.27,2,1
CUST_3492,Bangalore North,12-3,Monday,14.79,2,1
CUST_3493,Bangalore Central,10-12,Wednesday,10.71,2,1
CUST_3494,Bangalore East,3-5,Monday,4.84,1,1
CUST_3495,Bangalore North,10-12,Monday,7.18,1,0
CUST_3496,Bangalore East,3-5,Thursday,7.94,1,1
CUST_3497,Bangalore Central,12-3,Monday,1.14,2,0
CUST_3498,Bangalore South,3-5,Monday,8.14,1,1
CUST_3499,Bangalore South,10-12,Wednesday,5.54,2,1
CUST_3500,Bangalore South,10-12,Thursday,11.78,1,1
CUST_3501,Bangalore Central,12-3,Tuesday,1.46,1,1
CUST_3502,Bangalore Central,10-12,Monday,6.07,3,0
CUST_3503,Bangalore Central,3-5,Thursday,7.4,2,0
CUST_3504,Bangalore East,10-12,Friday,3.15,2,1
CUST_3505,Bangalore Central,3-5,Thursday,3.84,2,0
CUST_3506,Bangalore South,12-3,Friday,7.34,2,1
CUST_3507,Bangalore Central,12-3,Friday,1.01,2,1
CUST_3508,Bangalore East,3-5,Friday,5.94,3,1
CUST_3509,Bangalore East,10-12,Thursday,14.3,3,0
CUST_3510,Bangalore North,3-5,Tuesday,14.68,1,1
CUST_3511,Bangalore South,10-12,Thursday,5.76,2,1
CUST_3512,Bangalore East,12-3,Wednesday,9.58,2,0
CUST_3513,Bangalore Central,12-3,Monday,9.8,1,0
CUST_3514,Bangalore North,10-12,Monday,7.09,2,1
CUST_3515,Bangalore Central,12-3,Thursday,11.75,2,0
CUST_3516,Bangalore North,3-5,Friday,5.12,1,1
CUST_3517,Bangalore Central,3-5,Tuesday,8.49,2,0
CUST_3518,Bangalore East,3-5,Thursday,10.68,3,1
CUST_3519,Bangalore Central,10-12,Friday,14.73,2,1
CUST_3520,Bangalore South,10-12,Friday,3.66,2,0
CUST_3521,Bangalore North,12-3,Friday,3.55,2,1
CUST_3522,Bangalore North,12-3,Thursday,11.95,2,0
CUST_3523,Bangalore North,3-5,Tuesday,6.02,2,0
CUST_3524,Bangalore South,12-3,Tuesday,4.83,2,1
CUST_3525,Bangalore East,12-3,Thursday,12.72,2,1
CUST_3526,Bangalore South,10-12,Thursday,9.39,3,0
CUST_3527,Bangalore Central,12-3,Monday,14.5,1,0
CUST_3528,Bangalore North,12-3,Friday,6.83,1,0
CUST_3529,Bangalore South,3-5,Wednesday,10.12,3,0
CUST_3530,Bangalore North,3-5,Thursday,3.04,3,0
CUST_3531,Bangalore South,10-12,Tuesday,2.61,2,1
CUST_3532,Bangalore North,10-12,Wednesday,6.62,1,0
CUST_3533,Bangalore East,3-5,Thursday,6.87,1,0
CUST_3534,Bangalore Central,12-3,Tuesday,5.98,1,1
CUST_3535,Bangalore North,10-12,Friday,7.16,3,0
CUST_3536,Bangalore South,3-5,Friday,5.53,2,0
CUST_3537,Bangalore East,3-5,Wednesday,11.35,2,1
CUST_3538,Bangalore North,10-12,Thursday,13.22,3,0
CUST_3539,Bangalore East,3-5,Monday,6.78,3,1
CUST_3540,Bangalore Central,3-5,Friday,2.21,2,1
CUST_3541,Bangalore South,12-3,Tuesday,1.87,1,0
CUST_3542,Bangalore Central,10-12,Tuesday,7.82,2,1
CUST_3543,Bangalore North,12-3,Tuesday,4.29,1,0
CUST_3544,Bangalore Central,10-12,Friday,3.68,1,0
CUST_3545,Bangalore South,12-3,Tuesday,9.77,2,1
CUST_3546,Bangalore East,3-5,Friday,4.25,2,0
CUST_3547,Bangalore North,3-5,Wednesday,3.93,2,0
CUST_3548,Bangalore Central,3-5,Monday,10.09,3,1
CUST_3549,Bangalore Central,12-3,Monday,8.25,1,1
CUST_3550,Bangalore Central,10-12,Thursday,13.6,1,1
CUST_3551,Bangalore North,3-5,Wednesday,3.23,1,1
CUST_3552,Bangalore South,12-3,Thursday,12.59,1,0
CUST_3553,Bangalore North,3-5,Wednesday,12.67,2,1
CUST_3554,Bangalore North,12-3,Tuesday,11.42,3,0
CUST_3555,Bangalore South,12-3,Friday,3.51,3,1
CUST_3556,Bangalore South,10-12,Friday,1.06,2,0
CUST_3557,Bangalore South,3-5,Tuesday,14.2,3,1
CUST_3558,Bangalore East,10-12,Friday,8.86,2,0
CUST_3559,Bangalore Central,10-12,Monday,6.1,1,1
CUST_3560,Bangalore East,12-3,Tuesday,3.57,1,0
CUST_3561,Bangalore North,3-5,Friday,8.56,3,0
CUST_3562,Bangalore North,3-5,Monday,13.26,1,0
CUST_3563,Bangalore North,12-3,Wednesday,3.98,3,1
CUST_3564,Bangalore North,12-3,Monday,10.66,2,0
CUST_3565,Bangalore East,10-12,Thursday,3.82,2,0
CUST_3566,Bangalore South,3-5,Tuesday,1.11,3,0
CUST_3567,Bangalore South,3-5,Monday,3.69,2,1
CUST_3568,Bangalore East,10-12,Tuesday,9.27,1,1
CUST_3569,Bangalore North,3-5,Thursday,11.93,2,1
CUST_3570,Bangalore East,12-3,Wednesday,8.93,2,0
CUST_3571,Bangalore East,3-5,Tuesday,13.7,2,0
CUST_3572,Bangalore North,10-12,Friday,3.85,2,0
CUST_3573,Bangalore Central,12-3,Thursday,12.49,3,0
CUST_3574,Bangalore East,12-3,Wednesday,1.27,2,0
CUST_3575,Bangalore Central,3-5,Monday,13.9,3,1
CUST_3576,Bangalore East,3-5,Tuesday,1.54,3,1
CUST_3577,Bangalore Central,12-3,Thursday,10.03,1,1
CUST_3578,Bangalore North,12-3,Tuesday,8.79,1,0
CUST_3579,Bangalore South,3-5,Wednesday,5.66,2,1
CUST_3580,Bangalore North,3-5,Tuesday,11.9,3,0
CUST_3581,Bangalore North,12-3,Thursday,6.76,2,0
CUST_3582,Bangalore South,10-12,Friday,14.47,3,0
CUST_3583,Bangalore Central,3-5,Thursday,12.37,2,0
CUST_3584,Bangalore Central,10-12,Monday,2.17,3,0
CUST_3585,Bangalore East,3-5,Friday,1.26,2,0
CUST_3586,Bangalore North,10-12,Friday,11.9,2,0
CUST_3587,Bangalore Central,10-12,Friday,12.65,2,0
CUST_3588,Bangalore North,10-12,Thursday,6.14,2,1
CUST_3589,Bangalore South,3-5,Thursday,6.28,2,0
CUST_3590,Bangalore East,3-5,Friday,7.56,2,1
CUST_3591,Bangalore South,10-12,Tuesday,1.9,3,0
CUST_3592,Bangalore South,10-12,Wednesday,3.36,2,1
CUST_3593,Bangalore North,12-3,Monday,5.73,3,1
CUST_3594,Bangalore East,10-12,Wednesday,6.17,2,0
CUST_3595,Bangalore Central,10-12,Friday,2.86,2,0
CUST_3596,Bangalore East,12-3,Friday,2.34,2,1
CUST_3597,Bangalore Central,12-3,Friday,4.4,1,1
CUST_3598,Bangalore Central,10-12,Thursday,6.89,3,1
CUST_3599,Bangalore East,10-12,Monday,12.9,1,0
CUST_3600,Bangalore North,10-12,Tuesday,9.66,2,1
CUST_3601,Bangalore North,10-12,Friday,8.89,1,0
CUST_3602,Bangalore Central,12-3,Wednesday,3.87,2,0
CUST_3603,Bangalore Central,10-12,Tuesday,8.55,2,1
CUST_3604,Bangalore North,3-5,Friday,7.66,2,1
CUST_3605,Bangalore South,10-12,Friday,6.31,2,1
CUST_3606,Bangalore South,12-3,Thursday,13.33,2,0
CUST_3607,Bangalore East,3-5,Tuesday,12.67,2,1
CUST_3608,Bangalore South,10-12,Thursday,14.02,2,1
CUST_3609,Bangalore Central,3-5,Tuesday,6.26,3,0
CUST_3610,Bangalore Central,10-12,Thursday,13.53,2,1
CUST_3611,Bangalore East,3-5,Monday,8.3,2,0
CUST_3612,Bangalore Central,12-3,Monday,4.11,2,0
CUST_3613,Bangalore East,3-5,Tuesday,13.8,2,1
CUST_3614,Bangalore North,3-5,Wednesday,5.78,1,0
CUST_3615,Bangalore South,12-3,Monday,11.61,3,0
CUST_3616,Bangalore North,3-5,Wednesday,11.96,1,1
CUST_3617,Bangalore Central,12-3,Thursday,12.46,3,1
CUST_3618,Bangalore South,10-12,Wednesday,2.8,3,0
CUST_3619,Bangalore North,10-12,Friday,2.07,2,1
CUST_3620,Bangalore North,3-5,Wednesday,5.46,1,1
CUST_3621,Bangalore Central,3-5,Friday,5.67,1,0
CUST_3622,Bangalore North,12-3,Tuesday,11.63,1,1
CUST_3623,Bangalore East,12-3,Monday,6.75,2,1
CUST_3624,Bangalore Central,10-12,Friday,11.13,2,1
CUST_3625,Bangalore North,3-5,Thursday,6.98,3,1
CUST_3626,Bangalore South,10-12,Tuesday,11.04,2,0
CUST_3627,Bangalore North,10-12,Wednesday,2.86,1,1
CUST_3628,Bangalore Central,12-3,Tuesday,1.69,1,1
CUST_3629,Bangalore East,10-12,Wednesday,3.17,1,0
CUST_3630,Bangalore East,3-5,Monday,10.46,2,1
CUST_3631,Bangalore Central,12-3,Thursday,4.94,1,0
CUST_3632,Bangalore Central,12-3,Tuesday,7.67,2,0
CUST_3633,Bangalore Central,12-3,Thursday,9.99,2,1
CUST_3634,Bangalore South,3-5,Wednesday,3.4,2,0
CUST_3635,Bangalore Central,12-3,Thursday,9.42,2,1
CUST_3636,Bangalore North,10-12,Monday,5.51,3,1
CUST_3637,Bangalore East,12-3,Wednesday,14.38,2,0
CUST_3638,Bangalore East,10-12,Friday,1.15,1,1
CUST_3639,Bangalore South,3-5,Wednesday,10.11,3,0
CUST_3640,Bangalore South,10-12,Monday,14.57,2,1
CUST_3641,Bangalore North,12-3,Wednesday,4.68,2,0
CUST_3642,Bangalore North,3-5,Wednesday,2.01,2,1
CUST_3643,Bangalore East,12-3,Thursday,6.6,1,1
CUST_3644,Bangalore East,10-12,Thursday,2.01,2,1
CUST_3645,Bangalore Central,12-3,Tuesday,13.19,1,1
CUST_3646,Bangalore North,3-5,Thursday,13.42,2,1
CUST_3647,Bangalore East,12-3,Friday,6.7,1,1
CUST_3648,Bangalore South,10-12,Wednesday,3.95,2,1
CUST_3649,Bangalore South,3-5,Friday,7.89,1,1
CUST_3650,Bangalore South,12-3,Friday,12.94,2,1
CUST_3651,Bangalore Central,12-3,Tuesday,7.63,2,0
CUST_3652,Bangalore North,10-12,Thursday,3.59,2,1
CUST_3653,Bangalore East,3-5,Wednesday,6.35,1,0
CUST_3654,Bangalore North,3-5,Thursday,9.99,2,0
CUST_3655,Bangalore Central,12-3,Friday,12.64,1,0
CUST_3656,Bangalore East,3-5,Wednesday,13.82,2,0
CUST_3657,Bangalore East,10-12,Wednesday,11.69,1,1
CUST_3658,Bangalore North,3-5,Friday,5.76,1,0
CUST_3659,Bangalore East,10-12,Thursday,12.5,2,1
CUST_3660,Bangalore North,10-12,Monday,13.59,1,1
CUST_3661,Bangalore South,10-12,Friday,13.89,3,1
CUST_3662,Bangalore Central,12-3,Wednesday,2.98,2,0
CUST_3663,Bangalore East,10-12,Wednesday,1.03,2,0
CUST_3664,Bangalore Central,3-5,Wednesday,5.39,3,0
CUST_3665,Bangalore Central,12-3,Thursday,8.25,1,1
CUST_3666,Bangalore North,10-12,Wednesday,1.42,1,1
CUST_3667,Bangalore East,12-3,Friday,2.92,3,0
CUST_3668,Bangalore Central,3-5,Thursday,4.96,2,0
CUST_3669,Bangalore South,12-3,Thursday,2.89,2,0
CUST_3670,Bangalore North,3-5,Wednesday,9.89,1,1
CUST_3671,Bangalore Central,3-5,Friday,10.85,3,1
CUST_3672,Bangalore East,12-3,Thursday,8.1,2,1
CUST_3673,Bangalore East,12-3,Friday,3.27,1,1
CUST_3674,Bangalore South,12-3,Tuesday,1.86,1,1
CUST_3675,Bangalore North,10-12,Tuesday,9.76,2,1
CUST_3676,Bangalore North,10-12,Tuesday,9.7,3,1
CUST_3677,Bangalore Central,12-3,Friday,9.51,2,0
CUST_3678,Bangalore Central,3-5,Tuesday,14.72,3,1
CUST_3679,Bangalore East,10-12,Monday,10.59,1,1
CUST_3680,Bangalore East,3-5,Tuesday,5.98,1,1
CUST_3681,Bangalore Central,3-5,Thursday,5.77,2,1
CUST_3682,Bangalore North,12-3,Tuesday,9.96,2,1
CUST_3683,Bangalore South,12-3,Monday,7.75,2,0
CUST_3684,Bangalore South,10-12,Monday,4.09,1,0
CUST_3685,Bangalore South,3-5,Friday,2.61,3,1
CUST_3686,Bangalore North,10-12,Wednesday,12.48,3,0
CUST_3687,Bangalore East,10-12,Friday,5.16,3,1
CUST_3688,Bangalore South,3-5,Wednesday,14.15,3,1
CUST_3689,Bangalore Central,10-12,Wednesday,1.3,1,0
CUST_3690,Bangalore South,3-5,Monday,3.1,3,0
CUST_3691,Bangalore Central,12-3,Friday,14.36,2,1
CUST_3692,Bangalore East,3-5,Friday,3.06,2,0
CUST_3693,Bangalore East,10-12,Tuesday,10.98,3,0
CUST_3694,Bangalore South,12-3,Monday,12.56,2,0
CUST_3695,Bangalore East,12-3,Wednesday,9.69,2,0
CUST_3696,Bangalore Central,3-5,Friday,1.99,2,0
CUST_3697,Bangalore South,10-12,Monday,2.35,2,0
CUST_3698,Bangalore North,10-12,Tuesday,8.78,1,0
CUST_3699,Bangalore East,10-12,Tuesday,13.82,2,0
CUST_3700,Bangalore South,12-3,Tuesday,13.06,3,1
CUST_3701,Bangalore North,12-3,Monday,6.33,2,0
CUST_3702,Bangalore South,12-3,Tuesday,1.13,1,1
CUST_3703,Bangalore South,3-5,Thursday,9.4,3,0
CUST_3704,Bangalore North,12-3,Friday,9.55,2,1
CUST_3705,Bangalore North,10-12,Wednesday,5.83,3,1
CUST_3706,Bangalore East,3-5,Monday,7.87,2,0
CUST_3707,Bangalore East,10-12,Thursday,5.81,3,1
CUST_3708,Bangalore North,12-3,Friday,3.91,1,1
CUST_3709,Bangalore North,3-5,Wednesday,5.38,2,0
CUST_3710,Bangalore North,10-12,Thursday,10.75,1,0
CUST_3711,Bangalore South,10-12,Thursday,3.15,1,1
CUST_3712,Bangalore Central,12-3,Monday,7.7,1,0
CUST_3713,Bangalore North,10-12,Tuesday,10.17,2,0
CUST_3714,Bangalore South,12-3,Monday,14.86,1,0
CUST_3715,Bangalore North,12-3,Tuesday,6.71,2,0
CUST_3716,Bangalore South,3-5,Monday,11.58,1,0
CUST_3717,Bangalore Central,12-3,Wednesday,2.89,3,1
CUST_3718,Bangalore East,12-3,Friday,12.65,2,0
CUST_3719,Bangalore South,12-3,Monday,14.92,2,1
CUST_3720,Bangalore Central,10-12,Wednesday,12.87,2,0
CUST_3721,Bangalore East,12-3,Friday,9.27,1,0
CUST_3722,Bangalore Central,10-12,Wednesday,9.86,1,0
CUST_3723,Bangalore North,12-3,Wednesday,7.82,1,1
CUST_3724,Bangalore North,3-5,Thursday,10.79,1,1
CUST_3725,Bangalore North,12-3,Wednesday,6.43,2,1
CUST_3726,Bangalore South,12-3,Wednesday,3.52,1,0
CUST_3727,Bangalore East,3-5,Tuesday,8.33,3,1
CUST_3728,Bangalore Central,10-12,Tuesday,5.83,2,0
CUST_3729,Bangalore North,3-5,Tuesday,7.21,2,0
CUST_3730,Bangalore East,3-5,Thursday,10.09,2,1
CUST_3731,Bangalore South,3-5,Thursday,13.35,2,1
CUST_3732,Bangalore East,12-3,Thursday,2.8,3,1
CUST_3733,Bangalore East,10-12,Tuesday,10.66,1,0
CUST_3734,Bangalore North,3-5,Monday,12.32,1,1
CUST_3735,Bangalore South,12-3,Friday,2.2,3,1
CUST_3736,Bangalore South,12-3,Thursday,13.01,2,1
CUST_3737,Bangalore Central,12-3,Monday,4.3,3,1
CUST_3738,Bangalore South,3-5,Monday,12.12,2,1
CUST_3739,Bangalore North,10-12,Friday,9.71,1,1
CUST_3740,Bangalore Central,10-12,Wednesday,5.61,1,1
CUST_3741,Bangalore Central,12-3,Thursday,2.13,1,1
CUST_3742,Bangalore East,12-3,Monday,1.14,3,0
CUST_3743,Bangalore North,10-12,Wednesday,6.89,1,0
CUST_3744,Bangalore East,12-3,Monday,2.63,1,0
CUST_3745,Bangalore North,3-5,Monday,13.6,1,0
CUST_3746,Bangalore South,3-5,Monday,4.99,2,1
CUST_3747,Bangalore Central,12-3,Tuesday,7.39,1,0
CUST_3748,Bangalore Central,10-12,Wednesday,12.03,3,0
CUST_3749,Bangalore Central,10-12,Thursday,5.79,3,0
CUST_3750,Bangalore Central,3-5,Friday,5.66,2,0
CUST_3751,Bangalore South,12-3,Friday,13.33,3,0
CUST_3752,Bangalore South,12-3,Wednesday,9.91,2,1
CUST_3753,Bangalore East,10-12,Tuesday,9.56,2,0
CUST_3754,Bangalore Central,12-3,Monday,10.01,1,1
CUST_3755,Bangalore Central,10-12,Monday,6.06,2,0
CUST_3756,Bangalore Central,10-12,Tuesday,10.84,1,0
CUST_3757,Bangalore East,10-12,Monday,4.88,2,1
CUST_3758,Bangalore South,10-12,Tuesday,10.1,1,0
CUST_3759,Bangalore East,10-12,Friday,14.41,2,0
CUST_3760,Bangalore Central,10-12,Thursday,1.43,2,1
CUST_3761,Bangalore Central,3-5,Monday,14.73,2,0
CUST_3762,Bangalore Central,12-3,Friday,11.15,2,1
CUST_3763,Bangalore North,10-12,Wednesday,4.56,2,0
CUST_3764,Bangalore Central,12-3,Tuesday,1.95,2,0
CUST_3765,Bangalore East,12-3,Wednesday,8.99,2,1
CUST_3766,Bangalore South,10-12,Monday,14.06,2,0
CUST_3767,Bangalore South,10-12,Monday,9.5,3,0
CUST_3768,Bangalore North,12-3,Friday,11.62,2,1
CUST_3769,Bangalore East,3-5,Thursday,3.6,1,1
CUST_3770,Bangalore Central,12-3,Tuesday,2.14,2,1
CUST_3771,Bangalore South,3-5,Friday,7.59,2,0
CUST_3772,Bangalore Central,12-3,Friday,5.41,2,1
CUST_3773,Bangalore Central,10-12,Wednesday,13.48,1,1
CUST_3774,Bangalore Central,3-5,Friday,2.35,2,1
CUST_3775,Bangalore North,3-5,Wednesday,5.93,2,0
CUST_3776,Bangalore East,10-12,Friday,13.15,2,0
CUST_3777,Bangalore Central,12-3,Tuesday,6.58,1,1
CUST_3778,Bangalore Central,3-5,Tuesday,1.64,2,0
CUST_3779,Bangalore East,12-3,Monday,9.87,3,1
CUST_3780,Bangalore East,3-5,Wednesday,3.54,2,1
CUST_3781,Bangalore South,12-3,Wednesday,8.55,1,0
CUST_3782,Bangalore East,10-12,Tuesday,1.81,2,0
CUST_3783,Bangalore Central,10-12,Monday,7.7,2,0
CUST_3784,Bangalore Central,10-12,Thursday,7.41,2,1
CUST_3785,Bangalore East,10-12,Monday,10.26,3,1
CUST_3786,Bangalore East,10-12,Thursday,3.76,1,1
CUST_3787,Bangalore South,10-12,Tuesday,3.05,1,0
CUST_3788,Bangalore South,3-5,Friday,13.1,2,1
CUST_3789,Bangalore North,3-5,Friday,10.3,1,0
CUST_3790,Bangalore Central,12-3,Tuesday,7.82,2,0
CUST_3791,Bangalore South,12-3,Friday,3.5,2,0
CUST_3792,Bangalore East,12-3,Tuesday,9.92,1,0
CUST_3793,Bangalore Central,3-5,Friday,11.31,3,1
CUST_3794,Bangalore South,3-5,Monday,8.77,3,0
CUST_3795,Bangalore East,3-5,Friday,6.26,1,0
CUST_3796,Bangalore North,10-12,Tuesday,6.69,3,0
CUST_3797,Bangalore East,10-12,Tuesday,8.56,3,0
CUST_3798,Bangalore Central,12-3,Friday,9.57,1,1
CUST_3799,Bangalore South,10-12,Monday,12.78,1,0
CUST_3800,Bangalore Central,3-5,Wednesday,9.78,2,0
CUST_3801,Bangalore South,3-5,Monday,13.43,3,1
CUST_3802,Bangalore East,3-5,Monday,13.12,1,0
CUST_3803,Bangalore East,3-5,Tuesday,7.15,3,0
CUST_3804,Bangalore Central,10-12,Tuesday,13.37,1,0
CUST_3805,Bangalore South,10-12,Monday,6.52,2,1
CUST_3806,Bangalore East,12-3,Monday,3.58,1,1
CUST_3807,Bangalore Central,10-12,Friday,4.76,2,0
CUST_3808,Bangalore Central,12-3,Monday,13.47,2,0
CUST_3809,Bangalore North,12-3,Tuesday,3.24,2,0
CUST_3810,Bangalore North,10-12,Thursday,6.33,3,1
CUST_3811,Bangalore Central,3-5,Wednesday,10.26,2,0
CUST_3812,Bangalore North,12-3,Thursday,4.72,2,1
CUST_3813,Bangalore East,10-12,Friday,14.54,2,1
CUST_3814,Bangalore Central,3-5,Monday,11.59,1,0
CUST_3815,Bangalore North,12-3,Tuesday,8.75,3,0
CUST_3816,Bangalore East,12-3,Thursday,14.45,2,1
CUST_3817,Bangalore North,12-3,Thursday,4.77,2,0
CUST_3818,Bangalore North,10-12,Friday,6.63,2,0
CUST_3819,Bangalore South,10-12,Monday,14.89,2,0
CUST_3820,Bangalore Central,3-5,Friday,4.77,3,0
CUST_3821,Bangalore Central,12-3,Friday,12.32,2,0
CUST_3822,Bangalore North,12-3,Monday,12.31,1,0
CUST_3823,Bangalore Central,12-3,Monday,6.76,2,0
CUST_3824,Bangalore East,10-12,Monday,13.03,2,0
CUST_3825,Bangalore North,10-12,Thursday,8.68,1,1
CUST_3826,Bangalore South,12-3,Thursday,10.65,3,0
CUST_3827,Bangalore East,3-5,Wednesday,4.39,1,1
CUST_3828,Bangalore Central,3-5,Thursday,3.14,3,1
CUST_3829,Bangalore North,12-3,Friday,9.18,3,0
CUST_3830,Bangalore Central,12-3,Thursday,9.23,3,1
CUST_3831,Bangalore North,3-5,Monday,11.16,1,0
CUST_3832,Bangalore Central,12-3,Wednesday,5.07,3,0
CUST_3833,Bangalore Central,3-5,Thursday,12.79,3,1
CUST_3834,Bangalore North,3-5,Monday,6.54,2,0
CUST_3835,Bangalore South,10-12,Thursday,9.5,2,0
CUST_3836,Bangalore Central,12-3,Wednesday,6.8,2,1
CUST_3837,Bangalore Central,10-12,Wednesday,2.39,1,0
CUST_3838,Bangalore East,12-3,Monday,11.08,3,0
CUST_3839,Bangalore Central,10-12,Monday,12.08,1,1
CUST_3840,Bangalore East,12-3,Wednesday,11.7,1,1
CUST_3841,Bangalore North,10-12,Wednesday,1.64,2,0
CUST_3842,Bangalore Central,12-3,Thursday,4.81,2,0
CUST_3843,Bangalore East,12-3,Tuesday,10.16,2,1
CUST_3844,Bangalore North,10-12,Monday,14.62,3,1
CUST_3845,Bangalore Central,10-12,Friday,4.24,2,0
CUST_3846,Bangalore Central,12-3,Wednesday,13.6,1,1
CUST_3847,Bangalore North,3-5,Friday,2.29,2,1
CUST_3848,Bangalore East,3-5,Tuesday,6.1,2,0
CUST_3849,Bangalore North,3-5,Thursday,8.24,2,1
CUST_3850,Bangalore South,10-12,Monday,4.09,2,1
CUST_3851,Bangalore Central,12-3,Monday,1.9,2,0
CUST_3852,Bangalore Central,10-12,Tuesday,3.64,1,1
CUST_3853,Bangalore North,12-3,Wednesday,13.72,2,1
CUST_3854,Bangalore South,10-12,Monday,1.34,2,1
CUST_3855,Bangalore Central,10-12,Tuesday,8.23,1,0
CUST_3856,Bangalore East,3-5,Wednesday,5.99,2,0
CUST_3857,Bangalore East,3-5,Tuesday,3.13,2,1
CUST_3858,Bangalore East,3-5,Thursday,2.37,2,0
CUST_3859,Bangalore Central,3-5,Wednesday,9.97,2,1
CUST_3860,Bangalore East,10-12,Tuesday,6.62,2,0
CUST_3861,Bangalore Central,10-12,Friday,14.93,3,0
CUST_3862,Bangalore South,3-5,Friday,6.11,2,0
CUST_3863,Bangalore North,10-12,Tuesday,8.53,2,0
CUST_3864,Bangalore Central,10-12,Thursday,4.9,1,1
CUST_3865,Bangalore Central,10-12,Thursday,1.65,3,1
CUST_3866,Bangalore South,10-12,Thursday,8.28,1,1
CUST_3867,Bangalore Central,3-5,Wednesday,6.73,2,0
CUST_3868,Bangalore East,10-12,Friday,5.97,3,1
CUST_3869,Bangalore North,10-12,Monday,6.36,3,0
CUST_3870,Bangalore East,12-3,Friday,11.68,2,1
CUST_3871,Bangalore Central,3-5,Thursday,7.08,3,0
CUST_3872,Bangalore North,3-5,Tuesday,4.14,2,0
CUST_3873,Bangalore Central,10-12,Friday,6.47,2,0
CUST_3874,Bangalore North,10-12,Tuesday,14.85,2,0
CUST_3875,Bangalore East,10-12,Tuesday,3.11,1,1
CUST_3876,Bangalore South,3-5,Monday,2.14,3,0
CUST_3877,Bangalore East,3-5,Friday,10.5,2,1
CUST_3878,Bangalore East,12-3,Friday,5.2,2,1
CUST_3879,Bangalore North,10-12,Friday,7.36,2,0
CUST_3880,Bangalore Central,12-3,Tuesday,4.14,2,1
CUST_3881,Bangalore East,3-5,Monday,2.44,2,0
CUST_3882,Bangalore North,12-3,Wednesday,5.73,2,1
CUST_3883,Bangalore East,10-12,Thursday,5.29,1,0
CUST_3884,Bangalore East,3-5,Monday,6.53,2,1
CUST_3885,Bangalore Central,12-3,Tuesday,12.9,1,1
CUST_3886,Bangalore East,3-5,Wednesday,13.03,2,1
CUST_3887,Bangalore Central,12-3,Monday,4.64,2,1
CUST_3888,Bangalore South,3-5,Monday,5.36,1,0
CUST_3889,Bangalore East,10-12,Friday,7.22,3,1
CUST_3890,Bangalore South,3-5,Tuesday,6.38,2,0
CUST_3891,Bangalore South,10-12,Tuesday,12.42,2,1
CUST_3892,Bangalore East,10-12,Wednesday,1.77,2,1
CUST_3893,Bangalore East,3-5,Friday,11.57,2,0
CUST_3894,Bangalore East,3-5,Friday,2.62,2,1
CUST_3895,Bangalore North,3-5,Monday,4.96,2,1
CUST_3896,Bangalore North,10-12,Thursday,4.57,2,0
CUST_3897,Bangalore South,10-12,Friday,5.59,2,0
CUST_3898,Bangalore Central,10-12,Wednesday,13.49,1,0
CUST_3899,Bangalore East,10-12,Tuesday,6.04,2,1
CUST_3900,Bangalore North,3-5,Monday,14.21,1,0
CUST_3901,Bangalore South,10-12,Wednesday,1.77,3,0
CUST_3902,Bangalore Central,12-3,Monday,7.04,3,1
CUST_3903,Bangalore North,12-3,Monday,9.77,2,1
CUST_3904,Bangalore Central,3-5,Thursday,8.19,1,1
CUST_3905,Bangalore East,10-12,Thursday,11.4,3,1
CUST_3906,Bangalore South,3-5,Tuesday,1.2,3,1
CUST_3907,Bangalore East,12-3,Tuesday,9.62,1,0
CUST_3908,Bangalore Central,12-3,Wednesday,13.38,1,1
CUST_3909,Bangalore Central,12-3,Wednesday,5.91,3,1
CUST_3910,Bangalore East,12-3,Tuesday,2.01,1,1
CUST_3911,Bangalore South,10-12,Tuesday,14.93,2,1
CUST_3912,Bangalore North,12-3,Wednesday,8.56,2,0
CUST_3913,Bangalore North,12-3,Tuesday,10.6,2,0
CUST_3914,Bangalore Central,12-3,Thursday,5.89,1,0
CUST_3915,Bangalore Central,10-12,Tuesday,3.43,1,0
CUST_3916,Bangalore East,12-3,Tuesday,1.88,3,0
CUST_3917,Bangalore North,12-3,Monday,6.48,3,1
CUST_3918,Bangalore South,12-3,Thursday,5.27,1,0
CUST_3919,Bangalore East,3-5,Tuesday,13.35,2,0
CUST_3920,Bangalore South,12-3,Monday,4.58,2,0
CUST_3921,Bangalore South,12-3,Friday,10.39,3,0
CUST_3922,Bangalore South,10-12,Monday,13.81,2,0
CUST_3923,Bangalore East,12-3,Wednesday,9.2,1,1
CUST_3924,Bangalore South,3-5,Monday,12.58,3,0
CUST_3925,Bangalore South,12-3,Thursday,8.65,3,1
CUST_3926,Bangalore North,3-5,Tuesday,2.31,1,0
CUST_3927,Bangalore South,10-12,Thursday,10.64,2,0
CUST_3928,Bangalore South,12-3,Tuesday,4.51,2,0
CUST_3929,Bangalore North,12-3,Thursday,11.88,2,0
CUST_3930,Bangalore South,12-3,Monday,14.41,2,0
CUST_3931,Bangalore South,12-3,Thursday,2.26,3,0
CUST_3932,Bangalore Central,12-3,Monday,4.62,3,0
CUST_3933,Bangalore Central,10-12,Thursday,6.39,2,0
CUST_3934,Bangalore Central,10-12,Friday,2.05,2,0
CUST_3935,Bangalore East,3-5,Monday,1.64,1,1
CUST_3936,Bangalore North,3-5,Monday,3.02,2,0
CUST_3937,Bangalore Central,12-3,Monday,3.89,2,1
CUST_3938,Bangalore Central,12-3,Tuesday,4.45,2,0
CUST_3939,Bangalore East,10-12,Wednesday,2.52,3,0
CUST_3940,Bangalore Central,10-12,Wednesday,12.0,2,1
CUST_3941,Bangalore South,3-5,Tuesday,6.89,3,1
CUST_3942,Bangalore South,3-5,Friday,9.37,2,1
CUST_3943,Bangalore North,3-5,Tuesday,11.99,2,1
CUST_3944,Bangalore Central,12-3,Thursday,13.58,2,1
CUST_3945,Bangalore North,12-3,Friday,2.67,3,1
CUST_3946,Bangalore East,10-12,Thursday,10.96,1,0
CUST_3947,Bangalore Central,12-3,Wednesday,9.3,2,1
CUST_3948,Bangalore Central,12-3,Tuesday,13.91,2,1
CUST_3949,Bangalore South,12-3,Wednesday,12.26,1,0
CUST_3950,Bangalore North,12-3,Wednesday,4.44,3,0
CUST_3951,Bangalore East,3-5,Thursday,7.11,2,1
CUST_3952,Bangalore Central,12-3,Wednesday,10.64,2,1
CUST_3953,Bangalore South,3-5,Tuesday,5.91,1,0
CUST_3954,Bangalore Central,3-5,Friday,13.64,2,0
CUST_3955,Bangalore East,3-5,Wednesday,11.68,2,0
CUST_3956,Bangalore Central,10-12,Friday,5.75,2,0
CUST_3957,Bangalore Central,12-3,Tuesday,14.32,2,0
CUST_3958,Bangalore Central,10-12,Monday,7.2,3,1
CUST_3959,Bangalore Central,10-12,Friday,1.56,1,1
CUST_3960,Bangalore South,3-5,Wednesday,8.85,1,0
CUST_3961,Bangalore East,12-3,Thursday,13.42,2,1
CUST_3962,Bangalore Central,12-3,Wednesday,9.86,2,0
CUST_3963,Bangalore Central,12-3,Monday,12.36,3,0
CUST_3964,Bangalore Central,3-5,Friday,3.74,1,1
CUST_3965,Bangalore Central,3-5,Thursday,12.58,1,1
CUST_3966,Bangalore North,10-12,Wednesday,11.87,2,0
CUST_3967,Bangalore Central,12-3,Thursday,2.25,2,0
CUST_3968,Bangalore South,3-5,Wednesday,13.09,2,0
CUST_3969,Bangalore North,10-12,Monday,3.09,1,0
CUST_3970,Bangalore Central,10-12,Thursday,8.91,3,0
CUST_3971,Bangalore South,3-5,Friday,1.13,2,1
CUST_3972,Bangalore East,12-3,Thursday,11.61,3,1
CUST_3973,Bangalore East,3-5,Thursday,7.98,2,1
CUST_3974,Bangalore South,10-12,Tuesday,2.14,2,1
CUST_3975,Bangalore Central,3-5,Tuesday,9.62,1,1
CUST_3976,Bangalore North,3-5,Wednesday,1.26,2,1
CUST_3977,Bangalore North,10-12,Thursday,7.88,2,1
CUST_3978,Bangalore East,3-5,Tuesday,14.54,2,1
CUST_3979,Bangalore East,10-12,Tuesday,5.75,2,0
CUST_3980,Bangalore South,10-12,Wednesday,14.93,1,0
CUST_3981,Bangalore North,3-5,Monday,6.84,1,1
CUST_3982,Bangalore East,3-5,Friday,8.67,1,1
CUST_3983,Bangalore North,10-12,Monday,8.44,1,0
CUST_3984,Bangalore Central,10-12,Tuesday,4.44,2,1
CUST_3985,Bangalore East,3-5,Tuesday,8.21,1,1
CUST_3986,Bangalore Central,12-3,Monday,8.55,1,1
CUST_3987,Bangalore South,10-12,Monday,9.45,1,0
CUST_3988,Bangalore Central,3-5,Wednesday,4.66,2,0
CUST_3989,Bangalore South,10-12,Monday,3.56,2,1
CUST_3990,Bangalore North,3-5,Thursday,11.87,2,0
CUST_3991,Bangalore South,12-3,Tuesday,14.54,3,1
CUST_3992,Bangalore South,3-5,Tuesday,3.01,3,1
CUST_3993,Bangalore South,12-3,Tuesday,5.84,1,1
CUST_3994,Bangalore Central,10-12,Monday,10.31,2,0
CUST_3995,Bangalore East,12-3,Monday,1.73,2,1
CUST_3996,Bangalore East,12-3,Wednesday,3.6,1,1
CUST_3997,Bangalore North,3-5,Tuesday,7.74,2,1
CUST_3998,Bangalore Central,10-12,Monday,13.3,3,0
CUST_3999,Bangalore South,12-3,Tuesday,3.57,1,0
CUST_4000,Bangalore North,12-3,Tuesday,8.05,3,0
CUST_4001,Bangalore South,3-5,Friday,10.21,1,0
CUST_4002,Bangalore East,10-12,Monday,11.64,1,1
CUST_4003,Bangalore East,10-12,Wednesday,13.92,1,0
CUST_4004,Bangalore Central,10-12,Thursday,10.86,1,0
CUST_4005,Bangalore North,12-3,Friday,3.19,3,0
CUST_4006,Bangalore East,10-12,Monday,9.33,2,0
CUST_4007,Bangalore Central,3-5,Thursday,13.15,2,1
CUST_4008,Bangalore South,12-3,Wednesday,6.18,3,1
CUST_4009,Bangalore Central,10-12,Wednesday,3.26,2,1
CUST_4010,Bangalore East,12-3,Friday,4.57,2,1
CUST_4011,Bangalore South,10-12,Friday,13.63,2,0
CUST_4012,Bangalore North,3-5,Thursday,5.7,2,0
CUST_4013,Bangalore Central,10-12,Tuesday,7.16,1,1
CUST_4014,Bangalore Central,10-12,Friday,11.71,1,1
CUST_4015,Bangalore South,10-12,Tuesday,6.53,2,1
CUST_4016,Bangalore East,3-5,Thursday,2.75,2,1
CUST_4017,Bangalore North,10-12,Friday,2.06,1,1
CUST_4018,Bangalore Central,12-3,Friday,2.06,1,1
CUST_4019,Bangalore Central,12-3,Tuesday,14.01,3,1
CUST_4020,Bangalore South,10-12,Wednesday,11.53,1,1
CUST_4021,Bangalore Central,12-3,Friday,10.18,2,1
CUST_4022,Bangalore Central,10-12,Monday,8.11,3,0
CUST_4023,Bangalore Central,10-12,Wednesday,5.69,2,1
CUST_4024,Bangalore North,12-3,Thursday,8.31,1,0
CUST_4025,Bangalore Central,10-12,Thursday,6.04,1,1
CUST_4026,Bangalore East,3-5,Tuesday,12.0,2,1
CUST_4027,Bangalore North,3-5,Friday,14.73,1,1
CUST_4028,Bangalore South,3-5,Wednesday,9.73,2,1
CUST_4029,Bangalore South,10-12,Wednesday,14.14,3,0
CUST_4030,Bangalore Central,10-12,Wednesday,6.27,3,0
CUST_4031,Bangalore East,3-5,Tuesday,7.7,1,1
CUST_4032,Bangalore Central,12-3,Thursday,6.31,1,1
CUST_4033,Bangalore North,10-12,Tuesday,14.68,3,0
CUST_4034,Bangalore Central,3-5,Friday,1.06,2,0
CUST_4035,Bangalore East,3-5,Wednesday,12.05,2,1
CUST_4036,Bangalore North,10-12,Tuesday,12.13,2,0
CUST_4037,Bangalore East,10-12,Monday,9.01,3,1
CUST_4038,Bangalore North,3-5,Thursday,15.0,1,1
CUST_4039,Bangalore East,10-12,Friday,4.63,2,1
CUST_4040,Bangalore Central,12-3,Friday,8.09,2,0
CUST_4041,Bangalore East,10-12,Monday,6.46,2,1
CUST_4042,Bangalore Central,12-3,Tuesday,1.72,2,0
CUST_4043,Bangalore East,3-5,Friday,2.33,1,0
CUST_4044,Bangalore East,3-5,Thursday,4.87,1,1
CUST_4045,Bangalore Central,12-3,Tuesday,3.81,2,1
CUST_4046,Bangalore Central,10-12,Tuesday,9.92,2,0
CUST_4047,Bangalore East,12-3,Thursday,3.75,1,0
CUST_4048,Bangalore Central,10-12,Wednesday,11.75,3,0
CUST_4049,Bangalore North,3-5,Tuesday,9.56,1,0
CUST_4050,Bangalore Central,3-5,Thursday,4.93,3,0
CUST_4051,Bangalore Central,3-5,Tuesday,13.67,2,1
CUST_4052,Bangalore East,3-5,Tuesday,8.81,2,1
CUST_4053,Bangalore East,3-5,Wednesday,3.1,2,1
CUST_4054,Bangalore East,3-5,Monday,8.29,1,1
CUST_4055,Bangalore South,3-5,Tuesday,14.14,3,1
CUST_4056,Bangalore North,10-12,Wednesday,9.18,1,0
CUST_4057,Bangalore East,3-5,Tuesday,8.38,1,0
CUST_4058,Bangalore Central,12-3,Wednesday,10.9,1,0
CUST_4059,Bangalore South,12-3,Thursday,6.95,2,1
CUST_4060,Bangalore South,3-5,Thursday,11.32,1,0
CUST_4061,Bangalore East,3-5,Monday,1.34,1,0
CUST_4062,Bangalore South,12-3,Wednesday,8.24,2,0
CUST_4063,Bangalore East,10-12,Tuesday,4.34,1,1
CUST_4064,Bangalore North,3-5,Friday,8.4,2,0
CUST_4065,Bangalore South,3-5,Tuesday,1.43,1,1
CUST_4066,Bangalore Central,12-3,Monday,6.68,1,1
CUST_4067,Bangalore Central,12-3,Friday,5.72,2,1
CUST_4068,Bangalore Central,10-12,Thursday,11.58,2,0
CUST_4069,Bangalore South,3-5,Tuesday,6.37,2,1
CUST_4070,Bangalore Central,10-12,Wednesday,6.18,3,1
CUST_4071,Bangalore East,12-3,Monday,9.03,1,0
CUST_4072,Bangalore South,10-12,Wednesday,13.29,3,0
CUST_4073,Bangalore North,10-12,Monday,9.97,2,1
CUST_4074,Bangalore North,12-3,Friday,1.31,1,1
CUST_4075,Bangalore East,3-5,Tuesday,10.49,3,0
CUST_4076,Bangalore Central,10-12,Wednesday,3.92,1,0
CUST_4077,Bangalore South,10-12,Thursday,10.01,2,1
CUST_4078,Bangalore South,12-3,Tuesday,10.39,2,0
CUST_4079,Bangalore Central,3-5,Wednesday,9.61,3,0
CUST_4080,Bangalore East,12-3,Thursday,4.89,3,1
CUST_4081,Bangalore East,10-12,Wednesday,11.72,2,0
CUST_4082,Bangalore North,3-5,Wednesday,10.02,2,1
CUST_4083,Bangalore Central,12-3,Friday,11.49,1,0
CUST_4084,Bangalore South,12-3,Monday,12.1,1,1
CUST_4085,Bangalore East,12-3,Tuesday,9.54,2,1
CUST_4086,Bangalore South,12-3,Friday,14.74,1,1
CUST_4087,Bangalore Central,3-5,Monday,10.26,1,0
CUST_4088,Bangalore Central,12-3,Friday,11.41,2,0
CUST_4089,Bangalore South,3-5,Thursday,4.41,2,1
CUST_4090,Bangalore South,10-12,Monday,6.96,3,0
CUST_4091,Bangalore Central,3-5,Monday,6.38,3,0
CUST_4092,Bangalore Central,10-12,Monday,2.01,1,1
CUST_4093,Bangalore North,3-5,Friday,3.59,2,0
CUST_4094,Bangalore East,10-12,Thursday,7.43,3,0
CUST_4095,Bangalore East,10-12,Thursday,3.19,2,1
CUST_4096,Bangalore North,10-12,Thursday,5.85,1,1
CUST_4097,Bangalore South,10-12,Wednesday,1.23,1,0
CUST_4098,Bangalore South,10-12,Tuesday,10.73,1,0
CUST_4099,Bangalore South,3-5,Thursday,3.84,2,0
CUST_4100,Bangalore South,10-12,Tuesday,5.25,2,0
CUST_4101,Bangalore East,12-3,Thursday,3.81,2,0
CUST_4102,Bangalore Central,3-5,Thursday,6.86,1,0
CUST_4103,Bangalore North,3-5,Monday,13.14,2,0
CUST_4104,Bangalore North,10-12,Friday,4.58,1,1
CUST_4105,Bangalore East,3-5,Thursday,12.54,2,1
CUST_4106,Bangalore North,10-12,Wednesday,1.87,1,1
CUST_4107,Bangalore North,3-5,Friday,7.94,2,1
CUST_4108,Bangalore East,3-5,Thursday,5.24,2,0
CUST_4109,Bangalore South,3-5,Wednesday,4.73,2,0
CUST_4110,Bangalore Central,12-3,Monday,7.82,2,0
CUST_4111,Bangalore East,12-3,Tuesday,13.08,2,1
CUST_4112,Bangalore North,10-12,Thursday,2.3,3,0
CUST_4113,Bangalore Central,3-5,Monday,7.79,1,0
CUST_4114,Bangalore Central,10-12,Friday,3.49,2,1
CUST_4115,Bangalore East,10-12,Wednesday,10.8,1,0
CUST_4116,Bangalore East,12-3,Thursday,5.65,2,0
CUST_4117,Bangalore North,12-3,Friday,14.95,2,0
CUST_4118,Bangalore East,3-5,Friday,6.61,2,0
CUST_4119,Bangalore South,10-12,Thursday,10.74,2,0
CUST_4120,Bangalore South,3-5,Tuesday,13.34,1,0
CUST_4121,Bangalore Central,3-5,Tuesday,12.99,3,0
CUST_4122,Bangalore Central,12-3,Friday,10.27,1,1
CUST_4123,Bangalore East,12-3,Friday,9.89,1,1
CUST_4124,Bangalore East,12-3,Tuesday,6.94,3,1
CUST_4125,Bangalore East,12-3,Wednesday,14.16,1,0
CUST_4126,Bangalore North,3-5,Thursday,10.49,1,1
CUST_4127,Bangalore North,12-3,Thursday,14.66,1,0
CUST_4128,Bangalore North,3-5,Friday,10.01,1,1
CUST_4129,Bangalore East,3-5,Wednesday,2.54,2,0
CUST_4130,Bangalore East,12-3,Monday,6.06,1,0
CUST_4131,Bangalore North,3-5,Tuesday,3.19,2,1
CUST_4132,Bangalore East,12-3,Monday,4.87,3,0
CUST_4133,Bangalore Central,3-5,Thursday,6.46,1,0
CUST_4134,Bangalore North,10-12,Wednesday,6.01,2,1
CUST_4135,Bangalore South,3-5,Wednesday,1.32,2,1
CUST_4136,Bangalore South,12-3,Thursday,11.79,2,0
CUST_4137,Bangalore East,10-12,Tuesday,9.24,2,1
CUST_4138,Bangalore Central,12-3,Thursday,4.73,2,1
CUST_4139,Bangalore North,10-12,Wednesday,14.21,1,0
CUST_4140,Bangalore North,12-3,Thursday,4.71,1,1
CUST_4141,Bangalore East,12-3,Wednesday,9.18,2,0
CUST_4142,Bangalore East,3-5,Friday,8.81,1,1
CUST_4143,Bangalore Central,3-5,Thursday,14.54,2,1
CUST_4144,Bangalore East,10-12,Monday,5.44,2,1
CUST_4145,Bangalore North,10-12,Tuesday,8.48,2,0
CUST_4146,Bangalore East,10-12,Monday,8.64,3,1
CUST_4147,Bangalore East,10-12,Friday,5.52,2,0
CUST_4148,Bangalore North,3-5,Wednesday,4.01,3,0
CUST_4149,Bangalore East,12-3,Monday,10.26,2,0
CUST_4150,Bangalore Central,12-3,Monday,13.67,2,0
CUST_4151,Bangalore North,10-12,Thursday,7.3,3,0
CUST_4152,Bangalore East,12-3,Friday,11.59,2,1
CUST_4153,Bangalore Central,3-5,Wednesday,7.95,2,1
CUST_4154,Bangalore Central,3-5,Thursday,8.21,3,0
CUST_4155,Bangalore North,3-5,Monday,5.81,2,0
CUST_4156,Bangalore East,12-3,Monday,4.9,2,0
CUST_4157,Bangalore East,12-3,Friday,10.94,1,0
CUST_4158,Bangalore Central,3-5,Wednesday,5.81,2,0
CUST_4159,Bangalore South,12-3,Wednesday,3.15,2,1
CUST_4160,Bangalore North,10-12,Wednesday,6.18,1,0
CUST_4161,Bangalore East,12-3,Wednesday,4.26,3,1
CUST_4162,Bangalore East,3-5,Wednesday,8.36,3,0
CUST_4163,Bangalore Central,10-12,Friday,5.14,1,0
CUST_4164,Bangalore Central,10-12,Thursday,2.48,3,1
CUST_4165,Bangalore Central,12-3,Wednesday,8.96,2,1
CUST_4166,Bangalore Central,10-12,Thursday,7.81,3,0
CUST_4167,Bangalore South,3-5,Thursday,10.76,2,0
CUST_4168,Bangalore North,10-12,Monday,7.33,1,1
CUST_4169,Bangalore North,12-3,Tuesday,1.44,1,0
CUST_4170,Bangalore East,10-12,Monday,2.42,2,1
CUST_4171,Bangalore South,3-5,Thursday,9.32,2,0
CUST_4172,Bangalore North,12-3,Friday,8.77,3,1
CUST_4173,Bangalore North,3-5,Tuesday,12.19,2,1
CUST_4174,Bangalore East,10-12,Friday,8.09,1,0
CUST_4175,Bangalore South,12-3,Friday,11.26,3,0
CUST_4176,Bangalore North,12-3,Thursday,9.95,2,0
CUST_4177,Bangalore East,3-5,Wednesday,1.02,2,0
CUST_4178,Bangalore South,10-12,Friday,2.66,3,1
CUST_4179,Bangalore Central,12-3,Thursday,14.58,3,1
CUST_4180,Bangalore North,12-3,Tuesday,4.97,2,1
CUST_4181,Bangalore East,12-3,Thursday,12.69,3,0
CUST_4182,Bangalore Central,10-12,Monday,12.25,3,0
CUST_4183,Bangalore North,10-12,Wednesday,4.03,3,1
CUST_4184,Bangalore East,12-3,Friday,5.25,2,0
CUST_4185,Bangalore South,10-12,Thursday,14.64,1,0
CUST_4186,Bangalore South,12-3,Thursday,5.14,2,1
CUST_4187,Bangalore East,12-3,Monday,14.67,1,1
CUST_4188,Bangalore East,12-3,Wednesday,3.26,2,0
CUST_4189,Bangalore Central,3-5,Monday,14.95,2,1
CUST_4190,Bangalore North,12-3,Thursday,8.7,2,0
CUST_4191,Bangalore North,12-3,Wednesday,12.62,2,0
CUST_4192,Bangalore East,12-3,Monday,13.75,2,1
CUST_4193,Bangalore East,3-5,Friday,6.75,2,0
CUST_4194,Bangalore Central,12-3,Tuesday,6.67,3,0
CUST_4195,Bangalore South,10-12,Monday,14.66,1,1
CUST_4196,Bangalore East,12-3,Wednesday,9.93,1,1
CUST_4197,Bangalore North,3-5,Thursday,1.18,2,0
CUST_4198,Bangalore North,10-12,Friday,14.88,2,0
CUST_4199,Bangalore East,3-5,Friday,12.18,3,1
CUST_4200,Bangalore Central,12-3,Wednesday,13.71,2,1
CUST_4201,Bangalore Central,10-12,Thursday,12.86,2,1
CUST_4202,Bangalore South,12-3,Thursday,11.04,1,1
CUST_4203,Bangalore South,3-5,Thursday,14.33,2,0
CUST_4204,Bangalore East,12-3,Monday,3.74,2,0
CUST_4205,Bangalore North,3-5,Monday,13.14,2,1
CUST_4206,Bangalore North,10-12,Thursday,12.63,1,0
CUST_4207,Bangalore South,12-3,Tuesday,9.48,2,1
CUST_4208,Bangalore North,12-3,Friday,1.35,3,0
CUST_4209,Bangalore Central,10-12,Monday,4.98,3,0
CUST_4210,Bangalore East,3-5,Friday,14.02,3,0
CUST_4211,Bangalore North,12-3,Wednesday,6.19,2,0
CUST_4212,Bangalore North,12-3,Thursday,11.58,2,1
CUST_4213,Bangalore Central,3-5,Monday,3.58,3,0
CUST_4214,Bangalore East,3-5,Thursday,4.32,2,1
CUST_4215,Bangalore Central,10-12,Monday,14.58,2,1
CUST_4216,Bangalore South,12-3,Wednesday,7.54,2,0
CUST_4217,Bangalore Central,3-5,Friday,8.68,2,1
CUST_4218,Bangalore Central,12-3,Friday,10.76,1,1
CUST_4219,Bangalore Central,12-3,Friday,3.83,2,1
CUST_4220,Bangalore North,12-3,Thursday,14.53,2,1
CUST_4221,Bangalore Central,12-3,Friday,10.9,1,0
CUST_4222,Bangalore Central,3-5,Wednesday,12.43,2,0
CUST_4223,Bangalore North,12-3,Wednesday,10.78,1,1
CUST_4224,Bangalore South,10-12,Friday,5.88,2,1
CUST_4225,Bangalore Central,12-3,Friday,7.89,1,1
CUST_4226,Bangalore Central,10-12,Wednesday,4.98,3,1
CUST_4227,Bangalore North,12-3,Wednesday,1.66,2,0
CUST_4228,Bangalore South,12-3,Monday,4.96,3,0
CUST_4229,Bangalore Central,3-5,Monday,3.76,2,1
CUST_4230,Bangalore North,3-5,Wednesday,8.07,1,1
CUST_4231,Bangalore Central,10-12,Friday,11.55,3,0
CUST_4232,Bangalore East,3-5,Thursday,7.31,2,0
CUST_4233,Bangalore East,10-12,Monday,1.51,2,0
CUST_4234,Bangalore North,10-12,Friday,14.01,1,1
CUST_4235,Bangalore North,10-12,Friday,3.12,1,1
CUST_4236,Bangalore Central,10-12,Friday,13.71,1,0
CUST_4237,Bangalore North,12-3,Tuesday,4.59,3,0
CUST_4238,Bangalore South,12-3,Wednesday,3.78,1,1
CUST_4239,Bangalore East,10-12,Friday,6.15,1,0
CUST_4240,Bangalore East,12-3,Wednesday,5.73,3,1
CUST_4241,Bangalore North,10-12,Tuesday,1.64,2,1
CUST_4242,Bangalore South,12-3,Friday,4.57,3,1
CUST_4243,Bangalore South,12-3,Tuesday,12.65,1,0
CUST_4244,Bangalore East,3-5,Thursday,2.94,3,0
CUST_4245,Bangalore North,3-5,Tuesday,12.3,2,0
CUST_4246,Bangalore North,3-5,Wednesday,12.11,2,1
CUST_4247,Bangalore South,3-5,Friday,9.22,3,0
CUST_4248,Bangalore North,12-3,Friday,4.94,2,0
CUST_4249,Bangalore North,10-12,Wednesday,7.38,1,0
CUST_4250,Bangalore South,3-5,Monday,4.03,2,1
CUST_4251,Bangalore East,10-12,Monday,12.33,1,0
CUST_4252,Bangalore East,10-12,Wednesday,11.06,2,1
CUST_4253,Bangalore North,10-12,Friday,12.21,2,0
CUST_4254,Bangalore Central,12-3,Thursday,6.23,2,1
CUST_4255,Bangalore South,12-3,Thursday,6.06,3,0
CUST_4256,Bangalore East,3-5,Thursday,9.83,2,1
CUST_4257,Bangalore North,3-5,Thursday,6.58,3,0
CUST_4258,Bangalore East,12-3,Friday,5.77,3,0
CUST_4259,Bangalore East,3-5,Friday,13.55,3,0
CUST_4260,Bangalore North,3-5,Friday,11.37,2,0
CUST_4261,Bangalore South,10-12,Friday,8.26,3,1
CUST_4262,Bangalore North,10-12,Friday,6.26,1,0
CUST_4263,Bangalore South,12-3,Monday,1.77,3,1
CUST_4264,Bangalore North,12-3,Tuesday,4.8,2,1
CUST_4265,Bangalore South,10-12,Thursday,6.28,2,0
CUST_4266,Bangalore Central,10-12,Wednesday,2.71,2,1
CUST_4267,Bangalore East,3-5,Monday,2.47,2,1
CUST_4268,Bangalore East,3-5,Friday,9.19,2,1
CUST_4269,Bangalore South,10-12,Friday,9.2,1,0
CUST_4270,Bangalore East,3-5,Friday,7.83,1,1
CUST_4271,Bangalore North,12-3,Monday,7.35,1,1
CUST_4272,Bangalore East,12-3,Thursday,9.4,3,0
CUST_4273,Bangalore East,12-3,Thursday,4.96,2,1
CUST_4274,Bangalore North,10-12,Monday,12.36,2,1
CUST_4275,Bangalore North,3-5,Monday,10.44,2,0
CUST_4276,Bangalore Central,10-12,Tuesday,13.78,1,0
CUST_4277,Bangalore South,10-12,Thursday,1.55,2,0
CUST_4278,Bangalore Central,10-12,Tuesday,1.28,3,1
CUST_4279,Bangalore North,12-3,Monday,13.93,2,1
CUST_4280,Bangalore North,12-3,Monday,2.85,3,0
CUST_4281,Bangalore Central,3-5,Friday,7.81,2,0
CUST_4282,Bangalore East,10-12,Wednesday,7.49,1,0
CUST_4283,Bangalore Central,12-3,Wednesday,12.16,3,1
CUST_4284,Bangalore Central,3-5,Thursday,9.6,2,1
CUST_4285,Bangalore South,12-3,Wednesday,9.06,1,0
CUST_4286,Bangalore Central,12-3,Thursday,12.82,1,0
CUST_4287,Bangalore North,12-3,Monday,3.14,2,0
CUST_4288,Bangalore South,12-3,Friday,5.55,2,0
CUST_4289,Bangalore North,3-5,Wednesday,12.97,3,1
CUST_4290,Bangalore East,12-3,Wednesday,7.93,2,0
CUST_4291,Bangalore South,3-5,Monday,12.52,1,0
CUST_4292,Bangalore North,12-3,Monday,12.42,3,1
CUST_4293,Bangalore South,10-12,Thursday,12.56,2,0
CUST_4294,Bangalore Central,10-12,Monday,10.78,1,0
CUST_4295,Bangalore South,10-12,Wednesday,2.85,2,1
CUST_4296,Bangalore North,10-12,Friday,12.42,1,1
CUST_4297,Bangalore Central,10-12,Thursday,10.48,3,1
CUST_4298,Bangalore North,10-12,Tuesday,7.43,1,0
CUST_4299,Bangalore East,10-12,Friday,3.68,3,0
CUST_4300,Bangalore East,10-12,Monday,11.82,1,1
CUST_4301,Bangalore North,10-12,Friday,7.41,2,0
CUST_4302,Bangalore Central,3-5,Friday,10.05,2,1
CUST_4303,Bangalore South,10-12,Tuesday,13.29,2,0
CUST_4304,Bangalore Central,12-3,Tuesday,1.27,1,0
CUST_4305,Bangalore South,12-3,Wednesday,6.75,2,0
CUST_4306,Bangalore North,3-5,Wednesday,2.97,3,0
CUST_4307,Bangalore South,10-12,Monday,7.21,2,1
CUST_4308,Bangalore Central,12-3,Wednesday,11.86,2,1
CUST_4309,Bangalore South,10-12,Monday,13.34,3,1
CUST_4310,Bangalore East,12-3,Tuesday,7.13,2,0
CUST_4311,Bangalore South,10-12,Friday,9.45,3,0
CUST_4312,Bangalore East,12-3,Wednesday,3.19,2,1
CUST_4313,Bangalore Central,3-5,Wednesday,13.88,2,1
CUST_4314,Bangalore North,3-5,Friday,14.52,2,1
CUST_4315,Bangalore North,10-12,Tuesday,6.1,2,0
CUST_4316,Bangalore North,10-12,Wednesday,9.57,3,0
CUST_4317,Bangalore East,10-12,Thursday,14.77,2,0
CUST_4318,Bangalore East,12-3,Wednesday,10.01,3,1
CUST_4319,Bangalore South,3-5,Thursday,10.2,1,0
CUST_4320,Bangalore East,3-5,Tuesday,10.95,2,1
CUST_4321,Bangalore North,3-5,Tuesday,5.59,1,0
CUST_4322,Bangalore South,10-12,Friday,11.79,1,1
CUST_4323,Bangalore Central,12-3,Tuesday,12.48,2,1
CUST_4324,Bangalore South,10-12,Tuesday,9.74,1,1
CUST_4325,Bangalore East,10-12,Thursday,10.1,2,1
CUST_4326,Bangalore Central,3-5,Monday,6.82,3,1
CUST_4327,Bangalore South,3-5,Friday,9.84,2,1
CUST_4328,Bangalore South,3-5,Friday,6.41,3,0
CUST_4329,Bangalore Central,12-3,Wednesday,5.46,2,0
CUST_4330,Bangalore North,3-5,Friday,1.62,2,0
CUST_4331,Bangalore East,10-12,Friday,1.4,3,0
CUST_4332,Bangalore Central,10-12,Monday,13.79,3,0
CUST_4333,Bangalore Central,10-12,Thursday,2.94,2,1
CUST_4334,Bangalore North,10-12,Friday,7.7,1,1
CUST_4335,Bangalore East,12-3,Thursday,6.09,1,1
CUST_4336,Bangalore South,12-3,Monday,13.43,3,1
CUST_4337,Bangalore North,3-5,Tuesday,6.82,2,0
CUST_4338,Bangalore Central,12-3,Thursday,3.68,1,1
CUST_4339,Bangalore East,10-12,Wednesday,11.66,1,0
CUST_4340,Bangalore Central,3-5,Friday,10.63,2,0
CUST_4341,Bangalore North,12-3,Thursday,3.24,3,1
CUST_4342,Bangalore North,10-12,Tuesday,13.6,2,1
CUST_4343,Bangalore North,10-12,Monday,11.32,3,0
CUST_4344,Bangalore East,12-3,Tuesday,4.54,2,1
CUST_4345,Bangalore East,12-3,Friday,7.43,2,0
CUST_4346,Bangalore North,12-3,Thursday,9.3,2,0
CUST_4347,Bangalore North,3-5,Friday,1.22,3,0
CUST_4348,Bangalore Central,3-5,Monday,11.62,2,1
CUST_4349,Bangalore South,10-12,Friday,1.61,1,0
CUST_4350,Bangalore North,10-12,Monday,12.47,2,1
CUST_4351,Bangalore North,10-12,Thursday,12.21,2,0
CUST_4352,Bangalore East,10-12,Monday,6.95,2,1
CUST_4353,Bangalore Central,3-5,Friday,14.64,2,1
CUST_4354,Bangalore Central,12-3,Monday,14.75,2,0
CUST_4355,Bangalore North,3-5,Tuesday,5.27,2,0
CUST_4356,Bangalore East,12-3,Thursday,9.51,3,1
CUST_4357,Bangalore South,12-3,Tuesday,12.02,3,0
CUST_4358,Bangalore North,3-5,Monday,8.05,2,1
CUST_4359,Bangalore South,3-5,Friday,9.75,2,1
CUST_4360,Bangalore East,3-5,Thursday,10.04,1,1
CUST_4361,Bangalore Central,3-5,Thursday,8.57,1,1
CUST_4362,Bangalore Central,10-12,Tuesday,2.16,3,0
CUST_4363,Bangalore South,3-5,Friday,7.68,1,0
CUST_4364,Bangalore Central,10-12,Friday,8.77,1,0
CUST_4365,Bangalore North,12-3,Tuesday,11.87,2,0
CUST_4366,Bangalore South,12-3,Monday,1.12,1,0
CUST_4367,Bangalore North,3-5,Tuesday,13.96,1,1
CUST_4368,Bangalore North,3-5,Monday,13.91,3,0
CUST_4369,Bangalore North,3-5,Wednesday,12.75,3,0
CUST_4370,Bangalore East,12-3,Thursday,1.52,3,0
CUST_4371,Bangalore East,12-3,Wednesday,8.98,2,1
CUST_4372,Bangalore Central,3-5,Friday,6.83,3,0
CUST_4373,Bangalore East,12-3,Monday,10.19,1,1
CUST_4374,Bangalore South,10-12,Friday,7.97,1,0
CUST_4375,Bangalore North,10-12,Tuesday,10.91,1,1
CUST_4376,Bangalore Central,12-3,Thursday,5.76,3,0
CUST_4377,Bangalore South,3-5,Tuesday,14.46,2,0
CUST_4378,Bangalore North,10-12,Friday,14.3,2,1
CUST_4379,Bangalore Central,10-12,Tuesday,13.28,2,1
CUST_4380,Bangalore Central,3-5,Wednesday,8.78,3,1
CUST_4381,Bangalore South,10-12,Friday,10.38,1,1
CUST_4382,Bangalore South,3-5,Friday,1.67,2,1
CUST_4383,Bangalore North,3-5,Friday,1.15,2,0
CUST_4384,Bangalore South,3-5,Wednesday,4.97,2,0
CUST_4385,Bangalore South,12-3,Tuesday,14.75,3,1
CUST_4386,Bangalore East,3-5,Friday,14.69,2,1
CUST_4387,Bangalore Central,10-12,Friday,7.32,2,0
CUST_4388,Bangalore North,10-12,Friday,1.85,1,0
CUST_4389,Bangalore South,10-12,Wednesday,10.16,2,1
CUST_4390,Bangalore North,12-3,Monday,7.61,2,1
CUST_4391,Bangalore East,10-12,Tuesday,2.81,3,0
CUST_4392,Bangalore South,10-12,Monday,13.39,2,0
CUST_4393,Bangalore Central,10-12,Friday,8.69,2,0
CUST_4394,Bangalore East,10-12,Tuesday,7.11,2,0
CUST_4395,Bangalore Central,12-3,Friday,11.17,2,0
CUST_4396,Bangalore South,12-3,Monday,1.93,1,1
CUST_4397,Bangalore South,12-3,Tuesday,10.57,3,1
CUST_4398,Bangalore East,3-5,Thursday,12.7,1,1
CUST_4399,Bangalore North,10-12,Friday,13.39,1,0
CUST_4400,Bangalore East,10-12,Tuesday,1.56,3,1
CUST_4401,Bangalore North,12-3,Thursday,9.15,1,1
CUST_4402,Bangalore Central,12-3,Wednesday,7.36,2,0
CUST_4403,Bangalore South,10-12,Thursday,13.31,1,0
CUST_4404,Bangalore Central,3-5,Friday,1.99,2,1
CUST_4405,Bangalore South,12-3,Monday,12.94,2,0
CUST_4406,Bangalore East,12-3,Tuesday,1.85,1,0
CUST_4407,Bangalore South,10-12,Tuesday,7.66,3,1
CUST_4408,Bangalore East,10-12,Tuesday,4.88,1,1
CUST_4409,Bangalore Central,3-5,Friday,11.59,3,0
CUST_4410,Bangalore East,3-5,Thursday,11.18,1,0
CUST_4411,Bangalore East,10-12,Wednesday,1.37,1,1
CUST_4412,Bangalore South,12-3,Friday,12.93,2,1
CUST_4413,Bangalore Central,3-5,Thursday,3.97,2,1
CUST_4414,Bangalore East,10-12,Monday,11.03,3,0
CUST_4415,Bangalore North,10-12,Tuesday,4.5,1,1
CUST_4416,Bangalore South,10-12,Monday,10.66,1,1
CUST_4417,Bangalore North,10-12,Wednesday,13.76,3,0
CUST_4418,Bangalore Central,10-12,Friday,12.01,3,1
CUST_4419,Bangalore East,10-12,Tuesday,13.23,1,0
CUST_4420,Bangalore East,3-5,Monday,4.28,2,0
CUST_4421,Bangalore North,10-12,Wednesday,1.47,2,0
CUST_4422,Bangalore South,12-3,Thursday,11.7,3,1
CUST_4423,Bangalore South,10-12,Thursday,2.13,3,1
CUST_4424,Bangalore South,12-3,Friday,5.58,2,0
CUST_4425,Bangalore Central,12-3,Tuesday,13.41,1,1
CUST_4426,Bangalore South,10-12,Thursday,6.88,3,1
CUST_4427,Bangalore South,3-5,Tuesday,9.2,3,0
CUST_4428,Bangalore East,12-3,Monday,5.36,2,0
CUST_4429,Bangalore North,12-3,Wednesday,9.67,2,1
CUST_4430,Bangalore Central,12-3,Wednesday,9.55,2,1
CUST_4431,Bangalore East,3-5,Monday,9.34,2,0
CUST_4432,Bangalore Central,3-5,Friday,4.97,3,0
CUST_4433,Bangalore South,3-5,Friday,9.73,2,1
CUST_4434,Bangalore Central,10-12,Monday,12.29,3,0
CUST_4435,Bangalore Central,12-3,Thursday,8.28,2,0
CUST_4436,Bangalore East,10-12,Friday,5.4,2,1
CUST_4437,Bangalore South,12-3,Thursday,6.93,2,1
CUST_4438,Bangalore South,12-3,Monday,4.63,2,0
CUST_4439,Bangalore East,3-5,Thursday,7.35,1,1
CUST_4440,Bangalore South,10-12,Tuesday,4.21,2,1
CUST_4441,Bangalore North,3-5,Friday,4.63,1,1
CUST_4442,Bangalore North,3-5,Wednesday,1.43,2,0
CUST_4443,Bangalore Central,10-12,Thursday,11.47,1,0
CUST_4444,Bangalore South,10-12,Friday,1.08,1,1
CUST_4445,Bangalore Central,3-5,Friday,10.08,2,1
CUST_4446,Bangalore South,12-3,Wednesday,11.22,3,0
CUST_4447,Bangalore South,10-12,Monday,7.24,2,1
CUST_4448,Bangalore Central,10-12,Wednesday,13.1,1,0
CUST_4449,Bangalore East,10-12,Thursday,10.44,3,1
CUST_4450,Bangalore Central,12-3,Friday,14.83,1,1
CUST_4451,Bangalore South,10-12,Monday,4.88,1,1
CUST_4452,Bangalore South,10-12,Wednesday,13.55,2,1
CUST_4453,Bangalore East,3-5,Thursday,5.62,2,0
CUST_4454,Bangalore East,3-5,Thursday,1.81,2,1
CUST_4455,Bangalore Central,10-12,Monday,14.65,2,1
CUST_4456,Bangalore South,12-3,Thursday,2.32,2,1
CUST_4457,Bangalore Central,12-3,Friday,4.3,1,0
CUST_4458,Bangalore Central,10-12,Friday,11.32,1,1
CUST_4459,Bangalore Central,12-3,Tuesday,3.08,3,1
CUST_4460,Bangalore South,10-12,Thursday,13.47,1,0
CUST_4461,Bangalore Central,12-3,Wednesday,1.02,3,1
CUST_4462,Bangalore South,3-5,Monday,4.46,1,1
CUST_4463,Bangalore South,3-5,Thursday,8.45,2,0
CUST_4464,Bangalore Central,3-5,Tuesday,10.9,2,0
CUST_4465,Bangalore South,12-3,Thursday,6.46,2,1
CUST_4466,Bangalore East,12-3,Monday,2.09,2,1
CUST_4467,Bangalore North,10-12,Thursday,13.79,2,1
CUST_4468,Bangalore South,10-12,Wednesday,14.7,1,0
CUST_4469,Bangalore South,12-3,Thursday,4.2,2,1
CUST_4470,Bangalore East,3-5,Tuesday,4.98,2,0
CUST_4471,Bangalore South,3-5,Thursday,7.01,1,1
CUST_4472,Bangalore North,10-12,Tuesday,6.7,3,0
CUST_4473,Bangalore East,12-3,Wednesday,10.93,3,0
CUST_4474,Bangalore South,12-3,Friday,2.64,3,0
CUST_4475,Bangalore South,10-12,Wednesday,7.72,2,0
CUST_4476,Bangalore East,10-12,Thursday,11.41,3,1
CUST_4477,Bangalore East,12-3,Wednesday,9.72,2,1
CUST_4478,Bangalore Central,12-3,Monday,10.41,2,0
CUST_4479,Bangalore North,3-5,Wednesday,13.2,2,0
CUST_4480,Bangalore East,10-12,Tuesday,14.59,2,0
CUST_4481,Bangalore South,10-12,Wednesday,12.4,1,0
CUST_4482,Bangalore Central,10-12,Thursday,12.67,3,0
CUST_4483,Bangalore North,3-5,Thursday,6.2,3,0
CUST_4484,Bangalore Central,10-12,Monday,8.09,3,1
CUST_4485,Bangalore Central,12-3,Tuesday,4.18,2,1
CUST_4486,Bangalore North,12-3,Monday,8.67,3,0
CUST_4487,Bangalore East,12-3,Monday,10.65,2,1
CUST_4488,Bangalore Central,10-12,Monday,5.21,2,0
CUST_4489,Bangalore North,10-12,Thursday,11.46,1,1
CUST_4490,Bangalore North,3-5,Tuesday,7.58,2,1
CUST_4491,Bangalore North,10-12,Tuesday,13.35,3,0
CUST_4492,Bangalore South,3-5,Wednesday,2.72,1,0
CUST_4493,Bangalore South,3-5,Thursday,8.07,2,0
CUST_4494,Bangalore Central,12-3,Wednesday,14.22,2,0
CUST_4495,Bangalore East,12-3,Monday,9.1,2,1
CUST_4496,Bangalore East,10-12,Monday,6.0,3,0
CUST_4497,Bangalore South,3-5,Tuesday,6.07,3,1
CUST_4498,Bangalore Central,3-5,Friday,8.49,3,0
CUST_4499,Bangalore Central,12-3,Wednesday,5.23,1,1
CUST_4500,Bangalore South,3-5,Monday,9.95,2,1
CUST_4501,Bangalore East,12-3,Friday,13.98,3,0
CUST_4502,Bangalore Central,10-12,Friday,11.35,1,0
CUST_4503,Bangalore North,3-5,Friday,9.4,2,0
CUST_4504,Bangalore East,12-3,Friday,11.16,3,1
CUST_4505,Bangalore South,10-12,Wednesday,11.41,2,0
CUST_4506,Bangalore North,12-3,Monday,14.01,2,0
CUST_4507,Bangalore Central,12-3,Friday,11.84,1,0
CUST_4508,Bangalore North,3-5,Tuesday,1.36,1,0
CUST_4509,Bangalore Central,3-5,Thursday,3.86,2,0
CUST_4510,Bangalore South,12-3,Monday,8.48,2,0
CUST_4511,Bangalore North,3-5,Tuesday,9.54,3,1
CUST_4512,Bangalore South,10-12,Monday,3.77,2,1
CUST_4513,Bangalore East,3-5,Tuesday,3.59,3,0
CUST_4514,Bangalore North,3-5,Thursday,13.66,3,1
CUST_4515,Bangalore Central,3-5,Thursday,8.88,1,0
CUST_4516,Bangalore South,3-5,Friday,7.79,1,0
CUST_4517,Bangalore South,10-12,Thursday,5.14,1,1
CUST_4518,Bangalore South,10-12,Monday,11.28,2,0
CUST_4519,Bangalore Central,10-12,Monday,11.48,1,1
CUST_4520,Bangalore Central,3-5,Monday,8.53,2,0
CUST_4521,Bangalore Central,3-5,Tuesday,9.15,2,0
CUST_4522,Bangalore Central,12-3,Wednesday,7.59,1,0
CUST_4523,Bangalore East,12-3,Thursday,4.57,1,1
CUST_4524,Bangalore North,3-5,Monday,8.77,2,1
CUST_4525,Bangalore Central,10-12,Wednesday,1.9,2,1
CUST_4526,Bangalore Central,3-5,Wednesday,13.19,2,1
CUST_4527,Bangalore North,12-3,Monday,13.28,3,0
CUST_4528,Bangalore East,3-5,Wednesday,7.99,3,1
CUST_4529,Bangalore East,3-5,Tuesday,2.77,2,1
CUST_4530,Bangalore Central,10-12,Tuesday,9.1,1,1
CUST_4531,Bangalore North,3-5,Tuesday,1.87,1,0
CUST_4532,Bangalore North,3-5,Thursday,7.81,2,0
CUST_4533,Bangalore East,10-12,Thursday,5.78,1,0
CUST_4534,Bangalore Central,10-12,Monday,6.18,2,1
CUST_4535,Bangalore South,3-5,Wednesday,13.77,1,1
CUST_4536,Bangalore South,12-3,Tuesday,8.43,1,0
CUST_4537,Bangalore East,10-12,Wednesday,7.95,1,1
CUST_4538,Bangalore North,12-3,Monday,6.63,2,0
CUST_4539,Bangalore South,3-5,Friday,3.73,2,1
CUST_4540,Bangalore North,12-3,Monday,7.44,2,1
CUST_4541,Bangalore Central,3-5,Friday,2.81,2,1
CUST_4542,Bangalore Central,10-12,Friday,5.06,3,1
CUST_4543,Bangalore South,10-12,Wednesday,8.33,2,1
CUST_4544,Bangalore East,10-12,Wednesday,14.73,2,1
CUST_4545,Bangalore Central,3-5,Monday,9.35,3,0
CUST_4546,Bangalore North,12-3,Friday,8.08,1,1
CUST_4547,Bangalore Central,12-3,Tuesday,10.23,1,0
CUST_4548,Bangalore East,3-5,Wednesday,7.41,3,0
CUST_4549,Bangalore North,12-3,Tuesday,11.0,1,1
CUST_4550,Bangalore South,12-3,Friday,13.55,1,1
CUST_4551,Bangalore Central,3-5,Thursday,3.15,2,1
CUST_4552,Bangalore North,3-5,Tuesday,8.09,2,1
CUST_4553,Bangalore Central,3-5,Monday,7.2,3,0
CUST_4554,Bangalore North,12-3,Wednesday,6.96,2,1
CUST_4555,Bangalore East,12-3,Tuesday,14.77,2,1
CUST_4556,Bangalore East,3-5,Monday,8.95,1,1
CUST_4557,Bangalore South,12-3,Monday,2.74,2,1
CUST_4558,Bangalore East,10-12,Monday,2.24,3,0
CUST_4559,Bangalore North,10-12,Thursday,1.57,2,0
CUST_4560,Bangalore East,3-5,Monday,12.11,1,0
CUST_4561,Bangalore South,10-12,Wednesday,3.96,2,0
CUST_4562,Bangalore East,3-5,Wednesday,6.37,3,1
CUST_4563,Bangalore Central,10-12,Friday,3.87,2,0
CUST_4564,Bangalore North,12-3,Tuesday,11.43,1,0
CUST_4565,Bangalore North,12-3,Thursday,8.0,3,0
CUST_4566,Bangalore South,12-3,Wednesday,13.75,3,0
CUST_4567,Bangalore Central,12-3,Tuesday,4.74,2,1
CUST_4568,Bangalore East,3-5,Thursday,11.73,1,0
CUST_4569,Bangalore East,3-5,Tuesday,12.72,2,0
CUST_4570,Bangalore East,3-5,Friday,5.1,3,1
CUST_4571,Bangalore East,3-5,Wednesday,4.54,1,0
CUST_4572,Bangalore Central,12-3,Friday,7.3,2,1
CUST_4573,Bangalore South,12-3,Friday,7.75,1,0
CUST_4574,Bangalore South,12-3,Tuesday,11.51,2,1
CUST_4575,Bangalore East,3-5,Monday,5.92,2,1
CUST_4576,Bangalore East,3-5,Wednesday,5.1,2,1
CUST_4577,Bangalore East,10-12,Tuesday,10.76,3,0
CUST_4578,Bangalore North,3-5,Tuesday,10.51,3,0
CUST_4579,Bangalore East,3-5,Friday,1.43,2,0
CUST_4580,Bangalore Central,10-12,Monday,9.93,1,0
CUST_4581,Bangalore North,3-5,Friday,6.75,1,0
CUST_4582,Bangalore Central,12-3,Tuesday,7.18,1,0
CUST_4583,Bangalore East,10-12,Friday,1.3,2,1
CUST_4584,Bangalore East,3-5,Friday,8.85,2,0
CUST_4585,Bangalore Central,10-12,Friday,2.82,3,1
CUST_4586,Bangalore Central,12-3,Monday,2.74,1,1
CUST_4587,Bangalore East,10-12,Tuesday,7.75,3,1
CUST_4588,Bangalore Central,12-3,Monday,2.67,2,0
CUST_4589,Bangalore Central,3-5,Monday,2.75,2,0
CUST_4590,Bangalore East,3-5,Monday,13.37,1,0
CUST_4591,Bangalore North,12-3,Friday,9.55,2,1
CUST_4592,Bangalore South,3-5,Thursday,5.48,2,1
CUST_4593,Bangalore South,12-3,Friday,2.95,2,0
CUST_4594,Bangalore East,10-12,Wednesday,5.1,3,1
CUST_4595,Bangalore East,10-12,Monday,9.25,3,0
CUST_4596,Bangalore North,3-5,Friday,3.39,2,1
CUST_4597,Bangalore South,10-12,Friday,3.82,1,1
CUST_4598,Bangalore South,3-5,Wednesday,14.15,2,1
CUST_4599,Bangalore East,12-3,Wednesday,1.98,3,0
CUST_4600,Bangalore North,3-5,Friday,14.48,2,0
CUST_4601,Bangalore South,12-3,Monday,2.07,2,1
CUST_4602,Bangalore Central,10-12,Friday,11.03,1,1
CUST_4603,Bangalore South,12-3,Monday,14.89,3,1
CUST_4604,Bangalore Central,3-5,Wednesday,6.4,2,0
CUST_4605,Bangalore Central,12-3,Thursday,10.95,2,0
CUST_4606,Bangalore Central,10-12,Monday,10.91,2,1
CUST_4607,Bangalore East,3-5,Thursday,14.09,3,1
CUST_4608,Bangalore South,10-12,Wednesday,6.07,2,0
CUST_4609,Bangalore North,10-12,Thursday,6.49,2,1
CUST_4610,Bangalore South,3-5,Wednesday,6.33,1,0
CUST_4611,Bangalore South,10-12,Wednesday,14.24,3,1
CUST_4612,Bangalore East,12-3,Thursday,11.39,1,1
CUST_4613,Bangalore South,3-5,Thursday,14.29,3,0
CUST_4614,Bangalore Central,3-5,Thursday,7.54,3,1
CUST_4615,Bangalore South,10-12,Thursday,12.5,2,0
CUST_4616,Bangalore North,10-12,Monday,10.42,3,1
CUST_4617,Bangalore North,10-12,Monday,10.75,2,0
CUST_4618,Bangalore East,10-12,Monday,10.8,3,1
CUST_4619,Bangalore Central,3-5,Monday,6.59,1,0
CUST_4620,Bangalore North,12-3,Friday,14.51,1,1
CUST_4621,Bangalore East,3-5,Friday,1.67,1,1
CUST_4622,Bangalore East,3-5,Wednesday,14.98,3,1
CUST_4623,Bangalore South,10-12,Monday,3.69,2,0
CUST_4624,Bangalore East,3-5,Monday,1.3,2,1
CUST_4625,Bangalore East,10-12,Thursday,6.01,1,0
CUST_4626,Bangalore East,10-12,Thursday,9.18,3,0
CUST_4627,Bangalore Central,12-3,Wednesday,8.08,1,0
CUST_4628,Bangalore South,10-12,Monday,1.33,2,0
CUST_4629,Bangalore North,12-3,Monday,9.64,2,1
CUST_4630,Bangalore North,10-12,Thursday,14.7,2,0
CUST_4631,Bangalore South,10-12,Monday,4.79,3,0
CUST_4632,Bangalore North,3-5,Friday,13.56,2,0
CUST_4633,Bangalore Central,10-12,Wednesday,4.5,1,1
CUST_4634,Bangalore South,10-12,Monday,10.37,1,0
CUST_4635,Bangalore North,3-5,Friday,14.07,2,0
CUST_4636,Bangalore South,12-3,Friday,9.64,1,1
CUST_4637,Bangalore North,3-5,Monday,12.57,2,0
CUST_4638,Bangalore Central,12-3,Thursday,10.87,2,0
CUST_4639,Bangalore East,12-3,Tuesday,11.99,2,1
CUST_4640,Bangalore East,10-12,Wednesday,5.77,1,0
CUST_4641,Bangalore Central,3-5,Monday,12.41,2,0
CUST_4642,Bangalore Central,10-12,Friday,3.23,2,1
CUST_4643,Bangalore East,12-3,Friday,13.36,1,1
CUST_4644,Bangalore Central,3-5,Friday,11.39,1,1
CUST_4645,Bangalore North,12-3,Thursday,10.78,1,1
CUST_4646,Bangalore South,3-5,Monday,13.2,3,1
CUST_4647,Bangalore North,10-12,Monday,7.11,1,1
CUST_4648,Bangalore South,3-5,Tuesday,14.17,2,0
CUST_4649,Bangalore East,3-5,Monday,11.33,1,1
CUST_4650,Bangalore South,12-3,Thursday,8.94,1,0
CUST_4651,Bangalore South,12-3,Friday,8.68,1,0
CUST_4652,Bangalore North,3-5,Thursday,3.42,2,1
CUST_4653,Bangalore Central,10-12,Monday,9.68,2,0
CUST_4654,Bangalore South,10-12,Thursday,9.06,1,0
CUST_4655,Bangalore North,3-5,Thursday,11.78,3,1
CUST_4656,Bangalore North,3-5,Wednesday,14.19,2,0
CUST_4657,Bangalore North,10-12,Friday,9.66,2,1
CUST_4658,Bangalore North,10-12,Thursday,2.98,2,1
CUST_4659,Bangalore South,3-5,Tuesday,8.5,2,0
CUST_4660,Bangalore Central,3-5,Friday,14.06,1,0
CUST_4661,Bangalore Central,3-5,Friday,6.47,2,1
CUST_4662,Bangalore Central,12-3,Friday,1.59,3,0
CUST_4663,Bangalore North,10-12,Friday,9.97,2,0
CUST_4664,Bangalore Central,10-12,Monday,10.55,3,1
CUST_4665,Bangalore East,10-12,Tuesday,11.78,1,0
CUST_4666,Bangalore South,3-5,Tuesday,6.39,3,1
CUST_4667,Bangalore North,3-5,Tuesday,5.96,1,0
CUST_4668,Bangalore Central,3-5,Wednesday,7.65,3,1
CUST_4669,Bangalore South,12-3,Wednesday,4.83,1,0
CUST_4670,Bangalore East,10-12,Tuesday,7.07,2,1
CUST_4671,Bangalore North,3-5,Monday,8.48,3,0
CUST_4672,Bangalore East,12-3,Monday,12.14,2,1
CUST_4673,Bangalore Central,10-12,Monday,7.85,1,1
CUST_4674,Bangalore East,10-12,Friday,6.29,2,0
CUST_4675,Bangalore Central,12-3,Tuesday,1.61,2,1
CUST_4676,Bangalore North,10-12,Thursday,8.62,1,1
CUST_4677,Bangalore South,3-5,Friday,6.19,1,0
CUST_4678,Bangalore Central,3-5,Monday,11.41,2,1
CUST_4679,Bangalore East,12-3,Monday,3.38,1,1
CUST_4680,Bangalore East,10-12,Tuesday,14.03,2,0
CUST_4681,Bangalore South,3-5,Friday,8.78,2,0
CUST_4682,Bangalore North,3-5,Thursday,7.16,2,0
CUST_4683,Bangalore East,10-12,Wednesday,9.87,2,0
CUST_4684,Bangalore South,10-12,Tuesday,9.4,2,0
CUST_4685,Bangalore South,3-5,Friday,12.53,1,0
CUST_4686,Bangalore Central,3-5,Wednesday,13.99,2,1
CUST_4687,Bangalore Central,12-3,Monday,5.58,2,1
CUST_4688,Bangalore Central,3-5,Friday,3.93,2,1
CUST_4689,Bangalore East,3-5,Wednesday,4.53,1,0
CUST_4690,Bangalore North,12-3,Tuesday,2.18,2,1
CUST_4691,Bangalore East,10-12,Tuesday,13.87,3,1
CUST_4692,Bangalore South,10-12,Wednesday,2.47,1,0
CUST_4693,Bangalore East,10-12,Friday,7.09,3,0
CUST_4694,Bangalore North,12-3,Monday,2.64,2,1
CUST_4695,Bangalore East,12-3,Wednesday,1.47,2,0
CUST_4696,Bangalore East,10-12,Wednesday,13.04,2,1
CUST_4697,Bangalore North,3-5,Thursday,1.15,1,1
CUST_4698,Bangalore Central,10-12,Thursday,10.94,2,0
CUST_4699,Bangalore North,10-12,Wednesday,3.01,1,1
CUST_4700,Bangalore East,10-12,Tuesday,9.74,3,1
CUST_4701,Bangalore East,3-5,Friday,8.48,1,1
CUST_4702,Bangalore East,10-12,Tuesday,13.51,3,0
CUST_4703,Bangalore Central,3-5,Tuesday,1.22,1,1
CUST_4704,Bangalore South,10-12,Wednesday,1.81,2,1
CUST_4705,Bangalore Central,10-12,Monday,11.23,1,1
CUST_4706,Bangalore North,10-12,Tuesday,1.27,1,0
CUST_4707,Bangalore North,12-3,Thursday,8.11,1,0
CUST_4708,Bangalore South,12-3,Wednesday,7.06,1,1
CUST_4709,Bangalore North,3-5,Thursday,7.28,1,0
CUST_4710,Bangalore North,3-5,Tuesday,5.41,3,0
CUST_4711,Bangalore South,3-5,Wednesday,4.87,2,0
CUST_4712,Bangalore Central,3-5,Friday,13.79,2,1
CUST_4713,Bangalore North,10-12,Tuesday,6.9,2,1
CUST_4714,Bangalore Central,12-3,Thursday,7.16,2,0
CUST_4715,Bangalore South,12-3,Tuesday,10.76,2,0
CUST_4716,Bangalore North,10-12,Tuesday,3.8,2,0
CUST_4717,Bangalore East,10-12,Wednesday,10.67,2,1
CUST_4718,Bangalore Central,10-12,Monday,7.61,2,0
CUST_4719,Bangalore North,3-5,Friday,1.37,1,1
CUST_4720,Bangalore Central,3-5,Wednesday,1.32,1,0
CUST_4721,Bangalore North,3-5,Wednesday,11.95,3,1
CUST_4722,Bangalore South,3-5,Tuesday,10.52,1,0
CUST_4723,Bangalore North,3-5,Tuesday,8.05,2,0
CUST_4724,Bangalore East,10-12,Thursday,5.99,3,1
CUST_4725,Bangalore North,12-3,Wednesday,10.62,1,1
CUST_4726,Bangalore East,10-12,Wednesday,1.81,3,1
CUST_4727,Bangalore East,3-5,Monday,2.9,2,0
CUST_4728,Bangalore North,3-5,Wednesday,14.57,1,1
CUST_4729,Bangalore East,10-12,Wednesday,2.84,2,0
CUST_4730,Bangalore North,3-5,Monday,14.5,1,0
CUST_4731,Bangalore North,12-3,Tuesday,9.96,2,0
CUST_4732,Bangalore Central,10-12,Tuesday,14.73,2,1
CUST_4733,Bangalore South,12-3,Wednesday,13.07,1,1
CUST_4734,Bangalore North,12-3,Tuesday,11.82,1,0
CUST_4735,Bangalore East,10-12,Friday,5.68,3,1
CUST_4736,Bangalore Central,3-5,Friday,14.34,1,1
CUST_4737,Bangalore South,3-5,Thursday,4.04,2,0
CUST_4738,Bangalore North,10-12,Wednesday,10.06,1,0
CUST_4739,Bangalore North,10-12,Thursday,6.6,1,1
CUST_4740,Bangalore East,12-3,Monday,10.06,3,1
CUST_4741,Bangalore North,12-3,Tuesday,10.12,1,1
CUST_4742,Bangalore East,3-5,Wednesday,10.7,2,0
CUST_4743,Bangalore South,10-12,Tuesday,2.5,2,0
CUST_4744,Bangalore East,12-3,Monday,3.95,1,0
CUST_4745,Bangalore Central,3-5,Friday,13.59,3,1
CUST_4746,Bangalore South,10-12,Thursday,7.01,2,0
CUST_4747,Bangalore Central,12-3,Thursday,5.96,1,1
CUST_4748,Bangalore East,10-12,Monday,4.07,2,1
CUST_4749,Bangalore Central,3-5,Tuesday,5.0,2,0
CUST_4750,Bangalore South,10-12,Monday,4.5,1,0
CUST_4751,Bangalore East,3-5,Friday,3.09,3,1
CUST_4752,Bangalore South,12-3,Friday,7.54,1,0
CUST_4753,Bangalore North,10-12,Wednesday,8.56,2,0
CUST_4754,Bangalore South,10-12,Tuesday,5.97,1,0
CUST_4755,Bangalore East,10-12,Monday,6.79,1,1
CUST_4756,Bangalore South,12-3,Thursday,14.26,3,1
CUST_4757,Bangalore Central,12-3,Tuesday,4.91,1,1
CUST_4758,Bangalore Central,10-12,Friday,10.62,3,1
CUST_4759,Bangalore North,3-5,Friday,5.3,1,0
CUST_4760,Bangalore East,10-12,Monday,7.29,2,1
CUST_4761,Bangalore North,12-3,Monday,11.05,1,1
CUST_4762,Bangalore East,3-5,Thursday,13.14,1,0
CUST_4763,Bangalore East,3-5,Tuesday,10.65,2,1
CUST_4764,Bangalore East,10-12,Thursday,9.23,2,1
CUST_4765,Bangalore North,10-12,Thursday,11.69,2,0
CUST_4766,Bangalore South,12-3,Monday,2.88,2,1
CUST_4767,Bangalore North,3-5,Wednesday,7.68,2,1
CUST_4768,Bangalore East,3-5,Tuesday,2.14,2,1
CUST_4769,Bangalore Central,10-12,Wednesday,3.03,3,1
CUST_4770,Bangalore Central,12-3,Tuesday,1.61,1,0
CUST_4771,Bangalore North,12-3,Monday,14.79,2,0
CUST_4772,Bangalore Central,10-12,Tuesday,12.81,1,0
CUST_4773,Bangalore North,10-12,Monday,13.73,1,0
CUST_4774,Bangalore South,3-5,Wednesday,7.58,2,1
CUST_4775,Bangalore South,10-12,Friday,5.28,1,0
CUST_4776,Bangalore North,12-3,Wednesday,12.74,2,0
CUST_4777,Bangalore East,10-12,Monday,5.38,1,0
CUST_4778,Bangalore Central,12-3,Thursday,7.47,1,1
CUST_4779,Bangalore South,10-12,Thursday,5.23,2,1
CUST_4780,Bangalore Central,3-5,Friday,14.32,2,1
CUST_4781,Bangalore North,3-5,Wednesday,7.48,1,1
CUST_4782,Bangalore North,12-3,Friday,14.7,2,1
CUST_4783,Bangalore North,10-12,Wednesday,10.14,2,1
CUST_4784,Bangalore North,12-3,Thursday,7.98,3,0
CUST_4785,Bangalore Central,12-3,Thursday,13.68,1,0
CUST_4786,Bangalore East,12-3,Wednesday,2.72,3,0
CUST_4787,Bangalore North,3-5,Friday,9.04,2,0
CUST_4788,Bangalore Central,10-12,Monday,1.7,2,1
CUST_4789,Bangalore South,10-12,Tuesday,13.56,2,1
CUST_4790,Bangalore Central,10-12,Tuesday,3.63,2,1
CUST_4791,Bangalore Central,10-12,Tuesday,4.6,2,0
CUST_4792,Bangalore North,12-3,Friday,14.97,1,0
CUST_4793,Bangalore Central,3-5,Wednesday,4.11,2,0
CUST_4794,Bangalore North,10-12,Thursday,3.58,2,1
CUST_4795,Bangalore South,10-12,Wednesday,13.66,1,1
CUST_4796,Bangalore East,12-3,Monday,12.16,1,0
CUST_4797,Bangalore South,12-3,Thursday,5.44,2,1
CUST_4798,Bangalore East,12-3,Monday,2.9,1,1
CUST_4799,Bangalore South,3-5,Tuesday,6.04,3,1
CUST_4800,Bangalore South,3-5,Wednesday,13.06,1,1
CUST_4801,Bangalore South,3-5,Wednesday,8.93,1,1
CUST_4802,Bangalore South,12-3,Monday,6.68,3,1
CUST_4803,Bangalore Central,3-5,Monday,3.69,1,1
CUST_4804,Bangalore South,10-12,Tuesday,13.29,2,0
CUST_4805,Bangalore North,12-3,Thursday,12.57,1,1
CUST_4806,Bangalore South,3-5,Friday,12.86,1,0
CUST_4807,Bangalore East,3-5,Tuesday,10.57,1,0
CUST_4808,Bangalore South,10-12,Friday,5.07,2,1
CUST_4809,Bangalore South,12-3,Thursday,7.68,2,1
CUST_4810,Bangalore Central,12-3,Wednesday,9.68,1,1
CUST_4811,Bangalore North,12-3,Wednesday,4.4,2,1
CUST_4812,Bangalore Central,10-12,Tuesday,9.26,3,1
CUST_4813,Bangalore North,10-12,Thursday,1.49,1,0
CUST_4814,Bangalore Central,3-5,Friday,9.7,2,0
CUST_4815,Bangalore South,12-3,Wednesday,13.95,1,0
CUST_4816,Bangalore South,3-5,Wednesday,9.75,3,0
CUST_4817,Bangalore North,10-12,Monday,8.82,2,1
CUST_4818,Bangalore South,12-3,Friday,6.33,2,0
CUST_4819,Bangalore East,12-3,Tuesday,1.24,2,1
CUST_4820,Bangalore South,12-3,Thursday,5.43,1,0
CUST_4821,Bangalore Central,12-3,Tuesday,4.97,1,1
CUST_4822,Bangalore North,3-5,Thursday,1.67,2,0
CUST_4823,Bangalore North,3-5,Thursday,3.13,1,0
CUST_4824,Bangalore North,12-3,Tuesday,12.49,2,1
CUST_4825,Bangalore Central,12-3,Monday,10.62,2,0
CUST_4826,Bangalore Central,12-3,Wednesday,1.69,2,0
CUST_4827,Bangalore Central,3-5,Thursday,3.01,2,0
CUST_4828,Bangalore North,3-5,Wednesday,14.21,1,0
CUST_4829,Bangalore Central,12-3,Friday,7.98,1,1
CUST_4830,Bangalore South,10-12,Thursday,10.76,1,1
CUST_4831,Bangalore Central,12-3,Wednesday,9.46,1,1
CUST_4832,Bangalore South,10-12,Monday,2.31,2,0
CUST_4833,Bangalore North,3-5,Tuesday,3.24,2,0
CUST_4834,Bangalore Central,12-3,Friday,4.32,2,1
CUST_4835,Bangalore Central,12-3,Wednesday,11.83,3,0
CUST_4836,Bangalore Central,10-12,Tuesday,2.14,1,1
CUST_4837,Bangalore North,10-12,Tuesday,14.79,3,1
CUST_4838,Bangalore North,12-3,Wednesday,3.88,1,0
CUST_4839,Bangalore North,10-12,Monday,7.8,1,0
CUST_4840,Bangalore South,12-3,Monday,1.59,2,1
CUST_4841,Bangalore Central,3-5,Wednesday,14.35,2,0
CUST_4842,Bangalore North,12-3,Friday,6.28,3,1
CUST_4843,Bangalore East,12-3,Friday,11.72,1,1
CUST_4844,Bangalore Central,3-5,Tuesday,5.52,2,1
CUST_4845,Bangalore East,3-5,Monday,12.28,2,1
CUST_4846,Bangalore South,12-3,Wednesday,7.36,3,0
CUST_4847,Bangalore Central,3-5,Thursday,4.86,1,1
CUST_4848,Bangalore North,3-5,Friday,8.16,2,1
CUST_4849,Bangalore East,12-3,Wednesday,8.88,1,1
CUST_4850,Bangalore East,12-3,Tuesday,14.9,1,1
CUST_4851,Bangalore East,12-3,Wednesday,5.07,1,1
CUST_4852,Bangalore East,3-5,Friday,3.83,2,0
CUST_4853,Bangalore South,12-3,Tuesday,9.21,3,0
CUST_4854,Bangalore South,10-12,Friday,1.03,1,1
CUST_4855,Bangalore South,10-12,Tuesday,9.93,1,1
CUST_4856,Bangalore East,12-3,Wednesday,1.17,1,1
CUST_4857,Bangalore East,3-5,Tuesday,13.27,3,0
CUST_4858,Bangalore East,3-5,Friday,8.19,2,1
CUST_4859,Bangalore East,3-5,Thursday,13.44,2,1
CUST_4860,Bangalore South,3-5,Thursday,3.01,2,1
CUST_4861,Bangalore South,12-3,Tuesday,9.85,2,1
CUST_4862,Bangalore East,3-5,Monday,4.59,2,1
CUST_4863,Bangalore East,10-12,Friday,6.97,2,0
CUST_4864,Bangalore East,3-5,Tuesday,7.03,1,0
CUST_4865,Bangalore North,10-12,Monday,1.81,2,0
CUST_4866,Bangalore East,12-3,Thursday,6.18,1,1
CUST_4867,Bangalore North,3-5,Monday,10.97,2,1
CUST_4868,Bangalore South,10-12,Thursday,6.27,2,1
CUST_4869,Bangalore East,3-5,Tuesday,8.05,1,1
CUST_4870,Bangalore Central,10-12,Monday,8.03,1,1
CUST_4871,Bangalore South,10-12,Tuesday,1.33,3,0
CUST_4872,Bangalore North,3-5,Friday,7.64,3,1
CUST_4873,Bangalore North,12-3,Friday,4.65,1,1
CUST_4874,Bangalore East,12-3,Monday,6.62,2,0
CUST_4875,Bangalore East,10-12,Tuesday,1.66,1,1
CUST_4876,Bangalore North,3-5,Monday,9.71,2,0
CUST_4877,Bangalore East,10-12,Thursday,5.0,2,1
CUST_4878,Bangalore Central,12-3,Tuesday,6.26,1,1
CUST_4879,Bangalore Central,3-5,Wednesday,2.65,3,1
CUST_4880,Bangalore East,10-12,Wednesday,2.43,2,1
CUST_4881,Bangalore South,12-3,Wednesday,2.57,1,1
CUST_4882,Bangalore South,12-3,Wednesday,2.88,1,0
CUST_4883,Bangalore North,12-3,Thursday,14.25,1,1
CUST_4884,Bangalore East,3-5,Wednesday,14.31,1,1
CUST_4885,Bangalore Central,10-12,Monday,7.61,2,1
CUST_4886,Bangalore North,3-5,Thursday,12.63,3,1
CUST_4887,Bangalore East,10-12,Tuesday,11.79,1,1
CUST_4888,Bangalore South,10-12,Wednesday,5.76,2,1
CUST_4889,Bangalore East,3-5,Monday,12.16,2,0
CUST_4890,Bangalore East,12-3,Wednesday,8.08,1,1
CUST_4891,Bangalore East,10-12,Thursday,11.09,1,1
CUST_4892,Bangalore South,3-5,Monday,12.15,3,1
CUST_4893,Bangalore Central,10-12,Thursday,6.43,2,1
CUST_4894,Bangalore Central,10-12,Friday,13.88,3,0
CUST_4895,Bangalore Central,3-5,Monday,11.43,2,0
CUST_4896,Bangalore South,12-3,Friday,8.86,1,1
CUST_4897,Bangalore North,3-5,Thursday,9.89,3,1
CUST_4898,Bangalore South,3-5,Tuesday,7.4,2,0
CUST_4899,Bangalore South,3-5,Monday,4.76,2,1
CUST_4900,Bangalore South,3-5,Tuesday,11.91,2,1
CUST_4901,Bangalore Central,12-3,Wednesday,5.73,2,0
CUST_4902,Bangalore Central,3-5,Friday,3.89,1,0
CUST_4903,Bangalore North,12-3,Monday,12.12,2,0
CUST_4904,Bangalore East,10-12,Thursday,10.78,3,0
CUST_4905,Bangalore South,10-12,Monday,12.01,1,0
CUST_4906,Bangalore East,10-12,Monday,5.8,3,0
CUST_4907,Bangalore North,3-5,Thursday,7.49,1,1
CUST_4908,Bangalore Central,3-5,Tuesday,4.58,2,0
CUST_4909,Bangalore Central,3-5,Thursday,7.15,3,1
CUST_4910,Bangalore East,3-5,Tuesday,8.88,2,1
CUST_4911,Bangalore South,3-5,Friday,5.46,2,0
CUST_4912,Bangalore South,12-3,Monday,9.39,2,1
CUST_4913,Bangalore North,3-5,Tuesday,7.15,2,1
CUST_4914,Bangalore Central,3-5,Tuesday,14.4,2,1
CUST_4915,Bangalore Central,10-12,Monday,7.34,2,0
CUST_4916,Bangalore East,10-12,Wednesday,14.76,1,0
CUST_4917,Bangalore North,10-12,Friday,8.84,3,1
CUST_4918,Bangalore East,12-3,Friday,11.4,2,0
CUST_4919,Bangalore South,3-5,Friday,12.7,1,0
CUST_4920,Bangalore South,12-3,Wednesday,1.49,2,1
CUST_4921,Bangalore Central,12-3,Wednesday,10.73,1,0
CUST_4922,Bangalore East,3-5,Monday,9.86,3,0
CUST_4923,Bangalore North,3-5,Wednesday,5.85,3,1
CUST_4924,Bangalore North,10-12,Thursday,14.43,3,0
CUST_4925,Bangalore Central,12-3,Tuesday,5.25,2,0
CUST_4926,Bangalore Central,12-3,Friday,7.25,1,0
CUST_4927,Bangalore South,12-3,Thursday,2.09,2,1
CUST_4928,Bangalore North,12-3,Wednesday,7.09,2,0
CUST_4929,Bangalore Central,3-5,Wednesday,12.4,3,1
CUST_4930,Bangalore North,3-5,Wednesday,3.37,1,0
CUST_4931,Bangalore South,10-12,Thursday,6.54,2,1
CUST_4932,Bangalore North,10-12,Tuesday,8.29,2,1
CUST_4933,Bangalore Central,12-3,Friday,3.16,2,0
CUST_4934,Bangalore East,12-3,Tuesday,3.85,1,0
CUST_4935,Bangalore South,10-12,Thursday,12.07,2,0
CUST_4936,Bangalore East,3-5,Friday,1.71,2,1
CUST_4937,Bangalore East,3-5,Friday,1.81,3,1
CUST_4938,Bangalore South,10-12,Monday,9.33,1,1
CUST_4939,Bangalore East,12-3,Monday,13.26,2,0
CUST_4940,Bangalore North,3-5,Monday,8.75,3,1
CUST_4941,Bangalore East,12-3,Monday,1.41,1,0
CUST_4942,Bangalore Central,10-12,Monday,12.98,2,1
CUST_4943,Bangalore South,12-3,Tuesday,14.63,2,0
CUST_4944,Bangalore North,12-3,Friday,3.77,3,1
CUST_4945,Bangalore South,10-12,Wednesday,4.95,1,0
CUST_4946,Bangalore North,10-12,Wednesday,11.31,2,1
CUST_4947,Bangalore South,10-12,Monday,9.89,1,0
CUST_4948,Bangalore East,12-3,Thursday,4.54,2,0
CUST_4949,Bangalore South,10-12,Monday,6.99,2,0
CUST_4950,Bangalore East,12-3,Wednesday,3.6,2,1
CUST_4951,Bangalore Central,3-5,Monday,5.46,1,1
CUST_4952,Bangalore North,12-3,Wednesday,10.27,2,1
CUST_4953,Bangalore Central,12-3,Monday,3.29,2,1
CUST_4954,Bangalore North,10-12,Thursday,12.25,1,1
CUST_4955,Bangalore North,3-5,Thursday,1.67,1,1
CUST_4956,Bangalore North,10-12,Tuesday,9.73,1,1
CUST_4957,Bangalore North,3-5,Tuesday,3.61,1,1
CUST_4958,Bangalore East,12-3,Tuesday,9.17,2,0
CUST_4959,Bangalore North,3-5,Tuesday,1.12,2,0
CUST_4960,Bangalore North,12-3,Wednesday,10.85,2,0
CUST_4961,Bangalore Central,10-12,Thursday,14.23,1,1
CUST_4962,Bangalore North,10-12,Friday,14.95,2,0
CUST_4963,Bangalore South,10-12,Wednesday,7.05,1,1
CUST_4964,Bangalore Central,10-12,Monday,11.19,1,0
CUST_4965,Bangalore Central,10-12,Thursday,11.81,1,1
CUST_4966,Bangalore South,3-5,Thursday,12.47,3,0
CUST_4967,Bangalore Central,3-5,Monday,13.91,2,1
CUST_4968,Bangalore Central,12-3,Wednesday,10.59,3,0
CUST_4969,Bangalore Central,3-5,Thursday,10.11,2,1
CUST_4970,Bangalore Central,3-5,Tuesday,8.45,2,1
CUST_4971,Bangalore North,3-5,Monday,6.95,2,1
CUST_4972,Bangalore North,10-12,Wednesday,1.63,2,1
CUST_4973,Bangalore North,3-5,Tuesday,13.86,2,0
CUST_4974,Bangalore South,3-5,Monday,7.79,2,1
CUST_4975,Bangalore Central,3-5,Thursday,10.08,2,0
CUST_4976,Bangalore South,3-5,Monday,13.54,1,0
CUST_4977,Bangalore Central,10-12,Friday,10.39,3,0
CUST_4978,Bangalore South,10-12,Tuesday,4.15,2,1
CUST_4979,Bangalore East,3-5,Thursday,4.46,2,1
CUST_4980,Bangalore Central,10-12,Monday,10.17,3,1
CUST_4981,Bangalore North,3-5,Thursday,9.76,2,0
CUST_4982,Bangalore South,3-5,Tuesday,8.77,2,0
CUST_4983,Bangalore South,10-12,Tuesday,13.44,2,1
CUST_4984,Bangalore South,3-5,Monday,6.38,1,0
CUST_4985,Bangalore North,3-5,Friday,2.13,2,1
CUST_4986,Bangalore North,10-12,Tuesday,4.32,2,1
CUST_4987,Bangalore South,3-5,Monday,2.44,2,0
CUST_4988,Bangalore North,12-3,Tuesday,7.9,1,0
CUST_4989,Bangalore South,3-5,Monday,8.29,3,0
CUST_4990,Bangalore Central,3-5,Monday,2.54,2,0
CUST_4991,Bangalore East,12-3,Monday,10.72,3,1
CUST_4992,Bangalore East,10-12,Wednesday,4.17,2,1
CUST_4993,Bangalore Central,10-12,Wednesday,4.7,2,0
CUST_4994,Bangalore North,3-5,Tuesday,8.42,2,1
CUST_4995,Bangalore Central,10-12,Friday,12.36,1,0
CUST_4996,Bangalore Central,10-12,Monday,9.49,1,1
CUST_4997,Bangalore South,12-3,Friday,10.53,2,1
CUST_4998,Bangalore Central,12-3,Tuesday,12.81,1,1
CUST_4999,Bangalore East,12-3,Friday,4.13,3,0
CUST_5000,Bangalore North,3-5,Wednesday,4.24,1,0
CUST_5001,Bangalore North,10-12,Friday,7.11,2,1
CUST_5002,Bangalore South,10-12,Thursday,11.69,1,0
CUST_5003,Bangalore South,10-12,Friday,5.98,1,0
CUST_5004,Bangalore North,12-3,Tuesday,13.69,3,0
CUST_5005,Bangalore South,12-3,Friday,5.68,2,1
CUST_5006,Bangalore South,3-5,Thursday,9.35,2,1
CUST_5007,Bangalore North,10-12,Friday,8.89,3,1
CUST_5008,Bangalore South,12-3,Tuesday,11.48,3,0
CUST_5009,Bangalore South,12-3,Thursday,14.95,3,0
CUST_5010,Bangalore North,10-12,Tuesday,5.33,2,1
CUST_5011,Bangalore North,3-5,Friday,13.74,3,0
CUST_5012,Bangalore Central,10-12,Monday,9.67,1,0
CUST_5013,Bangalore East,3-5,Monday,5.08,2,0
CUST_5014,Bangalore Central,10-12,Friday,5.62,1,0
CUST_5015,Bangalore North,10-12,Friday,6.33,2,0
CUST_5016,Bangalore East,10-12,Tuesday,7.96,1,1
CUST_5017,Bangalore South,10-12,Monday,12.73,2,0
CUST_5018,Bangalore North,3-5,Thursday,14.25,2,0
CUST_5019,Bangalore East,3-5,Thursday,10.79,2,0
CUST_5020,Bangalore East,10-12,Friday,1.13,3,0
CUST_5021,Bangalore South,3-5,Monday,13.02,2,1
CUST_5022,Bangalore South,3-5,Monday,2.63,2,1
CUST_5023,Bangalore South,10-12,Friday,4.24,2,0
CUST_5024,Bangalore South,12-3,Tuesday,10.4,1,1
CUST_5025,Bangalore Central,10-12,Monday,6.28,3,0
CUST_5026,Bangalore East,3-5,Thursday,5.62,3,0
CUST_5027,Bangalore North,3-5,Tuesday,8.01,3,0
CUST_5028,Bangalore Central,3-5,Monday,6.39,2,1
CUST_5029,Bangalore East,12-3,Friday,12.09,1,1
CUST_5030,Bangalore East,10-12,Monday,6.02,2,1
CUST_5031,Bangalore East,12-3,Friday,3.9,1,1
CUST_5032,Bangalore South,10-12,Wednesday,5.51,1,0
CUST_5033,Bangalore East,12-3,Tuesday,10.18,3,1
CUST_5034,Bangalore East,10-12,Tuesday,11.28,1,0
CUST_5035,Bangalore East,10-12,Wednesday,1.53,3,0
CUST_5036,Bangalore North,12-3,Wednesday,6.9,2,0
CUST_5037,Bangalore North,10-12,Tuesday,14.6,2,0
CUST_5038,Bangalore South,10-12,Thursday,12.59,1,0
CUST_5039,Bangalore South,10-12,Friday,11.42,2,0
CUST_5040,Bangalore East,3-5,Thursday,12.35,3,1
CUST_5041,Bangalore South,12-3,Friday,8.65,1,1
CUST_5042,Bangalore South,3-5,Monday,12.24,2,0
CUST_5043,Bangalore South,10-12,Tuesday,3.84,1,0
CUST_5044,Bangalore Central,3-5,Tuesday,4.48,1,0
CUST_5045,Bangalore East,10-12,Wednesday,9.27,1,1
CUST_5046,Bangalore North,10-12,Monday,2.73,2,1
CUST_5047,Bangalore North,12-3,Friday,9.43,2,1
CUST_5048,Bangalore East,3-5,Monday,2.25,2,1
CUST_5049,Bangalore East,12-3,Tuesday,9.3,1,0
CUST_5050,Bangalore East,10-12,Thursday,3.69,2,1
CUST_5051,Bangalore North,12-3,Wednesday,6.07,1,0
CUST_5052,Bangalore South,12-3,Thursday,14.03,2,0
CUST_5053,Bangalore North,3-5,Friday,1.71,1,1
CUST_5054,Bangalore Central,3-5,Thursday,1.68,2,0
CUST_5055,Bangalore North,12-3,Monday,9.56,3,1
CUST_5056,Bangalore East,3-5,Tuesday,11.45,2,1
CUST_5057,Bangalore North,12-3,Friday,11.23,3,1
CUST_5058,Bangalore Central,12-3,Thursday,1.08,1,0
CUST_5059,Bangalore Central,3-5,Friday,14.15,2,0
CUST_5060,Bangalore Central,10-12,Wednesday,13.14,3,0
CUST_5061,Bangalore Central,3-5,Thursday,10.99,3,0
CUST_5062,Bangalore North,3-5,Monday,3.78,1,0
CUST_5063,Bangalore North,3-5,Thursday,5.4,3,1
CUST_5064,Bangalore East,12-3,Wednesday,2.22,1,1
CUST_5065,Bangalore Central,12-3,Friday,2.7,2,1
CUST_5066,Bangalore East,10-12,Tuesday,5.1,1,1
CUST_5067,Bangalore South,10-12,Monday,11.4,1,0
CUST_5068,Bangalore South,3-5,Thursday,6.21,2,0
CUST_5069,Bangalore East,3-5,Monday,11.3,1,0
CUST_5070,Bangalore North,12-3,Tuesday,11.04,1,1
CUST_5071,Bangalore North,12-3,Monday,9.94,2,1
CUST_5072,Bangalore Central,10-12,Wednesday,7.67,2,0
CUST_5073,Bangalore East,12-3,Thursday,5.01,2,0
CUST_5074,Bangalore South,12-3,Tuesday,4.54,3,0
CUST_5075,Bangalore South,12-3,Wednesday,4.25,2,1
CUST_5076,Bangalore South,3-5,Tuesday,4.09,3,0
CUST_5077,Bangalore North,10-12,Tuesday,2.09,2,0
CUST_5078,Bangalore Central,3-5,Tuesday,10.62,2,0
CUST_5079,Bangalore East,3-5,Monday,2.08,3,0
CUST_5080,Bangalore North,3-5,Monday,3.69,2,1
CUST_5081,Bangalore North,3-5,Wednesday,13.77,3,1
CUST_5082,Bangalore South,10-12,Friday,12.88,1,1
CUST_5083,Bangalore Central,10-12,Friday,7.72,1,1
CUST_5084,Bangalore South,10-12,Thursday,6.82,3,1
CUST_5085,Bangalore Central,12-3,Monday,5.62,2,0
CUST_5086,Bangalore North,10-12,Friday,5.89,2,1
CUST_5087,Bangalore North,10-12,Wednesday,2.41,1,0
CUST_5088,Bangalore Central,10-12,Friday,9.53,2,1
CUST_5089,Bangalore North,10-12,Thursday,14.4,3,1
CUST_5090,Bangalore Central,10-12,Monday,5.14,2,0
CUST_5091,Bangalore South,3-5,Tuesday,6.91,3,1
CUST_5092,Bangalore East,3-5,Monday,10.09,2,1
CUST_5093,Bangalore North,10-12,Friday,2.38,3,1
CUST_5094,Bangalore South,12-3,Tuesday,4.41,3,0
CUST_5095,Bangalore Central,10-12,Thursday,8.11,2,0
CUST_5096,Bangalore North,3-5,Monday,10.62,2,1
CUST_5097,Bangalore East,12-3,Monday,4.68,3,1
CUST_5098,Bangalore East,10-12,Monday,13.99,2,0
CUST_5099,Bangalore East,12-3,Monday,13.52,2,0
CUST_5100,Bangalore Central,12-3,Monday,5.88,1,0
CUST_5101,Bangalore South,12-3,Friday,3.4,1,1
CUST_5102,Bangalore South,12-3,Monday,10.13,3,1
CUST_5103,Bangalore South,10-12,Thursday,7.26,2,0
CUST_5104,Bangalore Central,12-3,Monday,3.87,1,0
CUST_5105,Bangalore North,3-5,Monday,11.62,3,1
CUST_5106,Bangalore Central,3-5,Friday,10.49,2,1
CUST_5107,Bangalore East,12-3,Monday,13.96,1,0
CUST_5108,Bangalore East,10-12,Wednesday,6.36,2,0
CUST_5109,Bangalore North,3-5,Monday,8.49,1,1
CUST_5110,Bangalore Central,3-5,Wednesday,5.94,2,1
CUST_5111,Bangalore Central,12-3,Tuesday,13.84,1,1
CUST_5112,Bangalore North,10-12,Tuesday,13.78,2,1
CUST_5113,Bangalore South,3-5,Wednesday,1.76,2,1
CUST_5114,Bangalore South,10-12,Friday,8.09,2,0
CUST_5115,Bangalore Central,3-5,Monday,13.98,2,1
CUST_5116,Bangalore East,12-3,Thursday,4.33,1,0
CUST_5117,Bangalore East,10-12,Thursday,6.23,3,0
CUST_5118,Bangalore East,12-3,Friday,10.35,1,0
CUST_5119,Bangalore South,10-12,Friday,4.48,2,1
CUST_5120,Bangalore South,12-3,Thursday,11.85,2,0
CUST_5121,Bangalore East,10-12,Monday,8.54,3,1
CUST_5122,Bangalore East,3-5,Friday,4.69,2,1
CUST_5123,Bangalore North,10-12,Tuesday,7.81,2,0
CUST_5124,Bangalore South,10-12,Monday,14.54,1,1
CUST_5125,Bangalore East,12-3,Thursday,5.4,2,0
CUST_5126,Bangalore South,10-12,Thursday,3.37,2,0
CUST_5127,Bangalore South,10-12,Monday,4.29,3,0
CUST_5128,Bangalore South,10-12,Wednesday,4.79,3,0
CUST_5129,Bangalore South,3-5,Wednesday,9.9,1,0
CUST_5130,Bangalore South,12-3,Monday,3.33,2,0
CUST_5131,Bangalore Central,12-3,Monday,7.51,1,1
CUST_5132,Bangalore South,10-12,Wednesday,7.88,2,0
CUST_5133,Bangalore South,3-5,Monday,9.46,2,1
CUST_5134,Bangalore North,10-12,Wednesday,8.56,1,0
CUST_5135,Bangalore Central,12-3,Wednesday,3.22,1,0
CUST_5136,Bangalore South,10-12,Tuesday,4.65,2,1
CUST_5137,Bangalore South,12-3,Friday,2.83,3,1
CUST_5138,Bangalore North,10-12,Monday,5.75,2,0
CUST_5139,Bangalore North,3-5,Wednesday,9.3,2,1
CUST_5140,Bangalore North,3-5,Friday,7.52,2,1
CUST_5141,Bangalore North,12-3,Monday,3.62,1,0
CUST_5142,Bangalore East,3-5,Monday,4.76,1,0
CUST_5143,Bangalore North,3-5,Monday,9.41,2,1
CUST_5144,Bangalore Central,10-12,Wednesday,7.96,2,1
CUST_5145,Bangalore Central,3-5,Thursday,13.75,3,0
CUST_5146,Bangalore East,12-3,Monday,6.51,1,0
CUST_5147,Bangalore North,3-5,Tuesday,13.49,2,1
CUST_5148,Bangalore South,10-12,Tuesday,14.31,3,0
CUST_5149,Bangalore East,3-5,Friday,4.9,2,1
CUST_5150,Bangalore East,12-3,Thursday,3.98,1,1
CUST_5151,Bangalore North,10-12,Tuesday,1.06,2,1
CUST_5152,Bangalore North,3-5,Thursday,9.76,2,0
CUST_5153,Bangalore East,12-3,Friday,9.28,2,1
CUST_5154,Bangalore South,12-3,Tuesday,4.42,1,0
CUST_5155,Bangalore Central,12-3,Wednesday,14.43,2,1
CUST_5156,Bangalore North,12-3,Tuesday,1.31,2,1
CUST_5157,Bangalore South,10-12,Tuesday,6.24,2,0
CUST_5158,Bangalore Central,10-12,Friday,4.19,2,1
CUST_5159,Bangalore South,12-3,Wednesday,2.21,1,0
CUST_5160,Bangalore South,10-12,Monday,7.51,1,0
CUST_5161,Bangalore South,10-12,Friday,9.81,1,0
CUST_5162,Bangalore East,10-12,Monday,5.04,1,0
CUST_5163,Bangalore East,10-12,Thursday,5.64,2,0
CUST_5164,Bangalore Central,3-5,Tuesday,5.67,2,1
CUST_5165,Bangalore East,12-3,Thursday,6.92,1,1
CUST_5166,Bangalore Central,10-12,Tuesday,8.57,1,1
CUST_5167,Bangalore Central,3-5,Friday,12.06,2,0
CUST_5168,Bangalore Central,10-12,Monday,13.84,2,0
CUST_5169,Bangalore North,10-12,Friday,10.37,1,1
CUST_5170,Bangalore Central,12-3,Tuesday,3.66,2,0
CUST_5171,Bangalore Central,12-3,Tuesday,8.63,2,0
CUST_5172,Bangalore East,12-3,Thursday,6.84,2,0
CUST_5173,Bangalore East,3-5,Monday,1.17,2,1
CUST_5174,Bangalore North,10-12,Tuesday,9.26,3,1
CUST_5175,Bangalore East,10-12,Monday,4.4,3,0
CUST_5176,Bangalore South,12-3,Monday,7.78,2,0
CUST_5177,Bangalore South,3-5,Friday,7.65,2,0
CUST_5178,Bangalore Central,10-12,Tuesday,8.71,3,1
CUST_5179,Bangalore South,12-3,Friday,1.01,2,1
CUST_5180,Bangalore North,12-3,Friday,11.33,1,1
CUST_5181,Bangalore South,3-5,Friday,7.38,1,0
CUST_5182,Bangalore Central,12-3,Monday,9.71,2,0
CUST_5183,Bangalore South,12-3,Monday,8.38,2,0
CUST_5184,Bangalore North,12-3,Wednesday,3.78,2,0
CUST_5185,Bangalore Central,12-3,Monday,13.44,2,1
CUST_5186,Bangalore East,3-5,Wednesday,11.12,2,0
CUST_5187,Bangalore North,10-12,Tuesday,2.35,3,0
CUST_5188,Bangalore South,10-12,Monday,1.37,2,1
CUST_5189,Bangalore Central,12-3,Tuesday,13.63,3,1
CUST_5190,Bangalore North,12-3,Thursday,9.1,2,1
CUST_5191,Bangalore Central,10-12,Thursday,14.41,2,1
CUST_5192,Bangalore South,12-3,Tuesday,6.34,2,0
CUST_5193,Bangalore Central,12-3,Monday,2.01,1,1
CUST_5194,Bangalore Central,12-3,Thursday,6.12,2,0
CUST_5195,Bangalore South,10-12,Friday,5.02,2,1
CUST_5196,Bangalore Central,12-3,Friday,1.17,2,0
CUST_5197,Bangalore South,3-5,Monday,1.5,2,0
CUST_5198,Bangalore South,3-5,Monday,14.89,1,1
CUST_5199,Bangalore Central,12-3,Tuesday,8.19,3,0
CUST_5200,Bangalore North,3-5,Wednesday,14.65,1,0
CUST_5201,Bangalore East,3-5,Thursday,9.23,2,0
CUST_5202,Bangalore South,3-5,Tuesday,8.93,3,0
CUST_5203,Bangalore East,10-12,Thursday,5.67,2,0
CUST_5204,Bangalore East,10-12,Tuesday,8.27,1,0
CUST_5205,Bangalore South,10-12,Monday,7.05,2,0
CUST_5206,Bangalore Central,12-3,Tuesday,2.5,1,0
CUST_5207,Bangalore Central,10-12,Wednesday,10.83,1,0
CUST_5208,Bangalore South,3-5,Wednesday,12.46,2,0
CUST_5209,Bangalore South,3-5,Friday,3.28,2,1
CUST_5210,Bangalore Central,10-12,Friday,13.53,2,1
CUST_5211,Bangalore South,10-12,Thursday,12.75,2,0
CUST_5212,Bangalore East,3-5,Tuesday,14.88,1,1
CUST_5213,Bangalore Central,12-3,Tuesday,5.09,1,1
CUST_5214,Bangalore North,12-3,Thursday,11.69,3,0
CUST_5215,Bangalore North,3-5,Tuesday,13.96,1,0
CUST_5216,Bangalore Central,10-12,Tuesday,9.71,2,0
CUST_5217,Bangalore Central,12-3,Wednesday,8.23,3,1
CUST_5218,Bangalore North,10-12,Thursday,6.68,2,1
CUST_5219,Bangalore East,3-5,Thursday,10.21,2,0
CUST_5220,Bangalore North,10-12,Tuesday,6.22,2,0
CUST_5221,Bangalore North,10-12,Wednesday,11.86,2,0
CUST_5222,Bangalore Central,3-5,Friday,11.85,1,0
CUST_5223,Bangalore East,3-5,Wednesday,8.54,2,0
CUST_5224,Bangalore East,3-5,Thursday,10.33,3,0
CUST_5225,Bangalore North,12-3,Friday,8.28,2,1
CUST_5226,Bangalore Central,10-12,Friday,10.26,3,0
CUST_5227,Bangalore East,10-12,Monday,8.81,2,1
CUST_5228,Bangalore North,3-5,Friday,8.46,1,1
CUST_5229,Bangalore Central,10-12,Thursday,8.08,2,0
CUST_5230,Bangalore North,10-12,Friday,5.06,3,1
CUST_5231,Bangalore Central,10-12,Thursday,14.62,2,0
CUST_5232,Bangalore Central,12-3,Monday,14.22,2,0
CUST_5233,Bangalore East,3-5,Monday,6.21,2,0
CUST_5234,Bangalore East,12-3,Thursday,9.78,1,1
CUST_5235,Bangalore South,10-12,Monday,5.87,1,1
CUST_5236,Bangalore East,10-12,Monday,13.84,2,1
CUST_5237,Bangalore South,3-5,Tuesday,9.63,2,0
CUST_5238,Bangalore East,3-5,Thursday,14.5,2,1
CUST_5239,Bangalore North,3-5,Thursday,4.58,3,1
CUST_5240,Bangalore Central,3-5,Monday,9.31,2,1
CUST_5241,Bangalore North,12-3,Thursday,3.45,2,1
CUST_5242,Bangalore South,12-3,Tuesday,9.51,1,0
CUST_5243,Bangalore South,3-5,Tuesday,1.11,1,0
CUST_5244,Bangalore Central,3-5,Friday,2.1,2,0
CUST_5245,Bangalore South,3-5,Thursday,3.51,2,0
CUST_5246,Bangalore Central,12-3,Monday,9.33,1,0
CUST_5247,Bangalore East,3-5,Monday,2.05,1,0
CUST_5248,Bangalore East,10-12,Monday,2.8,2,1
CUST_5249,Bangalore Central,10-12,Friday,3.97,2,1
CUST_5250,Bangalore South,3-5,Thursday,7.2,1,1
CUST_5251,Bangalore Central,3-5,Wednesday,12.1,2,1
CUST_5252,Bangalore South,12-3,Monday,3.31,1,1
CUST_5253,Bangalore Central,12-3,Wednesday,5.13,3,1
CUST_5254,Bangalore North,12-3,Monday,1.55,2,0
CUST_5255,Bangalore North,12-3,Friday,10.07,3,1
CUST_5256,Bangalore East,3-5,Thursday,13.4,2,1
CUST_5257,Bangalore Central,3-5,Friday,4.23,2,0
CUST_5258,Bangalore East,10-12,Monday,12.67,1,0
CUST_5259,Bangalore North,3-5,Thursday,5.07,2,0
CUST_5260,Bangalore East,10-12,Tuesday,2.41,3,1
CUST_5261,Bangalore North,3-5,Friday,13.84,1,0
CUST_5262,Bangalore North,10-12,Friday,12.12,3,0
CUST_5263,Bangalore South,3-5,Thursday,8.25,1,0
CUST_5264,Bangalore South,12-3,Friday,12.57,3,1
CUST_5265,Bangalore South,12-3,Friday,13.2,2,1
CUST_5266,Bangalore South,3-5,Wednesday,3.11,3,0
CUST_5267,Bangalore Central,3-5,Thursday,14.81,1,1
CUST_5268,Bangalore East,10-12,Tuesday,14.69,1,0
CUST_5269,Bangalore North,10-12,Monday,12.73,2,1
CUST_5270,Bangalore North,10-12,Thursday,1.15,1,1
CUST_5271,Bangalore Central,12-3,Wednesday,7.94,3,1
CUST_5272,Bangalore Central,3-5,Tuesday,9.7,2,0
CUST_5273,Bangalore East,10-12,Monday,9.37,2,1
CUST_5274,Bangalore North,12-3,Monday,2.91,2,0
CUST_5275,Bangalore North,12-3,Wednesday,14.44,1,0
CUST_5276,Bangalore North,10-12,Friday,3.5,2,1
CUST_5277,Bangalore North,12-3,Tuesday,1.53,3,1
CUST_5278,Bangalore East,12-3,Wednesday,11.9,2,1
CUST_5279,Bangalore East,12-3,Monday,2.63,2,0
CUST_5280,Bangalore North,12-3,Monday,2.94,1,0
CUST_5281,Bangalore South,10-12,Tuesday,1.63,1,1
CUST_5282,Bangalore North,12-3,Tuesday,12.73,1,1
CUST_5283,Bangalore South,3-5,Thursday,1.47,1,0
CUST_5284,Bangalore Central,10-12,Wednesday,8.26,1,1
CUST_5285,Bangalore South,12-3,Thursday,13.29,1,1
CUST_5286,Bangalore East,10-12,Friday,9.41,3,0
CUST_5287,Bangalore Central,10-12,Thursday,7.06,1,0
CUST_5288,Bangalore North,3-5,Tuesday,9.98,2,1
CUST_5289,Bangalore North,10-12,Friday,10.13,2,0
CUST_5290,Bangalore South,10-12,Monday,10.32,1,1
CUST_5291,Bangalore East,3-5,Wednesday,3.24,3,1
CUST_5292,Bangalore Central,3-5,Friday,12.98,2,0
CUST_5293,Bangalore North,3-5,Monday,2.59,2,1
CUST_5294,Bangalore North,10-12,Monday,13.39,2,1
CUST_5295,Bangalore Central,3-5,Tuesday,8.98,3,1
CUST_5296,Bangalore East,12-3,Monday,12.53,2,0
CUST_5297,Bangalore East,12-3,Friday,2.37,2,0
CUST_5298,Bangalore South,10-12,Thursday,14.69,1,0
CUST_5299,Bangalore East,10-12,Tuesday,9.48,2,0
CUST_5300,Bangalore South,10-12,Thursday,7.17,1,0
CUST_5301,Bangalore Central,12-3,Thursday,14.01,2,0
CUST_5302,Bangalore North,3-5,Friday,6.19,3,0
CUST_5303,Bangalore South,3-5,Wednesday,10.43,2,1
CUST_5304,Bangalore South,10-12,Friday,14.02,2,1
CUST_5305,Bangalore East,12-3,Friday,7.15,2,0
CUST_5306,Bangalore North,10-12,Wednesday,6.04,2,0
CUST_5307,Bangalore North,12-3,Thursday,14.93,1,1
CUST_5308,Bangalore Central,10-12,Wednesday,9.55,2,1
CUST_5309,Bangalore Central,12-3,Wednesday,10.51,1,0
CUST_5310,Bangalore East,12-3,Thursday,10.31,3,1
CUST_5311,Bangalore North,3-5,Monday,8.7,2,1
CUST_5312,Bangalore East,12-3,Monday,9.58,2,0
CUST_5313,Bangalore South,3-5,Monday,3.1,3,0
CUST_5314,Bangalore Central,10-12,Monday,13.99,3,0
CUST_5315,Bangalore North,10-12,Friday,7.37,1,1
CUST_5316,Bangalore East,12-3,Friday,2.02,1,0
CUST_5317,Bangalore East,12-3,Friday,7.7,2,1
CUST_5318,Bangalore Central,12-3,Monday,7.29,1,1
CUST_5319,Bangalore East,3-5,Monday,13.35,1,1
CUST_5320,Bangalore Central,3-5,Thursday,8.3,1,0
CUST_5321,Bangalore East,3-5,Friday,10.95,2,0
CUST_5322,Bangalore East,3-5,Wednesday,10.83,2,1
CUST_5323,Bangalore South,3-5,Tuesday,11.68,1,0
CUST_5324,Bangalore North,12-3,Monday,13.78,1,1
CUST_5325,Bangalore North,3-5,Wednesday,1.07,1,0
CUST_5326,Bangalore East,3-5,Tuesday,12.47,1,0
CUST_5327,Bangalore South,12-3,Friday,14.64,1,0
CUST_5328,Bangalore Central,12-3,Thursday,1.95,2,0
CUST_5329,Bangalore South,3-5,Wednesday,13.56,2,1
CUST_5330,Bangalore North,12-3,Monday,3.8,2,1
CUST_5331,Bangalore South,12-3,Monday,7.98,1,1
CUST_5332,Bangalore Central,3-5,Wednesday,2.64,1,1
CUST_5333,Bangalore South,12-3,Tuesday,4.37,2,0
CUST_5334,Bangalore South,3-5,Tuesday,1.34,3,1
CUST_5335,Bangalore East,3-5,Monday,9.59,1,1
CUST_5336,Bangalore East,12-3,Monday,6.77,2,0
CUST_5337,Bangalore South,12-3,Friday,6.88,3,1
CUST_5338,Bangalore East,12-3,Friday,10.95,1,0
CUST_5339,Bangalore Central,3-5,Friday,8.09,3,0
CUST_5340,Bangalore North,3-5,Monday,5.76,1,1
CUST_5341,Bangalore Central,3-5,Wednesday,14.01,2,1
CUST_5342,Bangalore North,12-3,Wednesday,8.02,2,0
CUST_5343,Bangalore North,10-12,Tuesday,2.5,1,0
CUST_5344,Bangalore North,12-3,Wednesday,3.07,1,0
CUST_5345,Bangalore Central,3-5,Thursday,11.95,2,1
CUST_5346,Bangalore Central,10-12,Tuesday,9.23,1,1
CUST_5347,Bangalore South,12-3,Thursday,9.05,1,1
CUST_5348,Bangalore East,10-12,Tuesday,4.6,1,0
CUST_5349,Bangalore North,3-5,Wednesday,10.75,3,1
CUST_5350,Bangalore North,12-3,Thursday,4.72,1,1
CUST_5351,Bangalore North,3-5,Friday,14.23,2,1
CUST_5352,Bangalore North,3-5,Wednesday,3.46,1,0
CUST_5353,Bangalore Central,10-12,Monday,10.48,2,0
CUST_5354,Bangalore East,3-5,Thursday,4.09,1,1
CUST_5355,Bangalore Central,3-5,Tuesday,14.07,1,0
CUST_5356,Bangalore South,10-12,Tuesday,11.62,1,0
CUST_5357,Bangalore East,12-3,Monday,2.9,1,1
CUST_5358,Bangalore East,10-12,Wednesday,11.46,3,0
CUST_5359,Bangalore North,12-3,Wednesday,2.43,3,0
CUST_5360,Bangalore East,10-12,Thursday,13.19,2,1
CUST_5361,Bangalore North,12-3,Tuesday,5.68,2,1
CUST_5362,Bangalore North,12-3,Monday,6.92,2,0
CUST_5363,Bangalore South,10-12,Wednesday,8.9,3,0
CUST_5364,Bangalore North,3-5,Wednesday,9.47,3,1
CUST_5365,Bangalore East,10-12,Thursday,9.14,2,1
CUST_5366,Bangalore Central,3-5,Tuesday,6.13,2,0
CUST_5367,Bangalore North,3-5,Thursday,11.54,1,0
CUST_5368,Bangalore Central,12-3,Friday,3.31,2,0
CUST_5369,Bangalore North,12-3,Wednesday,1.19,1,1
CUST_5370,Bangalore Central,12-3,Monday,13.92,3,1
CUST_5371,Bangalore East,12-3,Friday,5.58,2,0
CUST_5372,Bangalore South,12-3,Tuesday,8.01,2,1
CUST_5373,Bangalore Central,12-3,Thursday,10.46,1,0
CUST_5374,Bangalore East,12-3,Wednesday,10.46,2,1
CUST_5375,Bangalore South,12-3,Friday,8.62,2,1
CUST_5376,Bangalore South,12-3,Monday,8.29,2,1
CUST_5377,Bangalore Central,3-5,Thursday,12.03,3,1
CUST_5378,Bangalore North,3-5,Tuesday,9.46,2,1
CUST_5379,Bangalore East,3-5,Wednesday,2.11,3,1
CUST_5380,Bangalore Central,10-12,Thursday,3.37,2,1
CUST_5381,Bangalore East,10-12,Wednesday,2.64,3,0
CUST_5382,Bangalore South,3-5,Wednesday,10.1,2,0
CUST_5383,Bangalore South,12-3,Wednesday,8.02,2,0
CUST_5384,Bangalore North,10-12,Friday,6.31,2,1
CUST_5385,Bangalore North,10-12,Thursday,4.35,1,1
CUST_5386,Bangalore North,3-5,Wednesday,12.5,1,0
CUST_5387,Bangalore North,12-3,Tuesday,8.46,1,1
CUST_5388,Bangalore Central,3-5,Monday,11.65,2,1
CUST_5389,Bangalore East,10-12,Wednesday,14.23,1,0
CUST_5390,Bangalore Central,12-3,Friday,2.38,2,0
CUST_5391,Bangalore Central,3-5,Friday,10.22,1,0
CUST_5392,Bangalore East,12-3,Wednesday,1.63,2,0
CUST_5393,Bangalore East,12-3,Friday,11.97,2,0
CUST_5394,Bangalore South,12-3,Monday,13.33,2,1
CUST_5395,Bangalore South,3-5,Friday,5.36,3,0
CUST_5396,Bangalore South,12-3,Monday,2.13,2,0
CUST_5397,Bangalore South,12-3,Tuesday,2.8,2,0
CUST_5398,Bangalore North,3-5,Wednesday,3.03,2,0
CUST_5399,Bangalore South,12-3,Wednesday,3.7,2,1
CUST_5400,Bangalore South,12-3,Monday,4.47,3,0
CUST_5401,Bangalore East,12-3,Monday,8.89,2,0
CUST_5402,Bangalore Central,3-5,Monday,1.73,2,1
CUST_5403,Bangalore South,12-3,Wednesday,7.21,2,1
CUST_5404,Bangalore East,3-5,Monday,2.94,1,1
CUST_5405,Bangalore East,10-12,Thursday,11.45,2,1
CUST_5406,Bangalore South,10-12,Thursday,5.44,2,1
CUST_5407,Bangalore South,10-12,Wednesday,10.6,1,0
CUST_5408,Bangalore North,10-12,Friday,14.81,1,0
CUST_5409,Bangalore Central,12-3,Thursday,6.47,3,0
CUST_5410,Bangalore Central,12-3,Thursday,3.4,2,1
CUST_5411,Bangalore South,10-12,Tuesday,10.53,1,0
CUST_5412,Bangalore South,3-5,Friday,14.18,1,0
CUST_5413,Bangalore South,12-3,Thursday,9.23,2,1
CUST_5414,Bangalore South,10-12,Monday,10.87,3,1
CUST_5415,Bangalore East,3-5,Tuesday,3.41,2,0
CUST_5416,Bangalore Central,12-3,Monday,12.34,1,0
CUST_5417,Bangalore East,12-3,Monday,6.98,1,0
CUST_5418,Bangalore Central,10-12,Tuesday,4.77,3,1
CUST_5419,Bangalore East,3-5,Thursday,8.18,2,1
CUST_5420,Bangalore East,12-3,Wednesday,11.41,1,1
CUST_5421,Bangalore East,12-3,Thursday,14.02,2,0
CUST_5422,Bangalore East,10-12,Wednesday,3.08,2,0
CUST_5423,Bangalore Central,10-12,Tuesday,2.84,3,0
CUST_5424,Bangalore South,10-12,Thursday,3.91,1,0
CUST_5425,Bangalore North,10-12,Friday,13.31,3,1
CUST_5426,Bangalore South,10-12,Monday,7.27,1,0
CUST_5427,Bangalore North,3-5,Friday,10.96,2,1
CUST_5428,Bangalore North,12-3,Monday,6.65,2,1
CUST_5429,Bangalore South,12-3,Wednesday,6.98,2,1
CUST_5430,Bangalore South,3-5,Wednesday,1.82,1,1
CUST_5431,Bangalore North,10-12,Thursday,7.6,1,1
CUST_5432,Bangalore Central,3-5,Monday,14.95,2,1
CUST_5433,Bangalore Central,10-12,Wednesday,3.12,1,1
CUST_5434,Bangalore South,3-5,Thursday,6.83,2,1
CUST_5435,Bangalore North,12-3,Wednesday,10.6,1,0
CUST_5436,Bangalore North,3-5,Thursday,3.92,3,0
CUST_5437,Bangalore Central,12-3,Thursday,14.66,2,1
CUST_5438,Bangalore Central,10-12,Monday,11.27,2,1
CUST_5439,Bangalore Central,3-5,Thursday,5.22,2,1
CUST_5440,Bangalore North,12-3,Thursday,14.21,1,0
CUST_5441,Bangalore South,12-3,Friday,11.53,3,0
CUST_5442,Bangalore East,10-12,Monday,7.48,3,0
CUST_5443,Bangalore East,10-12,Wednesday,9.18,2,1
CUST_5444,Bangalore Central,3-5,Tuesday,6.14,1,0
CUST_5445,Bangalore South,10-12,Wednesday,13.24,3,1
CUST_5446,Bangalore Central,3-5,Monday,5.87,2,0
CUST_5447,Bangalore East,12-3,Tuesday,8.82,1,1
CUST_5448,Bangalore East,3-5,Friday,5.54,1,1
CUST_5449,Bangalore North,3-5,Wednesday,4.27,2,1
CUST_5450,Bangalore South,12-3,Monday,1.33,3,1
CUST_5451,Bangalore East,12-3,Friday,6.55,1,1
CUST_5452,Bangalore East,12-3,Wednesday,12.69,1,1
CUST_5453,Bangalore South,10-12,Monday,4.54,1,1
CUST_5454,Bangalore South,12-3,Tuesday,14.83,3,1
CUST_5455,Bangalore Central,10-12,Wednesday,11.86,3,0
CUST_5456,Bangalore South,3-5,Thursday,4.13,1,0
CUST_5457,Bangalore East,12-3,Friday,9.28,1,1
CUST_5458,Bangalore South,3-5,Friday,14.55,3,1
CUST_5459,Bangalore South,12-3,Monday,13.46,3,1
CUST_5460,Bangalore Central,12-3,Monday,7.9,1,0
CUST_5461,Bangalore Central,10-12,Wednesday,7.38,1,0
CUST_5462,Bangalore South,12-3,Tuesday,3.71,3,1
CUST_5463,Bangalore South,12-3,Thursday,1.23,3,0
CUST_5464,Bangalore Central,10-12,Wednesday,9.97,2,0
CUST_5465,Bangalore East,12-3,Wednesday,1.07,3,0
CUST_5466,Bangalore East,12-3,Friday,10.12,1,1
CUST_5467,Bangalore North,3-5,Wednesday,11.57,2,0
CUST_5468,Bangalore South,10-12,Monday,14.75,3,1
CUST_5469,Bangalore South,3-5,Monday,6.71,1,0
CUST_5470,Bangalore East,3-5,Monday,5.33,3,1
CUST_5471,Bangalore East,3-5,Tuesday,7.75,2,0
CUST_5472,Bangalore East,10-12,Monday,8.43,2,1
CUST_5473,Bangalore East,12-3,Wednesday,1.3,1,0
CUST_5474,Bangalore East,3-5,Wednesday,8.81,1,0
CUST_5475,Bangalore East,3-5,Friday,7.45,2,1
CUST_5476,Bangalore East,12-3,Friday,4.56,3,0
CUST_5477,Bangalore East,12-3,Wednesday,13.83,1,1
CUST_5478,Bangalore Central,12-3,Tuesday,8.55,3,1
CUST_5479,Bangalore South,10-12,Tuesday,14.66,2,0
CUST_5480,Bangalore Central,10-12,Wednesday,9.23,1,0
CUST_5481,Bangalore South,12-3,Tuesday,6.19,1,0
CUST_5482,Bangalore East,12-3,Tuesday,3.77,3,0
CUST_5483,Bangalore Central,3-5,Monday,5.1,2,1
CUST_5484,Bangalore East,3-5,Monday,4.12,3,1
CUST_5485,Bangalore North,3-5,Wednesday,11.25,1,1
CUST_5486,Bangalore South,12-3,Friday,9.88,2,1
CUST_5487,Bangalore Central,12-3,Thursday,5.64,2,1
CUST_5488,Bangalore East,10-12,Friday,14.58,3,0
CUST_5489,Bangalore Central,12-3,Friday,3.39,2,1
CUST_5490,Bangalore Central,12-3,Monday,14.32,1,0
CUST_5491,Bangalore Central,10-12,Monday,4.76,1,0
CUST_5492,Bangalore South,10-12,Wednesday,9.23,1,0
CUST_5493,Bangalore Central,12-3,Monday,4.0,1,0
CUST_5494,Bangalore Central,3-5,Monday,1.46,3,0
CUST_5495,Bangalore East,12-3,Friday,6.06,2,1
CUST_5496,Bangalore East,12-3,Friday,11.22,2,0
CUST_5497,Bangalore Central,12-3,Thursday,9.12,2,0
CUST_5498,Bangalore East,10-12,Monday,7.0,1,0
CUST_5499,Bangalore East,3-5,Tuesday,5.34,1,0
CUST_5500,Bangalore East,10-12,Monday,9.88,2,0
CUST_5501,Bangalore Central,10-12,Wednesday,4.73,1,1
CUST_5502,Bangalore East,10-12,Friday,7.83,2,0
CUST_5503,Bangalore South,10-12,Tuesday,1.69,1,0
CUST_5504,Bangalore South,12-3,Tuesday,4.2,2,0
CUST_5505,Bangalore South,12-3,Monday,5.41,3,0
CUST_5506,Bangalore South,12-3,Friday,12.77,2,1
CUST_5507,Bangalore South,10-12,Wednesday,2.71,2,1
CUST_5508,Bangalore Central,10-12,Wednesday,7.52,2,0
CUST_5509,Bangalore North,10-12,Monday,12.58,1,1
CUST_5510,Bangalore South,12-3,Friday,3.54,3,1
CUST_5511,Bangalore South,12-3,Wednesday,10.67,1,0
CUST_5512,Bangalore East,12-3,Tuesday,13.34,2,1
CUST_5513,Bangalore Central,3-5,Thursday,6.74,2,0
CUST_5514,Bangalore East,3-5,Tuesday,13.29,2,1
CUST_5515,Bangalore North,12-3,Monday,7.77,1,1
CUST_5516,Bangalore South,10-12,Tuesday,3.62,3,0
CUST_5517,Bangalore Central,12-3,Monday,7.52,1,0
CUST_5518,Bangalore South,12-3,Monday,5.33,2,0
CUST_5519,Bangalore South,12-3,Monday,2.0,2,1
CUST_5520,Bangalore Central,10-12,Tuesday,11.43,2,0
CUST_5521,Bangalore Central,12-3,Tuesday,3.74,1,1
CUST_5522,Bangalore South,10-12,Monday,3.82,2,1
CUST_5523,Bangalore North,12-3,Wednesday,7.53,2,1
CUST_5524,Bangalore North,10-12,Friday,3.94,1,1
CUST_5525,Bangalore East,3-5,Tuesday,13.33,2,0
CUST_5526,Bangalore South,12-3,Wednesday,9.47,2,1
CUST_5527,Bangalore Central,3-5,Wednesday,8.1,1,1
CUST_5528,Bangalore Central,12-3,Friday,5.21,2,1
CUST_5529,Bangalore North,10-12,Friday,3.7,1,1
CUST_5530,Bangalore North,3-5,Thursday,2.14,3,1
CUST_5531,Bangalore North,3-5,Wednesday,2.62,3,0
CUST_5532,Bangalore Central,12-3,Tuesday,1.57,1,1
CUST_5533,Bangalore South,3-5,Monday,14.25,2,1
CUST_5534,Bangalore Central,12-3,Thursday,8.12,2,1
CUST_5535,Bangalore North,10-12,Friday,12.12,2,0
CUST_5536,Bangalore Central,3-5,Wednesday,4.96,1,0
CUST_5537,Bangalore North,12-3,Tuesday,8.4,2,0
CUST_5538,Bangalore East,3-5,Tuesday,14.81,1,1
CUST_5539,Bangalore Central,12-3,Wednesday,13.56,2,0
CUST_5540,Bangalore Central,12-3,Tuesday,2.0,1,0
CUST_5541,Bangalore Central,3-5,Monday,1.1,2,1
CUST_5542,Bangalore South,10-12,Thursday,13.78,2,0
CUST_5543,Bangalore East,3-5,Thursday,4.91,2,0
CUST_5544,Bangalore Central,3-5,Tuesday,12.4,2,1
CUST_5545,Bangalore East,12-3,Thursday,14.65,3,0
CUST_5546,Bangalore East,12-3,Monday,1.39,2,1
CUST_5547,Bangalore East,3-5,Friday,4.98,2,0
CUST_5548,Bangalore North,12-3,Tuesday,12.0,1,1
CUST_5549,Bangalore East,10-12,Tuesday,11.43,2,0
CUST_5550,Bangalore South,12-3,Wednesday,7.16,1,0
CUST_5551,Bangalore North,3-5,Wednesday,6.93,3,0
CUST_5552,Bangalore North,3-5,Thursday,3.69,1,1
CUST_5553,Bangalore Central,12-3,Wednesday,13.29,2,0
CUST_5554,Bangalore Central,3-5,Wednesday,9.66,1,0
CUST_5555,Bangalore South,12-3,Wednesday,9.12,1,0
CUST_5556,Bangalore East,12-3,Wednesday,2.8,2,0
CUST_5557,Bangalore Central,10-12,Friday,2.88,2,0
CUST_5558,Bangalore Central,12-3,Wednesday,1.97,2,0
CUST_5559,Bangalore South,3-5,Tuesday,11.97,2,1
CUST_5560,Bangalore South,12-3,Thursday,3.39,2,0
CUST_5561,Bangalore East,3-5,Tuesday,3.43,1,1
CUST_5562,Bangalore North,10-12,Monday,10.71,3,0
CUST_5563,Bangalore South,3-5,Tuesday,4.88,2,0
CUST_5564,Bangalore Central,3-5,Monday,4.05,2,1
CUST_5565,Bangalore North,10-12,Monday,2.77,3,0
CUST_5566,Bangalore North,10-12,Friday,10.49,1,1
CUST_5567,Bangalore East,3-5,Monday,8.3,1,1
CUST_5568,Bangalore South,10-12,Wednesday,10.51,1,1
CUST_5569,Bangalore North,3-5,Thursday,12.03,2,0
CUST_5570,Bangalore East,10-12,Monday,3.91,2,1
CUST_5571,Bangalore Central,10-12,Friday,10.88,2,0
CUST_5572,Bangalore Central,10-12,Wednesday,13.78,3,1
CUST_5573,Bangalore South,3-5,Wednesday,5.01,1,0
CUST_5574,Bangalore East,3-5,Monday,8.78,2,1
CUST_5575,Bangalore Central,12-3,Friday,6.27,2,1
CUST_5576,Bangalore Central,10-12,Wednesday,14.55,2,1
CUST_5577,Bangalore Central,10-12,Wednesday,9.52,2,1
CUST_5578,Bangalore North,12-3,Thursday,9.92,2,0
CUST_5579,Bangalore North,12-3,Friday,4.98,2,1
CUST_5580,Bangalore South,3-5,Tuesday,13.56,1,1
CUST_5581,Bangalore Central,12-3,Tuesday,9.78,1,0
CUST_5582,Bangalore East,10-12,Friday,11.28,2,1
CUST_5583,Bangalore North,10-12,Tuesday,1.26,2,0
CUST_5584,Bangalore Central,3-5,Friday,6.42,1,1
CUST_5585,Bangalore North,10-12,Monday,8.3,1,0
CUST_5586,Bangalore South,10-12,Tuesday,11.88,2,0
CUST_5587,Bangalore South,12-3,Friday,10.62,2,0
CUST_5588,Bangalore North,3-5,Monday,5.31,2,0
CUST_5589,Bangalore East,10-12,Tuesday,13.96,1,1
CUST_5590,Bangalore East,10-12,Friday,5.32,2,0
CUST_5591,Bangalore South,3-5,Thursday,5.28,1,1
CUST_5592,Bangalore South,10-12,Friday,12.38,2,0
CUST_5593,Bangalore Central,12-3,Tuesday,4.95,2,0
CUST_5594,Bangalore Central,12-3,Thursday,8.56,2,0
CUST_5595,Bangalore Central,3-5,Wednesday,14.26,1,0
CUST_5596,Bangalore East,12-3,Tuesday,11.3,1,1
CUST_5597,Bangalore South,12-3,Thursday,7.4,3,1
CUST_5598,Bangalore East,3-5,Tuesday,7.65,1,0
CUST_5599,Bangalore South,12-3,Friday,10.55,1,0
CUST_5600,Bangalore South,3-5,Wednesday,2.33,3,0
CUST_5601,Bangalore East,3-5,Wednesday,13.6,2,0
CUST_5602,Bangalore Central,10-12,Tuesday,11.28,1,1
CUST_5603,Bangalore North,3-5,Monday,13.37,3,1
CUST_5604,Bangalore Central,3-5,Wednesday,7.28,1,1
CUST_5605,Bangalore Central,12-3,Wednesday,10.26,1,0
CUST_5606,Bangalore South,10-12,Monday,14.72,2,1
CUST_5607,Bangalore North,3-5,Tuesday,4.31,2,0
CUST_5608,Bangalore Central,3-5,Thursday,7.18,2,1
CUST_5609,Bangalore Central,12-3,Tuesday,4.66,2,1
CUST_5610,Bangalore Central,12-3,Thursday,9.01,3,0
CUST_5611,Bangalore North,3-5,Tuesday,12.55,1,0
CUST_5612,Bangalore East,3-5,Monday,3.21,1,1
CUST_5613,Bangalore North,12-3,Wednesday,4.04,2,1
CUST_5614,Bangalore South,10-12,Friday,6.91,3,1
CUST_5615,Bangalore South,10-12,Monday,10.29,2,0
CUST_5616,Bangalore South,12-3,Wednesday,11.13,3,0
CUST_5617,Bangalore South,12-3,Wednesday,10.09,2,1
CUST_5618,Bangalore North,10-12,Thursday,4.11,3,1
CUST_5619,Bangalore North,3-5,Friday,6.57,3,0
CUST_5620,Bangalore North,12-3,Friday,6.15,2,1
CUST_5621,Bangalore Central,12-3,Thursday,4.36,1,1
CUST_5622,Bangalore East,12-3,Monday,9.93,1,0
CUST_5623,Bangalore East,10-12,Friday,6.51,2,0
CUST_5624,Bangalore Central,10-12,Friday,3.75,3,0
CUST_5625,Bangalore East,3-5,Friday,4.98,1,1
CUST_5626,Bangalore South,3-5,Tuesday,1.27,2,1
CUST_5627,Bangalore North,12-3,Friday,3.93,2,0
CUST_5628,Bangalore South,12-3,Monday,6.39,3,1
CUST_5629,Bangalore South,10-12,Tuesday,3.68,1,1
CUST_5630,Bangalore East,12-3,Thursday,7.29,1,0
CUST_5631,Bangalore East,10-12,Thursday,12.74,2,1
CUST_5632,Bangalore Central,10-12,Monday,9.87,2,0
CUST_5633,Bangalore East,12-3,Tuesday,13.51,1,1
CUST_5634,Bangalore East,3-5,Tuesday,5.48,2,1
CUST_5635,Bangalore Central,3-5,Friday,6.25,3,1
CUST_5636,Bangalore East,12-3,Tuesday,1.13,2,1
CUST_5637,Bangalore Central,3-5,Wednesday,1.15,1,0
CUST_5638,Bangalore East,3-5,Tuesday,4.03,2,1
CUST_5639,Bangalore South,10-12,Tuesday,11.71,2,0
CUST_5640,Bangalore North,3-5,Thursday,2.74,2,1
CUST_5641,Bangalore Central,12-3,Monday,3.42,2,1
CUST_5642,Bangalore Central,3-5,Friday,13.57,2,0
CUST_5643,Bangalore North,10-12,Monday,10.54,1,1
CUST_5644,Bangalore North,10-12,Monday,6.71,2,0
CUST_5645,Bangalore South,3-5,Tuesday,7.2,1,0
CUST_5646,Bangalore South,3-5,Wednesday,5.32,1,0
CUST_5647,Bangalore North,10-12,Tuesday,2.47,2,1
CUST_5648,Bangalore North,12-3,Monday,8.18,3,0
CUST_5649,Bangalore North,10-12,Wednesday,4.41,2,0
CUST_5650,Bangalore East,12-3,Monday,7.6,3,1
CUST_5651,Bangalore North,10-12,Monday,5.61,2,1
CUST_5652,Bangalore North,10-12,Tuesday,2.92,2,1
CUST_5653,Bangalore East,12-3,Tuesday,3.79,2,1
CUST_5654,Bangalore East,12-3,Thursday,7.71,1,0
CUST_5655,Bangalore East,12-3,Thursday,1.49,2,1
CUST_5656,Bangalore Central,3-5,Tuesday,4.41,2,0
CUST_5657,Bangalore North,10-12,Thursday,6.69,2,1
CUST_5658,Bangalore North,3-5,Tuesday,10.57,3,0
CUST_5659,Bangalore East,3-5,Friday,13.64,2,1
CUST_5660,Bangalore North,10-12,Wednesday,10.88,2,0
CUST_5661,Bangalore Central,12-3,Tuesday,6.6,1,1
CUST_5662,Bangalore Central,3-5,Thursday,6.5,2,1
CUST_5663,Bangalore South,12-3,Monday,12.7,1,0
CUST_5664,Bangalore East,12-3,Thursday,2.86,1,0
CUST_5665,Bangalore North,10-12,Thursday,6.72,2,1
CUST_5666,Bangalore Central,3-5,Friday,1.07,2,0
CUST_5667,Bangalore East,3-5,Tuesday,14.68,2,0
CUST_5668,Bangalore North,3-5,Thursday,9.27,3,0
CUST_5669,Bangalore Central,3-5,Friday,2.01,2,1
CUST_5670,Bangalore North,12-3,Tuesday,6.45,3,0
CUST_5671,Bangalore East,12-3,Tuesday,7.72,2,1
CUST_5672,Bangalore East,10-12,Tuesday,13.83,1,0
CUST_5673,Bangalore South,3-5,Tuesday,10.67,2,0
CUST_5674,Bangalore East,10-12,Monday,11.16,1,1
CUST_5675,Bangalore North,3-5,Tuesday,2.67,2,0
CUST_5676,Bangalore North,3-5,Thursday,14.72,2,0
CUST_5677,Bangalore South,10-12,Tuesday,7.51,3,1
CUST_5678,Bangalore North,10-12,Monday,10.39,2,1
CUST_5679,Bangalore South,12-3,Thursday,1.9,3,0
CUST_5680,Bangalore East,3-5,Monday,13.35,1,0
CUST_5681,Bangalore East,3-5,Thursday,11.66,2,0
CUST_5682,Bangalore East,10-12,Monday,10.97,2,1
CUST_5683,Bangalore North,3-5,Thursday,6.51,3,1
CUST_5684,Bangalore East,10-12,Wednesday,3.63,1,0
CUST_5685,Bangalore East,10-12,Tuesday,4.89,2,0
CUST_5686,Bangalore Central,3-5,Wednesday,7.79,3,0
CUST_5687,Bangalore East,12-3,Friday,5.03,3,1
CUST_5688,Bangalore South,3-5,Wednesday,12.06,1,0
CUST_5689,Bangalore East,12-3,Wednesday,3.22,2,0
CUST_5690,Bangalore East,3-5,Monday,14.01,2,1
CUST_5691,Bangalore South,12-3,Thursday,12.99,3,0
CUST_5692,Bangalore North,12-3,Friday,7.53,1,1
CUST_5693,Bangalore East,3-5,Friday,13.49,2,0
CUST_5694,Bangalore North,12-3,Wednesday,2.69,2,1
CUST_5695,Bangalore South,3-5,Wednesday,5.17,2,1
CUST_5696,Bangalore Central,12-3,Monday,1.29,1,0
CUST_5697,Bangalore Central,10-12,Tuesday,6.72,2,0
CUST_5698,Bangalore North,12-3,Friday,3.3,3,1
CUST_5699,Bangalore North,3-5,Friday,3.42,1,1
CUST_5700,Bangalore Central,10-12,Thursday,3.71,3,1
CUST_5701,Bangalore Central,12-3,Monday,10.66,1,1
CUST_5702,Bangalore Central,12-3,Friday,12.75,1,1
CUST_5703,Bangalore Central,12-3,Wednesday,11.53,1,0
CUST_5704,Bangalore South,10-12,Tuesday,1.05,2,1
CUST_5705,Bangalore North,12-3,Tuesday,9.61,1,0
CUST_5706,Bangalore East,3-5,Monday,7.29,2,1
CUST_5707,Bangalore Central,10-12,Tuesday,8.31,1,0
CUST_5708,Bangalore South,10-12,Tuesday,14.45,2,0
CUST_5709,Bangalore North,12-3,Friday,10.4,2,0
CUST_5710,Bangalore East,10-12,Thursday,12.57,3,1
CUST_5711,Bangalore South,10-12,Tuesday,11.75,2,0
CUST_5712,Bangalore South,12-3,Friday,11.74,2,1
CUST_5713,Bangalore East,3-5,Thursday,9.55,2,1
CUST_5714,Bangalore East,3-5,Tuesday,4.66,2,1
CUST_5715,Bangalore North,10-12,Monday,3.54,2,0
CUST_5716,Bangalore Central,12-3,Tuesday,3.15,2,1
CUST_5717,Bangalore North,10-12,Monday,9.52,1,0
CUST_5718,Bangalore East,3-5,Thursday,8.0,1,1
CUST_5719,Bangalore South,10-12,Wednesday,12.66,2,0
CUST_5720,Bangalore North,12-3,Friday,11.86,1,1
CUST_5721,Bangalore North,3-5,Wednesday,9.44,1,1
CUST_5722,Bangalore South,12-3,Monday,10.77,2,1
CUST_5723,Bangalore Central,3-5,Monday,9.06,2,1
CUST_5724,Bangalore South,10-12,Friday,6.67,3,1
CUST_5725,Bangalore North,12-3,Friday,4.2,1,1
CUST_5726,Bangalore North,12-3,Tuesday,6.06,2,0
CUST_5727,Bangalore East,10-12,Wednesday,11.62,1,0
CUST_5728,Bangalore North,12-3,Monday,3.03,2,1
CUST_5729,Bangalore North,10-12,Tuesday,10.52,2,0
CUST_5730,Bangalore South,10-12,Thursday,11.89,1,1
CUST_5731,Bangalore Central,12-3,Thursday,4.21,2,1
CUST_5732,Bangalore East,3-5,Monday,7.9,1,0
CUST_5733,Bangalore North,10-12,Tuesday,2.64,2,0
CUST_5734,Bangalore Central,12-3,Friday,12.74,1,1
CUST_5735,Bangalore Central,12-3,Tuesday,14.16,2,0
CUST_5736,Bangalore North,3-5,Thursday,12.35,1,0
CUST_5737,Bangalore South,10-12,Friday,11.74,2,1
CUST_5738,Bangalore South,12-3,Thursday,5.35,2,0
CUST_5739,Bangalore Central,12-3,Monday,8.31,2,0
CUST_5740,Bangalore North,3-5,Tuesday,11.58,3,1
CUST_5741,Bangalore East,12-3,Wednesday,8.54,2,1
CUST_5742,Bangalore Central,12-3,Tuesday,5.32,3,0
CUST_5743,Bangalore North,10-12,Friday,8.21,2,0
CUST_5744,Bangalore East,3-5,Tuesday,1.99,3,0
CUST_5745,Bangalore Central,3-5,Monday,9.58,2,0
CUST_5746,Bangalore North,10-12,Friday,7.85,3,1
CUST_5747,Bangalore East,3-5,Monday,1.28,3,0
CUST_5748,Bangalore East,10-12,Tuesday,2.77,2,1
CUST_5749,Bangalore North,12-3,Tuesday,11.12,1,0
CUST_5750,Bangalore Central,10-12,Wednesday,4.05,2,1
CUST_5751,Bangalore North,3-5,Tuesday,14.55,3,0
CUST_5752,Bangalore East,3-5,Friday,13.21,2,0
CUST_5753,Bangalore North,12-3,Thursday,8.36,1,1
CUST_5754,Bangalore Central,3-5,Monday,3.78,2,0
CUST_5755,Bangalore South,10-12,Monday,1.86,2,1
CUST_5756,Bangalore East,3-5,Wednesday,7.23,3,0
CUST_5757,Bangalore East,3-5,Monday,2.9,2,0
CUST_5758,Bangalore Central,12-3,Friday,8.99,3,1
CUST_5759,Bangalore South,10-12,Monday,7.33,2,1
CUST_5760,Bangalore South,10-12,Tuesday,9.18,2,1
CUST_5761,Bangalore Central,10-12,Tuesday,8.99,2,0
CUST_5762,Bangalore Central,10-12,Thursday,2.9,2,1
CUST_5763,Bangalore East,12-3,Monday,8.7,2,0
CUST_5764,Bangalore North,12-3,Wednesday,8.6,2,1
CUST_5765,Bangalore North,12-3,Monday,12.27,2,0
CUST_5766,Bangalore South,3-5,Thursday,3.24,3,1
CUST_5767,Bangalore North,3-5,Friday,7.63,2,1
CUST_5768,Bangalore East,12-3,Friday,12.11,2,1
CUST_5769,Bangalore North,12-3,Friday,12.26,1,1
CUST_5770,Bangalore Central,3-5,Wednesday,11.07,3,1
CUST_5771,Bangalore South,10-12,Wednesday,6.34,3,0
CUST_5772,Bangalore Central,10-12,Friday,4.5,2,1
CUST_5773,Bangalore East,12-3,Friday,4.95,3,1
CUST_5774,Bangalore North,10-12,Monday,7.25,2,0
CUST_5775,Bangalore South,12-3,Friday,10.55,2,0
CUST_5776,Bangalore South,10-12,Tuesday,3.2,2,0
CUST_5777,Bangalore South,12-3,Monday,8.94,1,1
CUST_5778,Bangalore East,10-12,Friday,3.29,3,1
CUST_5779,Bangalore East,10-12,Wednesday,5.67,1,0
CUST_5780,Bangalore Central,10-12,Monday,10.13,3,0
CUST_5781,Bangalore East,12-3,Wednesday,6.43,3,0
CUST_5782,Bangalore Central,10-12,Thursday,8.78,3,0
CUST_5783,Bangalore South,12-3,Wednesday,9.49,3,0
CUST_5784,Bangalore Central,10-12,Monday,12.25,3,1
CUST_5785,Bangalore North,10-12,Monday,3.02,1,1
CUST_5786,Bangalore South,10-12,Thursday,1.77,2,1
CUST_5787,Bangalore North,12-3,Tuesday,6.44,3,1
CUST_5788,Bangalore Central,12-3,Tuesday,7.0,3,0
CUST_5789,Bangalore North,12-3,Friday,12.35,2,1
CUST_5790,Bangalore North,3-5,Thursday,4.87,2,1
CUST_5791,Bangalore South,3-5,Friday,12.6,2,0
CUST_5792,Bangalore Central,10-12,Tuesday,1.37,3,0
CUST_5793,Bangalore South,12-3,Thursday,6.31,3,1
CUST_5794,Bangalore Central,10-12,Monday,5.67,2,0
CUST_5795,Bangalore Central,10-12,Monday,1.73,1,1
CUST_5796,Bangalore North,3-5,Friday,10.74,3,1
CUST_5797,Bangalore Central,3-5,Friday,7.22,1,0
CUST_5798,Bangalore South,10-12,Monday,3.19,2,0
CUST_5799,Bangalore North,3-5,Thursday,4.41,1,1
CUST_5800,Bangalore North,10-12,Friday,10.64,2,1
CUST_5801,Bangalore South,12-3,Friday,1.02,1,1
CUST_5802,Bangalore East,3-5,Monday,2.1,2,0
CUST_5803,Bangalore North,10-12,Tuesday,14.75,2,1
CUST_5804,Bangalore South,12-3,Thursday,8.79,1,0
CUST_5805,Bangalore East,12-3,Friday,7.32,2,0
CUST_5806,Bangalore Central,10-12,Monday,14.63,1,1
CUST_5807,Bangalore North,10-12,Wednesday,3.48,3,0
CUST_5808,Bangalore Central,3-5,Tuesday,5.42,1,1
CUST_5809,Bangalore North,10-12,Friday,7.38,1,0
CUST_5810,Bangalore Central,3-5,Friday,3.01,1,1
CUST_5811,Bangalore North,10-12,Thursday,6.48,2,0
CUST_5812,Bangalore South,3-5,Monday,13.58,3,0
CUST_5813,Bangalore East,3-5,Monday,4.62,2,1
CUST_5814,Bangalore East,3-5,Thursday,10.72,2,1
CUST_5815,Bangalore South,10-12,Thursday,4.61,1,1
CUST_5816,Bangalore South,10-12,Tuesday,9.56,2,0
CUST_5817,Bangalore South,10-12,Thursday,2.35,1,1
CUST_5818,Bangalore South,12-3,Tuesday,7.38,2,1
CUST_5819,Bangalore Central,3-5,Wednesday,6.01,3,1
CUST_5820,Bangalore Central,10-12,Friday,6.14,2,1
CUST_5821,Bangalore Central,10-12,Friday,2.05,1,1
CUST_5822,Bangalore East,3-5,Wednesday,8.97,2,1
CUST_5823,Bangalore North,3-5,Thursday,3.9,2,1
CUST_5824,Bangalore East,10-12,Thursday,4.98,2,0
CUST_5825,Bangalore East,10-12,Friday,4.15,3,0
CUST_5826,Bangalore South,10-12,Tuesday,7.2,2,1
CUST_5827,Bangalore East,10-12,Monday,9.7,2,0
CUST_5828,Bangalore Central,12-3,Tuesday,10.4,1,1
CUST_5829,Bangalore East,12-3,Tuesday,14.45,2,0
CUST_5830,Bangalore South,12-3,Monday,6.4,2,1
CUST_5831,Bangalore Central,3-5,Thursday,7.91,2,1
CUST_5832,Bangalore South,10-12,Thursday,2.06,2,0
CUST_5833,Bangalore North,3-5,Friday,3.54,2,1
CUST_5834,Bangalore Central,12-3,Tuesday,9.54,3,0
CUST_5835,Bangalore North,10-12,Thursday,2.83,2,1
CUST_5836,Bangalore North,3-5,Tuesday,2.71,3,0
CUST_5837,Bangalore East,10-12,Tuesday,8.55,3,1
CUST_5838,Bangalore North,3-5,Tuesday,14.7,3,0
CUST_5839,Bangalore North,3-5,Friday,10.75,2,1
CUST_5840,Bangalore Central,10-12,Tuesday,9.0,1,1
CUST_5841,Bangalore Central,3-5,Tuesday,7.29,1,0
CUST_5842,Bangalore Central,10-12,Thursday,4.44,1,1
CUST_5843,Bangalore Central,10-12,Thursday,10.59,2,1
CUST_5844,Bangalore North,10-12,Monday,5.43,1,0
CUST_5845,Bangalore Central,12-3,Wednesday,9.65,2,0
CUST_5846,Bangalore Central,12-3,Monday,2.41,2,1
CUST_5847,Bangalore South,10-12,Friday,9.02,3,0
CUST_5848,Bangalore North,3-5,Wednesday,10.08,2,1
CUST_5849,Bangalore North,3-5,Thursday,13.02,2,0
CUST_5850,Bangalore South,3-5,Monday,9.51,2,1
CUST_5851,Bangalore Central,3-5,Friday,14.14,1,1
CUST_5852,Bangalore Central,12-3,Wednesday,14.3,2,0
CUST_5853,Bangalore North,12-3,Monday,10.62,3,0
CUST_5854,Bangalore South,10-12,Friday,8.35,2,0
CUST_5855,Bangalore South,3-5,Wednesday,6.8,2,0
CUST_5856,Bangalore North,10-12,Monday,2.21,2,1
CUST_5857,Bangalore Central,3-5,Tuesday,8.05,1,0
CUST_5858,Bangalore South,3-5,Monday,1.01,3,0
CUST_5859,Bangalore South,10-12,Friday,14.57,2,0
CUST_5860,Bangalore Central,10-12,Monday,10.43,3,0
CUST_5861,Bangalore East,3-5,Wednesday,11.21,3,1
CUST_5862,Bangalore South,12-3,Tuesday,1.09,2,1
CUST_5863,Bangalore South,12-3,Tuesday,14.84,2,1
CUST_5864,Bangalore Central,10-12,Thursday,10.41,1,1
CUST_5865,Bangalore Central,10-12,Wednesday,12.17,1,1
CUST_5866,Bangalore East,12-3,Thursday,7.25,2,0
CUST_5867,Bangalore South,3-5,Tuesday,7.79,2,0
CUST_5868,Bangalore East,3-5,Friday,3.3,2,1
CUST_5869,Bangalore North,3-5,Friday,12.64,2,0
CUST_5870,Bangalore East,3-5,Wednesday,8.91,1,1
CUST_5871,Bangalore North,10-12,Wednesday,7.23,3,1
CUST_5872,Bangalore North,3-5,Tuesday,14.14,2,1
CUST_5873,Bangalore North,12-3,Tuesday,8.46,1,0
CUST_5874,Bangalore South,3-5,Tuesday,3.98,3,1
CUST_5875,Bangalore Central,3-5,Tuesday,4.95,1,1
CUST_5876,Bangalore South,12-3,Friday,5.98,3,1
CUST_5877,Bangalore East,3-5,Tuesday,11.41,1,0
CUST_5878,Bangalore East,3-5,Thursday,10.59,1,1
CUST_5879,Bangalore Central,10-12,Tuesday,14.04,2,0
CUST_5880,Bangalore North,3-5,Thursday,9.13,3,0
CUST_5881,Bangalore East,3-5,Tuesday,11.93,2,0
CUST_5882,Bangalore Central,3-5,Thursday,3.78,2,1
CUST_5883,Bangalore South,10-12,Wednesday,9.88,3,1
CUST_5884,Bangalore East,12-3,Wednesday,13.97,1,1
CUST_5885,Bangalore Central,10-12,Wednesday,2.96,2,0
CUST_5886,Bangalore East,12-3,Tuesday,4.35,2,1
CUST_5887,Bangalore East,3-5,Thursday,13.14,3,0
CUST_5888,Bangalore North,10-12,Thursday,4.75,2,1
CUST_5889,Bangalore South,3-5,Tuesday,14.57,2,0
CUST_5890,Bangalore North,12-3,Monday,3.64,1,0
CUST_5891,Bangalore East,3-5,Wednesday,7.47,1,1
CUST_5892,Bangalore East,10-12,Monday,8.83,2,0
CUST_5893,Bangalore South,12-3,Tuesday,7.7,2,0
CUST_5894,Bangalore Central,10-12,Thursday,8.3,1,1
CUST_5895,Bangalore East,12-3,Friday,3.36,1,1
CUST_5896,Bangalore South,10-12,Friday,3.95,2,0
CUST_5897,Bangalore North,10-12,Thursday,9.69,2,1
CUST_5898,Bangalore South,10-12,Friday,8.97,2,1
CUST_5899,Bangalore East,12-3,Thursday,1.19,2,0
CUST_5900,Bangalore North,10-12,Wednesday,6.23,2,1
CUST_5901,Bangalore Central,12-3,Thursday,4.8,2,1
CUST_5902,Bangalore East,3-5,Tuesday,10.53,1,1
CUST_5903,Bangalore East,12-3,Thursday,9.5,3,0
CUST_5904,Bangalore East,3-5,Wednesday,13.74,2,1
CUST_5905,Bangalore East,12-3,Wednesday,5.62,2,1
CUST_5906,Bangalore Central,12-3,Tuesday,10.5,1,0
CUST_5907,Bangalore North,10-12,Friday,10.93,1,0
CUST_5908,Bangalore East,10-12,Wednesday,5.99,2,0
CUST_5909,Bangalore South,3-5,Tuesday,12.03,1,0
CUST_5910,Bangalore Central,12-3,Monday,10.17,2,0
CUST_5911,Bangalore South,10-12,Monday,4.15,2,1
CUST_5912,Bangalore North,3-5,Tuesday,8.39,2,0
CUST_5913,Bangalore Central,3-5,Friday,8.11,2,0
CUST_5914,Bangalore East,12-3,Tuesday,4.17,1,1
CUST_5915,Bangalore East,3-5,Wednesday,11.63,2,0
CUST_5916,Bangalore South,10-12,Wednesday,9.88,1,0
CUST_5917,Bangalore North,3-5,Tuesday,10.96,3,0
CUST_5918,Bangalore North,10-12,Monday,3.51,2,1
CUST_5919,Bangalore North,10-12,Thursday,10.92,1,1
CUST_5920,Bangalore East,10-12,Tuesday,2.62,2,0
CUST_5921,Bangalore East,3-5,Thursday,12.76,1,0
CUST_5922,Bangalore North,12-3,Wednesday,2.5,2,0
CUST_5923,Bangalore Central,3-5,Tuesday,10.54,1,1
CUST_5924,Bangalore East,12-3,Thursday,9.59,3,0
CUST_5925,Bangalore North,12-3,Monday,13.45,2,1
CUST_5926,Bangalore East,10-12,Monday,3.79,1,0
CUST_5927,Bangalore North,3-5,Friday,6.48,1,0
CUST_5928,Bangalore East,3-5,Tuesday,11.78,1,0
CUST_5929,Bangalore North,3-5,Tuesday,7.07,3,0
CUST_5930,Bangalore East,10-12,Tuesday,2.14,3,1
CUST_5931,Bangalore East,12-3,Wednesday,7.4,3,1
CUST_5932,Bangalore South,12-3,Wednesday,10.14,3,0
CUST_5933,Bangalore Central,12-3,Thursday,9.41,3,0
CUST_5934,Bangalore Central,10-12,Wednesday,2.32,1,1
CUST_5935,Bangalore East,3-5,Friday,7.58,2,0
CUST_5936,Bangalore East,12-3,Tuesday,14.17,3,0
CUST_5937,Bangalore North,3-5,Thursday,8.72,2,0
CUST_5938,Bangalore East,3-5,Thursday,9.0,2,0
CUST_5939,Bangalore South,10-12,Friday,7.3,2,1
CUST_5940,Bangalore East,3-5,Wednesday,12.26,2,0
CUST_5941,Bangalore South,3-5,Monday,4.94,3,1
CUST_5942,Bangalore North,10-12,Wednesday,5.16,1,1
CUST_5943,Bangalore East,12-3,Monday,8.65,2,0
CUST_5944,Bangalore East,12-3,Thursday,7.73,3,1
CUST_5945,Bangalore North,12-3,Wednesday,9.45,1,1
CUST_5946,Bangalore East,12-3,Thursday,8.6,3,1
CUST_5947,Bangalore East,12-3,Friday,14.84,3,1
CUST_5948,Bangalore East,10-12,Friday,8.76,1,0
CUST_5949,Bangalore East,3-5,Thursday,6.38,1,0
CUST_5950,Bangalore East,10-12,Wednesday,9.06,2,1
CUST_5951,Bangalore South,3-5,Monday,8.6,2,0
CUST_5952,Bangalore North,3-5,Tuesday,13.41,3,0
CUST_5953,Bangalore East,3-5,Friday,5.12,1,1
CUST_5954,Bangalore Central,3-5,Friday,9.9,2,0
CUST_5955,Bangalore North,10-12,Wednesday,8.68,1,0
CUST_5956,Bangalore East,10-12,Thursday,11.48,1,0
CUST_5957,Bangalore East,10-12,Thursday,11.65,2,0
CUST_5958,Bangalore South,3-5,Monday,3.95,2,1
CUST_5959,Bangalore East,10-12,Tuesday,3.69,3,0
CUST_5960,Bangalore Central,3-5,Thursday,13.76,2,1
CUST_5961,Bangalore Central,12-3,Monday,12.88,3,1
CUST_5962,Bangalore South,12-3,Monday,13.19,2,0
CUST_5963,Bangalore East,12-3,Thursday,2.97,2,1
CUST_5964,Bangalore Central,12-3,Friday,11.01,1,0
CUST_5965,Bangalore East,12-3,Thursday,9.14,2,0
CUST_5966,Bangalore North,12-3,Tuesday,10.16,3,0
CUST_5967,Bangalore East,10-12,Thursday,12.97,2,1
CUST_5968,Bangalore East,12-3,Thursday,2.47,2,1
CUST_5969,Bangalore East,10-12,Friday,8.91,3,1
CUST_5970,Bangalore East,10-12,Tuesday,3.58,2,1
CUST_5971,Bangalore South,3-5,Tuesday,8.48,2,1
CUST_5972,Bangalore North,3-5,Monday,2.49,1,1
CUST_5973,Bangalore Central,3-5,Tuesday,14.07,3,1
CUST_5974,Bangalore South,12-3,Wednesday,8.59,1,0
CUST_5975,Bangalore South,10-12,Friday,4.29,2,0
CUST_5976,Bangalore Central,10-12,Friday,3.16,2,0
CUST_5977,Bangalore East,10-12,Monday,7.74,2,0
CUST_5978,Bangalore North,12-3,Tuesday,9.55,2,1
CUST_5979,Bangalore South,10-12,Monday,3.47,2,1
CUST_5980,Bangalore Central,10-12,Wednesday,10.38,2,1
CUST_5981,Bangalore Central,10-12,Tuesday,13.84,3,1
CUST_5982,Bangalore North,12-3,Wednesday,2.56,2,0
CUST_5983,Bangalore South,12-3,Tuesday,11.7,3,1
CUST_5984,Bangalore Central,10-12,Wednesday,6.7,2,1
CUST_5985,Bangalore East,3-5,Monday,4.67,2,0
CUST_5986,Bangalore South,12-3,Friday,4.44,2,0
CUST_5987,Bangalore North,12-3,Thursday,4.43,2,0
CUST_5988,Bangalore North,12-3,Friday,10.6,1,0
CUST_5989,Bangalore South,10-12,Friday,4.81,3,1
CUST_5990,Bangalore South,3-5,Monday,12.09,2,0
CUST_5991,Bangalore East,10-12,Friday,3.25,2,1
CUST_5992,Bangalore Central,12-3,Friday,5.45,2,0
CUST_5993,Bangalore North,10-12,Monday,13.48,2,0
CUST_5994,Bangalore South,10-12,Thursday,5.93,3,0
CUST_5995,Bangalore East,10-12,Wednesday,2.06,3,1
CUST_5996,Bangalore East,12-3,Wednesday,1.62,3,1
CUST_5997,Bangalore East,3-5,Monday,2.32,1,1
CUST_5998,Bangalore South,12-3,Tuesday,9.21,1,1
CUST_5999,Bangalore Central,3-5,Friday,9.58,2,0
CUST_6000,Bangalore East,10-12,Wednesday,8.09,2,1
CUST_6001,Bangalore Central,10-12,Tuesday,9.34,3,1
CUST_6002,Bangalore Central,3-5,Monday,2.1,2,0
CUST_6003,Bangalore South,12-3,Monday,1.41,2,1
CUST_6004,Bangalore South,3-5,Monday,14.28,2,1
CUST_6005,Bangalore South,3-5,Wednesday,8.46,3,1
CUST_6006,Bangalore North,3-5,Monday,7.11,2,0
CUST_6007,Bangalore Central,3-5,Wednesday,10.23,1,0
CUST_6008,Bangalore East,12-3,Tuesday,3.49,2,0
CUST_6009,Bangalore East,3-5,Wednesday,6.19,1,0
CUST_6010,Bangalore South,12-3,Friday,11.04,1,1
CUST_6011,Bangalore Central,12-3,Wednesday,5.02,1,1
CUST_6012,Bangalore Central,3-5,Thursday,7.15,3,0
CUST_6013,Bangalore South,10-12,Monday,6.52,2,0
CUST_6014,Bangalore Central,3-5,Thursday,4.27,2,1
CUST_6015,Bangalore South,10-12,Thursday,14.95,2,0
CUST_6016,Bangalore Central,10-12,Wednesday,9.63,1,0
CUST_6017,Bangalore East,3-5,Tuesday,2.26,1,1
CUST_6018,Bangalore South,3-5,Friday,2.81,2,1
CUST_6019,Bangalore Central,3-5,Wednesday,7.05,3,1
CUST_6020,Bangalore East,12-3,Thursday,13.48,2,0
CUST_6021,Bangalore East,10-12,Thursday,3.12,2,0
CUST_6022,Bangalore North,10-12,Friday,7.4,3,0
CUST_6023,Bangalore Central,12-3,Friday,12.55,2,0
CUST_6024,Bangalore Central,3-5,Monday,3.21,2,0
CUST_6025,Bangalore North,12-3,Monday,4.9,1,0
CUST_6026,Bangalore East,12-3,Wednesday,1.68,1,0
CUST_6027,Bangalore Central,10-12,Thursday,11.44,2,1
CUST_6028,Bangalore East,10-12,Wednesday,5.25,2,1
CUST_6029,Bangalore Central,3-5,Monday,6.86,1,1
CUST_6030,Bangalore North,12-3,Tuesday,3.89,2,1
CUST_6031,Bangalore East,3-5,Tuesday,7.12,3,1
CUST_6032,Bangalore North,3-5,Thursday,6.6,2,0
CUST_6033,Bangalore North,3-5,Tuesday,5.43,3,0
CUST_6034,Bangalore Central,3-5,Wednesday,12.56,2,0
CUST_6035,Bangalore South,10-12,Thursday,8.58,2,1
CUST_6036,Bangalore East,12-3,Tuesday,9.87,1,0
CUST_6037,Bangalore North,12-3,Monday,14.86,2,0
CUST_6038,Bangalore North,3-5,Monday,11.1,3,1
CUST_6039,Bangalore Central,12-3,Wednesday,3.2,3,1
CUST_6040,Bangalore East,3-5,Wednesday,4.46,1,0
CUST_6041,Bangalore Central,3-5,Friday,9.77,1,1
CUST_6042,Bangalore East,10-12,Wednesday,12.86,1,0
CUST_6043,Bangalore East,10-12,Tuesday,9.86,2,1
CUST_6044,Bangalore South,12-3,Tuesday,2.93,2,0
CUST_6045,Bangalore Central,12-3,Friday,11.29,2,1
CUST_6046,Bangalore South,3-5,Thursday,7.64,3,1
CUST_6047,Bangalore Central,10-12,Tuesday,9.58,2,1
CUST_6048,Bangalore North,12-3,Thursday,9.52,2,1
CUST_6049,Bangalore Central,12-3,Thursday,4.84,2,0
CUST_6050,Bangalore East,10-12,Tuesday,6.36,3,0
CUST_6051,Bangalore North,3-5,Tuesday,8.86,1,0
CUST_6052,Bangalore South,3-5,Thursday,10.64,3,1
CUST_6053,Bangalore Central,12-3,Monday,12.67,2,1
CUST_6054,Bangalore East,10-12,Wednesday,4.82,2,0
CUST_6055,Bangalore Central,10-12,Tuesday,4.37,1,1
CUST_6056,Bangalore South,10-12,Monday,3.68,2,0
CUST_6057,Bangalore Central,12-3,Thursday,2.65,1,1
CUST_6058,Bangalore North,3-5,Tuesday,1.11,2,1
CUST_6059,Bangalore East,12-3,Monday,3.73,2,1
CUST_6060,Bangalore East,12-3,Tuesday,10.31,2,1
CUST_6061,Bangalore South,3-5,Tuesday,6.37,3,1
CUST_6062,Bangalore East,10-12,Wednesday,13.62,3,0
CUST_6063,Bangalore Central,12-3,Monday,14.23,2,0
CUST_6064,Bangalore East,12-3,Tuesday,1.74,2,0
CUST_6065,Bangalore South,3-5,Tuesday,5.68,3,0
CUST_6066,Bangalore East,10-12,Monday,2.68,2,1
CUST_6067,Bangalore South,10-12,Monday,11.69,2,0
CUST_6068,Bangalore North,3-5,Tuesday,3.33,3,0
CUST_6069,Bangalore North,10-12,Thursday,6.88,2,1
CUST_6070,Bangalore South,3-5,Monday,7.31,1,1
CUST_6071,Bangalore South,3-5,Monday,1.73,3,0
CUST_6072,Bangalore North,12-3,Friday,13.42,2,0
CUST_6073,Bangalore South,10-12,Tuesday,12.56,2,1
CUST_6074,Bangalore South,3-5,Tuesday,1.06,2,0
CUST_6075,Bangalore Central,3-5,Wednesday,1.46,2,0
CUST_6076,Bangalore East,12-3,Monday,6.78,2,1
CUST_6077,Bangalore North,10-12,Monday,14.77,1,1
CUST_6078,Bangalore South,12-3,Friday,3.29,1,1
CUST_6079,Bangalore South,10-12,Wednesday,14.05,1,0
CUST_6080,Bangalore South,3-5,Monday,11.46,1,1
CUST_6081,Bangalore Central,3-5,Friday,8.06,3,1
CUST_6082,Bangalore Central,10-12,Tuesday,2.87,1,1
CUST_6083,Bangalore North,10-12,Monday,9.32,2,1
CUST_6084,Bangalore East,12-3,Wednesday,11.8,2,0
CUST_6085,Bangalore Central,3-5,Friday,11.26,1,0
CUST_6086,Bangalore South,3-5,Tuesday,2.82,3,0
CUST_6087,Bangalore Central,10-12,Tuesday,5.11,3,0
CUST_6088,Bangalore East,12-3,Friday,2.19,2,1
CUST_6089,Bangalore East,12-3,Monday,1.56,2,0
CUST_6090,Bangalore North,10-12,Monday,4.89,2,0
CUST_6091,Bangalore Central,3-5,Tuesday,5.91,1,1
CUST_6092,Bangalore Central,12-3,Tuesday,7.59,1,1
CUST_6093,Bangalore South,12-3,Friday,3.78,1,0
CUST_6094,Bangalore South,12-3,Tuesday,12.86,2,1
CUST_6095,Bangalore South,10-12,Thursday,2.42,1,1
CUST_6096,Bangalore East,3-5,Wednesday,3.06,2,0
CUST_6097,Bangalore South,10-12,Tuesday,6.03,2,1
CUST_6098,Bangalore North,12-3,Thursday,4.95,2,0
CUST_6099,Bangalore East,12-3,Tuesday,9.26,2,0
CUST_6100,Bangalore East,3-5,Thursday,10.37,3,1
CUST_6101,Bangalore East,10-12,Monday,3.12,1,1
CUST_6102,Bangalore South,3-5,Friday,4.83,2,1
CUST_6103,Bangalore South,10-12,Wednesday,12.4,2,1
CUST_6104,Bangalore North,3-5,Wednesday,6.07,2,1
CUST_6105,Bangalore East,3-5,Tuesday,10.15,2,1
CUST_6106,Bangalore Central,12-3,Thursday,8.1,3,1
CUST_6107,Bangalore South,3-5,Monday,7.29,1,0
CUST_6108,Bangalore East,10-12,Friday,2.58,3,0
CUST_6109,Bangalore Central,10-12,Thursday,2.59,1,1
CUST_6110,Bangalore North,10-12,Wednesday,3.92,1,0
CUST_6111,Bangalore Central,12-3,Tuesday,3.24,2,1
CUST_6112,Bangalore Central,3-5,Thursday,1.38,2,1
CUST_6113,Bangalore East,3-5,Wednesday,5.94,1,0
CUST_6114,Bangalore South,12-3,Wednesday,7.21,2,0
CUST_6115,Bangalore South,10-12,Friday,14.81,1,0
CUST_6116,Bangalore North,10-12,Wednesday,14.28,2,1
CUST_6117,Bangalore East,3-5,Thursday,9.65,3,1
CUST_6118,Bangalore East,12-3,Thursday,4.83,1,0
CUST_6119,Bangalore North,10-12,Wednesday,12.75,3,1
CUST_6120,Bangalore North,10-12,Thursday,11.81,1,0
CUST_6121,Bangalore East,10-12,Monday,8.58,2,1
CUST_6122,Bangalore North,3-5,Monday,9.35,2,0
CUST_6123,Bangalore Central,12-3,Wednesday,1.39,3,1
CUST_6124,Bangalore East,10-12,Wednesday,3.13,2,1
CUST_6125,Bangalore South,12-3,Friday,13.86,1,0
CUST_6126,Bangalore South,12-3,Wednesday,5.91,1,1
CUST_6127,Bangalore North,10-12,Tuesday,1.22,3,0
CUST_6128,Bangalore East,3-5,Tuesday,4.0,1,0
CUST_6129,Bangalore South,12-3,Tuesday,7.26,2,1
CUST_6130,Bangalore Central,10-12,Wednesday,4.68,3,0
CUST_6131,Bangalore South,3-5,Thursday,11.34,2,1
CUST_6132,Bangalore North,10-12,Friday,4.09,3,0
CUST_6133,Bangalore East,3-5,Thursday,4.09,2,1
CUST_6134,Bangalore North,12-3,Friday,12.31,2,1
CUST_6135,Bangalore North,12-3,Monday,1.71,3,0
CUST_6136,Bangalore East,12-3,Friday,11.03,1,0
CUST_6137,Bangalore North,12-3,Thursday,8.01,3,0
CUST_6138,Bangalore South,3-5,Monday,12.68,1,1
CUST_6139,Bangalore East,10-12,Monday,1.92,2,0
CUST_6140,Bangalore East,10-12,Wednesday,6.61,1,1
CUST_6141,Bangalore South,10-12,Monday,10.27,1,1
CUST_6142,Bangalore East,3-5,Friday,2.6,1,0
CUST_6143,Bangalore Central,10-12,Tuesday,12.52,2,0
CUST_6144,Bangalore South,12-3,Friday,14.79,2,0
CUST_6145,Bangalore Central,12-3,Wednesday,3.02,3,1
CUST_6146,Bangalore East,3-5,Wednesday,5.29,3,1
CUST_6147,Bangalore South,10-12,Monday,8.71,3,1
CUST_6148,Bangalore South,12-3,Monday,14.46,2,1
CUST_6149,Bangalore South,10-12,Friday,9.4,1,0
CUST_6150,Bangalore South,3-5,Monday,10.86,2,0
CUST_6151,Bangalore South,3-5,Friday,9.9,3,1
CUST_6152,Bangalore Central,12-3,Wednesday,14.82,2,0
CUST_6153,Bangalore South,3-5,Monday,2.79,1,1
CUST_6154,Bangalore East,10-12,Wednesday,7.43,1,0
CUST_6155,Bangalore North,12-3,Friday,13.63,1,0
CUST_6156,Bangalore East,10-12,Friday,14.55,3,0
CUST_6157,Bangalore North,3-5,Monday,1.79,2,1
CUST_6158,Bangalore East,12-3,Monday,12.97,1,1
CUST_6159,Bangalore North,10-12,Friday,8.14,2,0
CUST_6160,Bangalore East,3-5,Friday,9.35,2,0
CUST_6161,Bangalore Central,10-12,Tuesday,11.84,2,0
CUST_6162,Bangalore South,10-12,Thursday,12.25,1,0
CUST_6163,Bangalore Central,12-3,Wednesday,2.22,1,1
CUST_6164,Bangalore East,12-3,Monday,8.39,3,0
CUST_6165,Bangalore Central,12-3,Friday,9.85,2,1
CUST_6166,Bangalore South,3-5,Monday,5.48,2,1
CUST_6167,Bangalore East,3-5,Thursday,7.87,2,1
CUST_6168,Bangalore Central,10-12,Monday,6.11,2,0
CUST_6169,Bangalore Central,12-3,Wednesday,7.71,3,1
CUST_6170,Bangalore North,12-3,Tuesday,2.46,2,1
CUST_6171,Bangalore North,3-5,Monday,13.6,1,1
CUST_6172,Bangalore South,12-3,Tuesday,5.12,2,1
CUST_6173,Bangalore North,12-3,Monday,3.39,3,0
CUST_6174,Bangalore North,12-3,Tuesday,10.68,2,1
CUST_6175,Bangalore East,12-3,Thursday,1.06,1,1
CUST_6176,Bangalore East,10-12,Wednesday,13.25,3,0
CUST_6177,Bangalore South,10-12,Wednesday,9.88,3,1
CUST_6178,Bangalore North,10-12,Monday,4.04,1,1
CUST_6179,Bangalore Central,3-5,Friday,6.54,1,1
CUST_6180,Bangalore North,12-3,Thursday,10.49,1,1
CUST_6181,Bangalore South,12-3,Friday,14.11,2,1
CUST_6182,Bangalore South,3-5,Tuesday,12.66,1,1
CUST_6183,Bangalore North,12-3,Thursday,2.46,2,1
CUST_6184,Bangalore South,12-3,Monday,6.47,3,0
CUST_6185,Bangalore South,3-5,Wednesday,8.26,2,1
CUST_6186,Bangalore East,10-12,Monday,1.98,3,1
CUST_6187,Bangalore South,3-5,Thursday,13.77,3,1
CUST_6188,Bangalore East,3-5,Tuesday,1.14,3,0
CUST_6189,Bangalore North,3-5,Thursday,1.63,2,1
CUST_6190,Bangalore South,12-3,Friday,6.38,3,0
CUST_6191,Bangalore Central,3-5,Friday,2.67,2,1
CUST_6192,Bangalore East,3-5,Tuesday,11.21,2,1
CUST_6193,Bangalore South,12-3,Thursday,9.92,1,1
CUST_6194,Bangalore East,10-12,Thursday,11.7,3,0
CUST_6195,Bangalore South,12-3,Monday,5.69,2,0
CUST_6196,Bangalore North,3-5,Tuesday,1.79,1,0
CUST_6197,Bangalore Central,12-3,Monday,3.75,3,1
CUST_6198,Bangalore Central,3-5,Monday,6.97,2,1
CUST_6199,Bangalore Central,3-5,Tuesday,3.58,3,1
CUST_6200,Bangalore Central,12-3,Wednesday,1.6,2,1
CUST_6201,Bangalore East,3-5,Wednesday,4.37,1,0
CUST_6202,Bangalore North,3-5,Monday,13.59,3,1
CUST_6203,Bangalore Central,12-3,Friday,4.32,3,0
CUST_6204,Bangalore East,3-5,Tuesday,12.24,3,0
CUST_6205,Bangalore Central,3-5,Tuesday,11.57,3,1
CUST_6206,Bangalore South,3-5,Friday,4.08,2,1
CUST_6207,Bangalore East,12-3,Thursday,14.19,1,1
CUST_6208,Bangalore North,12-3,Friday,12.13,2,1
CUST_6209,Bangalore Central,12-3,Tuesday,14.01,1,0
CUST_6210,Bangalore East,12-3,Wednesday,3.62,2,0
CUST_6211,Bangalore East,12-3,Tuesday,13.72,1,0
CUST_6212,Bangalore Central,10-12,Thursday,8.11,1,1
CUST_6213,Bangalore South,10-12,Monday,5.69,3,0
CUST_6214,Bangalore Central,3-5,Tuesday,5.61,2,0
CUST_6215,Bangalore East,10-12,Thursday,13.31,1,1
CUST_6216,Bangalore North,10-12,Monday,5.47,1,0
CUST_6217,Bangalore North,10-12,Friday,4.84,2,0
CUST_6218,Bangalore South,12-3,Thursday,13.42,2,1
CUST_6219,Bangalore North,10-12,Monday,8.85,2,1
CUST_6220,Bangalore South,3-5,Tuesday,13.23,2,0
CUST_6221,Bangalore East,10-12,Thursday,4.83,2,0
CUST_6222,Bangalore South,3-5,Tuesday,14.78,2,1
CUST_6223,Bangalore North,10-12,Thursday,13.51,2,1
CUST_6224,Bangalore North,12-3,Tuesday,5.41,2,0
CUST_6225,Bangalore South,10-12,Thursday,3.94,3,1
CUST_6226,Bangalore South,3-5,Wednesday,8.41,3,0
CUST_6227,Bangalore South,10-12,Tuesday,14.24,2,0
CUST_6228,Bangalore South,12-3,Monday,5.79,2,1
CUST_6229,Bangalore East,12-3,Friday,4.27,1,0
CUST_6230,Bangalore East,10-12,Friday,1.09,3,1
CUST_6231,Bangalore North,3-5,Tuesday,3.0,2,0
CUST_6232,Bangalore South,3-5,Tuesday,1.11,1,1
CUST_6233,Bangalore South,3-5,Tuesday,10.56,3,0
CUST_6234,Bangalore Central,10-12,Friday,5.12,1,1
CUST_6235,Bangalore East,12-3,Wednesday,2.77,2,0
CUST_6236,Bangalore South,10-12,Wednesday,13.73,2,1
CUST_6237,Bangalore Central,10-12,Tuesday,11.45,2,0
CUST_6238,Bangalore Central,10-12,Thursday,4.68,1,0
CUST_6239,Bangalore Central,12-3,Monday,11.96,1,0
CUST_6240,Bangalore East,3-5,Thursday,7.88,2,1
CUST_6241,Bangalore Central,10-12,Friday,9.25,1,0
CUST_6242,Bangalore South,10-12,Tuesday,12.18,3,0
CUST_6243,Bangalore Central,12-3,Tuesday,1.0,2,1
CUST_6244,Bangalore North,12-3,Thursday,12.1,3,0
CUST_6245,Bangalore East,3-5,Thursday,4.7,3,0
CUST_6246,Bangalore East,12-3,Monday,13.8,2,1
CUST_6247,Bangalore North,12-3,Friday,3.64,2,1
CUST_6248,Bangalore East,3-5,Monday,14.07,3,1
CUST_6249,Bangalore East,12-3,Wednesday,5.59,2,0
CUST_6250,Bangalore Central,10-12,Wednesday,10.3,2,0
CUST_6251,Bangalore Central,12-3,Thursday,11.97,3,1
CUST_6252,Bangalore North,12-3,Monday,7.24,2,1
CUST_6253,Bangalore Central,10-12,Monday,1.01,2,0
CUST_6254,Bangalore South,12-3,Monday,2.38,2,1
CUST_6255,Bangalore Central,3-5,Wednesday,11.1,1,0
CUST_6256,Bangalore North,3-5,Friday,4.31,3,1
CUST_6257,Bangalore North,3-5,Friday,2.55,3,1
CUST_6258,Bangalore East,12-3,Wednesday,14.07,2,0
CUST_6259,Bangalore South,3-5,Wednesday,2.07,1,1
CUST_6260,Bangalore Central,10-12,Tuesday,13.8,2,1
CUST_6261,Bangalore Central,12-3,Wednesday,12.51,2,1
CUST_6262,Bangalore South,3-5,Thursday,9.58,3,1
CUST_6263,Bangalore South,3-5,Tuesday,12.59,1,0
CUST_6264,Bangalore Central,12-3,Friday,14.67,3,0
CUST_6265,Bangalore East,3-5,Monday,6.62,3,0
CUST_6266,Bangalore South,3-5,Friday,6.91,2,0
CUST_6267,Bangalore Central,3-5,Monday,7.99,1,1
CUST_6268,Bangalore South,12-3,Tuesday,6.82,1,0
CUST_6269,Bangalore South,3-5,Wednesday,13.52,2,0
CUST_6270,Bangalore South,3-5,Friday,1.7,2,0
CUST_6271,Bangalore North,3-5,Monday,12.13,1,0
CUST_6272,Bangalore East,3-5,Wednesday,11.24,1,0
CUST_6273,Bangalore North,12-3,Thursday,6.33,3,1
CUST_6274,Bangalore South,10-12,Tuesday,12.05,2,1
CUST_6275,Bangalore North,3-5,Tuesday,3.07,2,1
CUST_6276,Bangalore South,3-5,Monday,10.76,3,1
CUST_6277,Bangalore South,10-12,Tuesday,12.36,2,1
CUST_6278,Bangalore Central,10-12,Tuesday,11.95,1,1
CUST_6279,Bangalore East,3-5,Thursday,7.75,2,1
CUST_6280,Bangalore South,10-12,Tuesday,5.7,2,0
CUST_6281,Bangalore Central,3-5,Wednesday,4.08,2,0
CUST_6282,Bangalore Central,10-12,Thursday,10.67,2,1
CUST_6283,Bangalore North,12-3,Monday,8.7,1,1
CUST_6284,Bangalore Central,10-12,Thursday,2.8,2,0
CUST_6285,Bangalore Central,12-3,Tuesday,1.43,1,0
CUST_6286,Bangalore East,3-5,Friday,5.0,1,1
CUST_6287,Bangalore South,12-3,Wednesday,2.64,2,0
CUST_6288,Bangalore South,12-3,Monday,7.79,3,0
CUST_6289,Bangalore South,10-12,Wednesday,1.56,2,0
CUST_6290,Bangalore South,3-5,Wednesday,13.6,1,1
CUST_6291,Bangalore East,10-12,Wednesday,10.25,1,1
CUST_6292,Bangalore South,10-12,Monday,4.3,3,1
CUST_6293,Bangalore East,12-3,Thursday,14.18,2,1
CUST_6294,Bangalore Central,3-5,Monday,8.98,1,1
CUST_6295,Bangalore East,3-5,Wednesday,5.71,1,1
CUST_6296,Bangalore Central,3-5,Friday,3.68,2,1
CUST_6297,Bangalore South,10-12,Wednesday,4.63,1,1
CUST_6298,Bangalore East,3-5,Thursday,12.01,1,1
CUST_6299,Bangalore East,3-5,Friday,14.24,3,1
CUST_6300,Bangalore Central,10-12,Wednesday,4.73,1,1
CUST_6301,Bangalore Central,10-12,Friday,8.04,3,0
CUST_6302,Bangalore Central,12-3,Tuesday,12.68,2,0
CUST_6303,Bangalore Central,3-5,Wednesday,14.91,2,0
CUST_6304,Bangalore North,12-3,Wednesday,9.66,2,1
CUST_6305,Bangalore Central,3-5,Friday,5.6,2,0
CUST_6306,Bangalore North,10-12,Monday,7.28,2,1
CUST_6307,Bangalore Central,3-5,Monday,2.03,1,1
CUST_6308,Bangalore South,10-12,Wednesday,9.44,1,1
CUST_6309,Bangalore East,10-12,Wednesday,14.0,2,1
CUST_6310,Bangalore South,12-3,Thursday,11.67,1,0
CUST_6311,Bangalore North,3-5,Tuesday,5.02,2,1
CUST_6312,Bangalore East,3-5,Wednesday,7.98,2,0
CUST_6313,Bangalore South,3-5,Thursday,7.12,1,0
CUST_6314,Bangalore South,12-3,Wednesday,12.55,1,0
CUST_6315,Bangalore South,12-3,Wednesday,4.56,2,0
CUST_6316,Bangalore East,3-5,Wednesday,8.34,3,0
CUST_6317,Bangalore Central,3-5,Wednesday,10.0,1,0
CUST_6318,Bangalore North,3-5,Tuesday,3.74,3,0
CUST_6319,Bangalore North,12-3,Monday,13.28,2,1
CUST_6320,Bangalore South,3-5,Thursday,13.47,2,1
CUST_6321,Bangalore South,10-12,Friday,8.3,2,1
CUST_6322,Bangalore Central,3-5,Tuesday,9.05,2,1
CUST_6323,Bangalore South,3-5,Thursday,3.41,2,1
CUST_6324,Bangalore East,12-3,Wednesday,9.87,2,1
CUST_6325,Bangalore East,10-12,Tuesday,13.82,1,1
CUST_6326,Bangalore East,10-12,Monday,8.63,3,0
CUST_6327,Bangalore Central,12-3,Wednesday,7.22,2,1
CUST_6328,Bangalore East,12-3,Monday,7.96,3,1
CUST_6329,Bangalore South,3-5,Thursday,5.11,1,0
CUST_6330,Bangalore East,10-12,Wednesday,13.35,1,1
CUST_6331,Bangalore Central,12-3,Tuesday,5.83,1,0
CUST_6332,Bangalore South,10-12,Monday,4.98,1,1
CUST_6333,Bangalore North,10-12,Thursday,2.76,2,1
CUST_6334,Bangalore South,10-12,Monday,2.48,2,0
CUST_6335,Bangalore South,12-3,Thursday,4.76,2,1
CUST_6336,Bangalore East,10-12,Thursday,11.76,2,0
CUST_6337,Bangalore East,3-5,Monday,11.19,2,1
CUST_6338,Bangalore South,3-5,Tuesday,10.9,2,0
CUST_6339,Bangalore South,12-3,Wednesday,1.26,2,1
CUST_6340,Bangalore North,12-3,Wednesday,4.23,1,1
CUST_6341,Bangalore East,3-5,Tuesday,1.88,3,0
CUST_6342,Bangalore East,12-3,Wednesday,9.61,2,1
CUST_6343,Bangalore North,12-3,Thursday,4.73,2,1
CUST_6344,Bangalore Central,12-3,Tuesday,4.62,1,1
CUST_6345,Bangalore South,3-5,Thursday,9.71,2,0
CUST_6346,Bangalore North,3-5,Friday,1.19,2,0
CUST_6347,Bangalore North,10-12,Wednesday,7.2,1,1
CUST_6348,Bangalore North,12-3,Thursday,5.13,2,1
CUST_6349,Bangalore North,3-5,Monday,11.09,1,1
CUST_6350,Bangalore East,3-5,Thursday,3.35,2,0
CUST_6351,Bangalore Central,10-12,Friday,3.03,2,0
CUST_6352,Bangalore Central,3-5,Monday,1.4,2,1
CUST_6353,Bangalore Central,12-3,Wednesday,11.73,3,1
CUST_6354,Bangalore East,3-5,Tuesday,3.92,2,0
CUST_6355,Bangalore Central,10-12,Tuesday,5.2,2,0
CUST_6356,Bangalore North,10-12,Thursday,8.16,1,1
CUST_6357,Bangalore North,10-12,Tuesday,2.36,2,1
CUST_6358,Bangalore East,10-12,Tuesday,8.4,2,1
CUST_6359,Bangalore North,3-5,Wednesday,3.18,1,0
CUST_6360,Bangalore North,10-12,Tuesday,13.06,1,0
CUST_6361,Bangalore East,12-3,Thursday,13.87,3,0
CUST_6362,Bangalore North,3-5,Friday,7.42,2,0
CUST_6363,Bangalore North,3-5,Thursday,3.84,2,1
CUST_6364,Bangalore Central,10-12,Monday,13.38,2,0
CUST_6365,Bangalore North,3-5,Thursday,11.63,1,0
CUST_6366,Bangalore South,12-3,Tuesday,14.72,1,0
CUST_6367,Bangalore South,3-5,Monday,5.22,1,0
CUST_6368,Bangalore Central,3-5,Monday,4.66,2,1
CUST_6369,Bangalore East,3-5,Tuesday,11.98,2,0
CUST_6370,Bangalore North,10-12,Thursday,6.38,2,0
CUST_6371,Bangalore East,3-5,Thursday,12.06,1,1
CUST_6372,Bangalore South,10-12,Friday,14.72,1,0
CUST_6373,Bangalore South,12-3,Thursday,8.36,3,1
CUST_6374,Bangalore Central,3-5,Tuesday,4.46,2,1
CUST_6375,Bangalore South,3-5,Tuesday,8.61,3,0
CUST_6376,Bangalore East,3-5,Friday,8.64,2,1
CUST_6377,Bangalore South,10-12,Tuesday,2.19,2,1
CUST_6378,Bangalore Central,10-12,Thursday,9.88,1,0
CUST_6379,Bangalore South,3-5,Tuesday,2.55,2,0
CUST_6380,Bangalore East,10-12,Monday,6.03,1,1
CUST_6381,Bangalore East,12-3,Tuesday,12.43,1,1
CUST_6382,Bangalore South,12-3,Monday,7.86,1,0
CUST_6383,Bangalore Central,10-12,Wednesday,8.35,2,0
CUST_6384,Bangalore South,12-3,Monday,11.71,1,1
CUST_6385,Bangalore North,12-3,Tuesday,12.71,3,1
CUST_6386,Bangalore North,10-12,Thursday,7.7,3,1
CUST_6387,Bangalore East,10-12,Monday,3.23,3,0
CUST_6388,Bangalore East,12-3,Wednesday,12.4,2,1
CUST_6389,Bangalore North,10-12,Thursday,8.4,3,0
CUST_6390,Bangalore Central,3-5,Tuesday,6.69,2,0
CUST_6391,Bangalore South,3-5,Thursday,11.3,1,1
CUST_6392,Bangalore East,12-3,Thursday,13.95,2,0
CUST_6393,Bangalore North,10-12,Monday,7.59,2,1
CUST_6394,Bangalore South,10-12,Monday,14.46,2,1
CUST_6395,Bangalore South,12-3,Tuesday,13.19,2,0
CUST_6396,Bangalore East,10-12,Friday,6.7,1,0
CUST_6397,Bangalore East,10-12,Friday,11.59,3,1
CUST_6398,Bangalore North,3-5,Thursday,10.92,2,1
CUST_6399,Bangalore Central,3-5,Monday,13.91,2,0
CUST_6400,Bangalore East,12-3,Thursday,7.84,2,1
CUST_6401,Bangalore South,12-3,Monday,10.51,1,1
CUST_6402,Bangalore North,10-12,Wednesday,1.7,2,0
CUST_6403,Bangalore Central,12-3,Monday,10.56,1,0
CUST_6404,Bangalore Central,12-3,Friday,4.41,2,1
CUST_6405,Bangalore South,3-5,Thursday,13.86,1,1
CUST_6406,Bangalore Central,10-12,Monday,13.24,3,0
CUST_6407,Bangalore East,10-12,Thursday,9.24,3,0
CUST_6408,Bangalore East,12-3,Monday,4.42,3,1
CUST_6409,Bangalore East,3-5,Wednesday,8.63,3,1
CUST_6410,Bangalore Central,12-3,Friday,14.12,2,0
CUST_6411,Bangalore South,10-12,Wednesday,11.51,2,0
CUST_6412,Bangalore North,10-12,Thursday,13.57,3,0
CUST_6413,Bangalore East,12-3,Thursday,5.42,1,0
CUST_6414,Bangalore Central,3-5,Monday,13.82,3,1
CUST_6415,Bangalore South,10-12,Monday,11.55,1,0
CUST_6416,Bangalore East,3-5,Friday,13.33,3,1
CUST_6417,Bangalore North,12-3,Tuesday,7.83,2,1
CUST_6418,Bangalore Central,10-12,Tuesday,5.17,3,1
CUST_6419,Bangalore North,3-5,Friday,10.22,2,1
CUST_6420,Bangalore North,10-12,Monday,1.3,1,0
CUST_6421,Bangalore South,10-12,Wednesday,1.82,1,0
CUST_6422,Bangalore Central,3-5,Wednesday,13.56,3,0
CUST_6423,Bangalore North,12-3,Friday,13.92,2,1
CUST_6424,Bangalore South,3-5,Tuesday,10.41,2,0
CUST_6425,Bangalore South,3-5,Wednesday,11.19,2,1
CUST_6426,Bangalore North,3-5,Friday,2.36,3,1
CUST_6427,Bangalore Central,10-12,Friday,1.34,2,1
CUST_6428,Bangalore North,3-5,Thursday,8.04,3,0
CUST_6429,Bangalore East,10-12,Tuesday,6.38,2,0
CUST_6430,Bangalore North,10-12,Monday,12.23,1,1
CUST_6431,Bangalore Central,3-5,Thursday,12.34,3,1
CUST_6432,Bangalore East,10-12,Friday,3.7,2,1
CUST_6433,Bangalore East,12-3,Tuesday,1.26,1,1
CUST_6434,Bangalore South,10-12,Wednesday,2.2,3,0
CUST_6435,Bangalore East,12-3,Wednesday,11.38,2,0
CUST_6436,Bangalore East,3-5,Monday,13.49,2,0
CUST_6437,Bangalore Central,10-12,Wednesday,12.42,1,1
CUST_6438,Bangalore North,10-12,Tuesday,11.24,2,1
CUST_6439,Bangalore East,10-12,Tuesday,8.75,3,0
CUST_6440,Bangalore South,12-3,Monday,5.48,1,1
CUST_6441,Bangalore North,3-5,Monday,7.05,3,0
CUST_6442,Bangalore Central,3-5,Monday,3.66,2,1
CUST_6443,Bangalore North,12-3,Thursday,5.28,2,1
CUST_6444,Bangalore Central,3-5,Friday,12.25,1,1
CUST_6445,Bangalore South,3-5,Friday,6.81,1,0
CUST_6446,Bangalore East,3-5,Monday,13.23,1,0
CUST_6447,Bangalore Central,10-12,Friday,7.96,1,0
CUST_6448,Bangalore Central,10-12,Thursday,13.08,1,1
CUST_6449,Bangalore South,10-12,Monday,13.06,2,0
CUST_6450,Bangalore South,10-12,Thursday,13.23,2,1
CUST_6451,Bangalore North,3-5,Thursday,14.9,1,0
CUST_6452,Bangalore South,3-5,Thursday,13.71,2,0
CUST_6453,Bangalore East,10-12,Wednesday,1.63,2,0
CUST_6454,Bangalore South,3-5,Monday,4.3,2,0
CUST_6455,Bangalore South,10-12,Wednesday,10.94,2,0
CUST_6456,Bangalore East,3-5,Thursday,10.21,2,1
CUST_6457,Bangalore North,10-12,Thursday,10.92,3,0
CUST_6458,Bangalore Central,3-5,Monday,2.13,2,1
CUST_6459,Bangalore South,3-5,Monday,5.54,2,0
CUST_6460,Bangalore North,12-3,Monday,1.45,2,0
CUST_6461,Bangalore North,12-3,Thursday,12.18,3,1
CUST_6462,Bangalore East,10-12,Monday,6.8,3,1
CUST_6463,Bangalore North,3-5,Thursday,14.96,3,1
CUST_6464,Bangalore Central,12-3,Tuesday,12.22,2,0
CUST_6465,Bangalore North,12-3,Monday,8.91,2,0
CUST_6466,Bangalore North,3-5,Tuesday,14.22,2,1
CUST_6467,Bangalore East,3-5,Monday,2.3,3,1
CUST_6468,Bangalore East,3-5,Monday,4.92,3,0
CUST_6469,Bangalore Central,3-5,Thursday,11.33,3,1
CUST_6470,Bangalore Central,10-12,Friday,11.08,2,0
CUST_6471,Bangalore South,3-5,Thursday,8.58,2,0
CUST_6472,Bangalore East,3-5,Thursday,12.32,2,1
CUST_6473,Bangalore North,12-3,Friday,11.82,3,1
CUST_6474,Bangalore Central,12-3,Thursday,14.84,2,0
CUST_6475,Bangalore Central,12-3,Tuesday,9.77,3,1
CUST_6476,Bangalore East,3-5,Tuesday,7.87,2,0
CUST_6477,Bangalore South,3-5,Thursday,1.04,2,0
CUST_6478,Bangalore North,10-12,Wednesday,9.68,2,0
CUST_6479,Bangalore South,3-5,Friday,11.9,2,1
CUST_6480,Bangalore Central,3-5,Wednesday,1.2,2,1
CUST_6481,Bangalore North,10-12,Tuesday,8.78,3,0
CUST_6482,Bangalore North,3-5,Tuesday,10.01,2,0
CUST_6483,Bangalore South,12-3,Monday,7.57,2,1
CUST_6484,Bangalore Central,10-12,Thursday,13.63,1,1
CUST_6485,Bangalore North,3-5,Wednesday,2.45,1,0
CUST_6486,Bangalore Central,3-5,Wednesday,11.53,3,0
CUST_6487,Bangalore North,3-5,Monday,10.82,2,0
CUST_6488,Bangalore Central,10-12,Friday,2.43,1,0
CUST_6489,Bangalore South,12-3,Wednesday,6.62,1,1
CUST_6490,Bangalore North,10-12,Wednesday,7.44,3,0
CUST_6491,Bangalore East,12-3,Wednesday,11.03,1,0
CUST_6492,Bangalore South,3-5,Wednesday,3.29,2,0
CUST_6493,Bangalore East,12-3,Monday,14.68,3,1
CUST_6494,Bangalore South,12-3,Friday,6.48,2,1
CUST_6495,Bangalore South,10-12,Tuesday,13.57,1,1
CUST_6496,Bangalore North,10-12,Monday,3.01,1,1
CUST_6497,Bangalore North,3-5,Wednesday,8.19,2,1
CUST_6498,Bangalore East,10-12,Friday,4.96,2,0
CUST_6499,Bangalore Central,10-12,Monday,9.75,1,0
CUST_6500,Bangalore South,12-3,Thursday,12.94,3,1
CUST_6501,Bangalore South,10-12,Tuesday,2.85,2,0
CUST_6502,Bangalore Central,3-5,Wednesday,11.9,2,1
CUST_6503,Bangalore East,10-12,Wednesday,7.14,2,1
CUST_6504,Bangalore Central,12-3,Thursday,9.97,3,0
CUST_6505,Bangalore East,10-12,Monday,14.13,2,1
CUST_6506,Bangalore Central,12-3,Monday,4.47,1,0
CUST_6507,Bangalore East,10-12,Monday,13.97,1,0
CUST_6508,Bangalore South,3-5,Friday,11.77,2,1
CUST_6509,Bangalore Central,12-3,Friday,5.61,1,1
CUST_6510,Bangalore Central,3-5,Thursday,14.7,3,1
CUST_6511,Bangalore East,3-5,Wednesday,9.36,3,1
CUST_6512,Bangalore East,3-5,Friday,9.16,1,1
CUST_6513,Bangalore South,12-3,Tuesday,4.76,1,0
CUST_6514,Bangalore South,10-12,Monday,14.52,1,1
CUST_6515,Bangalore Central,12-3,Wednesday,12.01,2,0
CUST_6516,Bangalore North,10-12,Monday,8.91,3,1
CUST_6517,Bangalore North,3-5,Wednesday,7.48,2,0
CUST_6518,Bangalore South,10-12,Tuesday,8.88,3,1
CUST_6519,Bangalore North,10-12,Friday,14.84,1,0
CUST_6520,Bangalore Central,10-12,Monday,5.73,3,0
CUST_6521,Bangalore East,12-3,Monday,4.72,2,1
CUST_6522,Bangalore East,10-12,Tuesday,11.19,3,1
CUST_6523,Bangalore South,12-3,Thursday,12.01,2,1
CUST_6524,Bangalore Central,3-5,Friday,7.83,3,0
CUST_6525,Bangalore Central,12-3,Wednesday,2.54,1,0
CUST_6526,Bangalore South,3-5,Tuesday,6.92,3,1
CUST_6527,Bangalore North,3-5,Friday,9.25,1,1
CUST_6528,Bangalore South,12-3,Thursday,2.42,2,1
CUST_6529,Bangalore South,10-12,Thursday,9.65,2,1
CUST_6530,Bangalore Central,10-12,Tuesday,11.27,2,0
CUST_6531,Bangalore North,12-3,Tuesday,4.36,2,0
CUST_6532,Bangalore East,12-3,Tuesday,13.28,2,0
CUST_6533,Bangalore North,3-5,Monday,11.56,2,0
CUST_6534,Bangalore North,12-3,Thursday,6.01,3,1
CUST_6535,Bangalore East,10-12,Tuesday,7.49,2,0
CUST_6536,Bangalore East,12-3,Friday,9.88,2,1
CUST_6537,Bangalore South,12-3,Tuesday,3.87,1,0
CUST_6538,Bangalore Central,10-12,Friday,5.13,2,0
CUST_6539,Bangalore South,3-5,Wednesday,10.54,3,1
CUST_6540,Bangalore Central,10-12,Wednesday,9.87,2,1
CUST_6541,Bangalore Central,12-3,Monday,12.48,1,1
CUST_6542,Bangalore South,12-3,Thursday,2.38,2,1
CUST_6543,Bangalore North,10-12,Monday,3.93,1,0
CUST_6544,Bangalore East,10-12,Wednesday,9.68,1,1
CUST_6545,Bangalore North,3-5,Tuesday,9.19,1,1
CUST_6546,Bangalore East,3-5,Tuesday,1.01,2,0
CUST_6547,Bangalore Central,10-12,Tuesday,9.17,3,1
CUST_6548,Bangalore North,12-3,Tuesday,8.89,2,1
CUST_6549,Bangalore East,12-3,Monday,8.98,3,0
CUST_6550,Bangalore Central,3-5,Wednesday,14.44,1,1
CUST_6551,Bangalore East,12-3,Wednesday,12.81,2,1
CUST_6552,Bangalore South,12-3,Thursday,2.93,1,1
CUST_6553,Bangalore South,10-12,Tuesday,6.6,2,1
CUST_6554,Bangalore Central,12-3,Thursday,2.67,1,1
CUST_6555,Bangalore North,12-3,Wednesday,3.9,2,0
CUST_6556,Bangalore Central,3-5,Monday,11.21,2,0
CUST_6557,Bangalore Central,10-12,Thursday,10.27,1,1
CUST_6558,Bangalore Central,12-3,Thursday,7.37,3,0
CUST_6559,Bangalore North,3-5,Wednesday,11.29,1,1
CUST_6560,Bangalore North,10-12,Monday,11.64,1,1
CUST_6561,Bangalore North,12-3,Thursday,3.84,3,0
CUST_6562,Bangalore North,12-3,Friday,3.52,3,0
CUST_6563,Bangalore East,10-12,Tuesday,1.01,1,1
CUST_6564,Bangalore South,12-3,Wednesday,7.88,2,1
CUST_6565,Bangalore East,3-5,Tuesday,1.4,2,0
CUST_6566,Bangalore East,10-12,Thursday,12.68,2,1
CUST_6567,Bangalore North,3-5,Thursday,7.23,2,1
CUST_6568,Bangalore South,10-12,Thursday,10.34,1,0
CUST_6569,Bangalore East,12-3,Thursday,7.11,3,0
CUST_6570,Bangalore East,10-12,Friday,14.95,2,0
CUST_6571,Bangalore East,10-12,Friday,11.38,3,0
CUST_6572,Bangalore East,10-12,Thursday,10.21,2,0
CUST_6573,Bangalore North,12-3,Thursday,11.3,2,0
CUST_6574,Bangalore Central,3-5,Friday,5.27,2,1
CUST_6575,Bangalore North,3-5,Thursday,9.97,2,1
CUST_6576,Bangalore Central,12-3,Monday,1.5,3,0
CUST_6577,Bangalore Central,12-3,Tuesday,14.59,1,1
CUST_6578,Bangalore North,3-5,Tuesday,7.14,1,0
CUST_6579,Bangalore East,12-3,Thursday,4.2,1,0
CUST_6580,Bangalore South,12-3,Tuesday,8.89,1,0
CUST_6581,Bangalore South,10-12,Thursday,8.9,2,0
CUST_6582,Bangalore North,10-12,Friday,7.23,1,0
CUST_6583,Bangalore East,3-5,Monday,11.08,2,0
CUST_6584,Bangalore South,12-3,Thursday,3.9,3,1
CUST_6585,Bangalore East,10-12,Friday,1.65,2,0
CUST_6586,Bangalore North,3-5,Monday,11.88,3,0
CUST_6587,Bangalore Central,12-3,Thursday,10.73,1,0
CUST_6588,Bangalore South,3-5,Friday,9.45,2,0
CUST_6589,Bangalore East,3-5,Friday,5.34,1,0
CUST_6590,Bangalore North,3-5,Monday,11.58,2,1
CUST_6591,Bangalore Central,3-5,Friday,11.79,1,1
CUST_6592,Bangalore Central,10-12,Thursday,4.07,1,0
CUST_6593,Bangalore South,3-5,Thursday,2.68,1,1
CUST_6594,Bangalore North,12-3,Thursday,7.75,2,0
CUST_6595,Bangalore Central,12-3,Thursday,12.02,2,0
CUST_6596,Bangalore South,12-3,Wednesday,4.97,2,0
CUST_6597,Bangalore East,10-12,Thursday,3.54,3,0
CUST_6598,Bangalore North,12-3,Tuesday,3.87,3,0
CUST_6599,Bangalore South,12-3,Monday,3.87,2,0
CUST_6600,Bangalore East,10-12,Tuesday,14.88,3,1
CUST_6601,Bangalore South,3-5,Monday,13.78,3,1
CUST_6602,Bangalore South,3-5,Thursday,1.6,2,0
CUST_6603,Bangalore North,10-12,Wednesday,14.82,3,1
CUST_6604,Bangalore East,3-5,Thursday,4.62,2,0
CUST_6605,Bangalore Central,12-3,Tuesday,2.85,3,0
CUST_6606,Bangalore Central,3-5,Friday,8.78,3,1
CUST_6607,Bangalore South,3-5,Wednesday,11.05,1,0
CUST_6608,Bangalore South,10-12,Friday,11.47,1,0
CUST_6609,Bangalore North,12-3,Friday,6.42,2,1
CUST_6610,Bangalore East,3-5,Friday,1.76,2,0
CUST_6611,Bangalore Central,10-12,Wednesday,6.01,2,0
CUST_6612,Bangalore East,3-5,Monday,3.87,2,0
CUST_6613,Bangalore South,10-12,Wednesday,6.12,3,1
CUST_6614,Bangalore East,12-3,Tuesday,5.63,2,1
CUST_6615,Bangalore Central,3-5,Monday,11.59,2,0
CUST_6616,Bangalore South,10-12,Tuesday,9.28,2,0
CUST_6617,Bangalore East,3-5,Monday,12.81,1,1
CUST_6618,Bangalore North,3-5,Tuesday,12.08,2,1
CUST_6619,Bangalore South,3-5,Monday,11.64,3,1
CUST_6620,Bangalore East,12-3,Thursday,9.52,2,0
CUST_6621,Bangalore North,3-5,Friday,7.15,2,1
CUST_6622,Bangalore East,3-5,Tuesday,13.87,1,1
CUST_6623,Bangalore Central,10-12,Monday,5.89,1,1
CUST_6624,Bangalore North,10-12,Monday,10.1,3,0
CUST_6625,Bangalore North,10-12,Wednesday,13.98,3,0
CUST_6626,Bangalore South,3-5,Monday,13.23,3,0
CUST_6627,Bangalore East,12-3,Monday,9.11,3,0
CUST_6628,Bangalore Central,3-5,Tuesday,13.51,2,1
CUST_6629,Bangalore South,3-5,Wednesday,2.03,1,1
CUST_6630,Bangalore Central,3-5,Friday,2.86,2,1
CUST_6631,Bangalore South,12-3,Friday,14.32,2,1
CUST_6632,Bangalore East,10-12,Thursday,13.23,2,0
CUST_6633,Bangalore Central,12-3,Monday,12.57,1,0
CUST_6634,Bangalore South,10-12,Wednesday,4.78,3,0
CUST_6635,Bangalore Central,10-12,Tuesday,1.05,3,0
CUST_6636,Bangalore South,12-3,Friday,3.18,2,0
CUST_6637,Bangalore East,10-12,Monday,5.39,1,1
CUST_6638,Bangalore North,10-12,Friday,13.92,3,0
CUST_6639,Bangalore East,3-5,Friday,12.32,2,0
CUST_6640,Bangalore East,12-3,Tuesday,5.86,2,1
CUST_6641,Bangalore Central,12-3,Tuesday,13.82,2,0
CUST_6642,Bangalore East,12-3,Wednesday,12.31,2,1
CUST_6643,Bangalore East,12-3,Wednesday,6.55,1,1
CUST_6644,Bangalore North,10-12,Friday,12.86,2,1
CUST_6645,Bangalore North,12-3,Friday,9.68,1,0
CUST_6646,Bangalore North,12-3,Wednesday,14.0,2,0
CUST_6647,Bangalore North,3-5,Wednesday,2.51,1,0
CUST_6648,Bangalore East,12-3,Wednesday,9.21,3,0
CUST_6649,Bangalore South,10-12,Thursday,4.93,3,1
CUST_6650,Bangalore South,10-12,Wednesday,2.33,3,0
CUST_6651,Bangalore East,12-3,Friday,5.15,1,0
CUST_6652,Bangalore South,12-3,Thursday,11.01,2,1
CUST_6653,Bangalore North,3-5,Tuesday,9.01,3,0
CUST_6654,Bangalore Central,10-12,Wednesday,13.03,3,1
CUST_6655,Bangalore South,10-12,Thursday,5.82,3,0
CUST_6656,Bangalore East,3-5,Tuesday,3.51,2,1
CUST_6657,Bangalore North,10-12,Monday,5.89,2,0
CUST_6658,Bangalore South,12-3,Wednesday,9.55,3,1
CUST_6659,Bangalore East,3-5,Monday,11.48,3,0
CUST_6660,Bangalore East,12-3,Wednesday,7.11,2,1
CUST_6661,Bangalore East,3-5,Friday,12.6,2,1
CUST_6662,Bangalore South,10-12,Thursday,11.42,3,1
CUST_6663,Bangalore South,3-5,Friday,1.51,1,0
CUST_6664,Bangalore East,3-5,Tuesday,13.35,2,0
CUST_6665,Bangalore South,12-3,Monday,2.84,2,0
CUST_6666,Bangalore Central,3-5,Wednesday,12.26,2,1
CUST_6667,Bangalore North,3-5,Thursday,7.98,3,0
CUST_6668,Bangalore Central,10-12,Tuesday,8.28,1,0
CUST_6669,Bangalore South,12-3,Friday,5.48,1,1
CUST_6670,Bangalore North,12-3,Thursday,13.53,2,0
CUST_6671,Bangalore East,12-3,Thursday,1.19,1,0
CUST_6672,Bangalore Central,12-3,Wednesday,10.92,1,0
CUST_6673,Bangalore East,10-12,Friday,12.43,2,0
CUST_6674,Bangalore North,10-12,Wednesday,8.23,2,1
CUST_6675,Bangalore North,3-5,Monday,5.72,2,0
CUST_6676,Bangalore Central,3-5,Friday,11.57,1,0
CUST_6677,Bangalore Central,3-5,Wednesday,1.78,2,1
CUST_6678,Bangalore East,10-12,Friday,1.72,2,1
CUST_6679,Bangalore North,12-3,Thursday,3.6,2,0
CUST_6680,Bangalore Central,10-12,Thursday,14.05,2,0
CUST_6681,Bangalore Central,12-3,Friday,13.45,1,1
CUST_6682,Bangalore South,10-12,Thursday,10.56,3,1
CUST_6683,Bangalore South,12-3,Monday,4.43,2,0
CUST_6684,Bangalore South,12-3,Friday,1.52,2,0
CUST_6685,Bangalore North,3-5,Thursday,4.97,3,1
CUST_6686,Bangalore North,3-5,Monday,2.29,2,1
CUST_6687,Bangalore Central,12-3,Monday,10.65,2,1
CUST_6688,Bangalore North,3-5,Wednesday,14.34,2,0
CUST_6689,Bangalore North,3-5,Tuesday,5.35,1,0
CUST_6690,Bangalore South,10-12,Thursday,12.26,2,0
CUST_6691,Bangalore North,12-3,Monday,1.47,1,1
CUST_6692,Bangalore North,12-3,Thursday,2.55,1,0
CUST_6693,Bangalore Central,10-12,Friday,11.6,3,0
CUST_6694,Bangalore South,12-3,Wednesday,9.39,1,1
CUST_6695,Bangalore North,3-5,Friday,8.46,2,0
CUST_6696,Bangalore Central,3-5,Tuesday,14.64,2,1
CUST_6697,Bangalore North,12-3,Monday,6.99,2,1
CUST_6698,Bangalore Central,10-12,Friday,1.78,2,0
CUST_6699,Bangalore North,3-5,Tuesday,2.48,3,1
CUST_6700,Bangalore South,12-3,Tuesday,4.83,2,1
CUST_6701,Bangalore South,3-5,Friday,3.79,2,0
CUST_6702,Bangalore Central,10-12,Monday,12.16,1,0
CUST_6703,Bangalore East,12-3,Monday,9.01,2,1
CUST_6704,Bangalore South,12-3,Friday,2.72,1,0
CUST_6705,Bangalore Central,3-5,Thursday,2.38,2,1
CUST_6706,Bangalore Central,10-12,Friday,1.48,1,1
CUST_6707,Bangalore East,3-5,Thursday,10.29,1,1
CUST_6708,Bangalore North,10-12,Tuesday,1.52,2,1
CUST_6709,Bangalore East,3-5,Friday,9.16,2,0
CUST_6710,Bangalore Central,10-12,Wednesday,5.52,2,1
CUST_6711,Bangalore Central,12-3,Wednesday,4.52,2,1
CUST_6712,Bangalore North,3-5,Friday,7.45,2,1
CUST_6713,Bangalore East,12-3,Friday,5.01,3,0
CUST_6714,Bangalore North,3-5,Tuesday,14.14,3,1
CUST_6715,Bangalore Central,3-5,Tuesday,7.17,3,1
CUST_6716,Bangalore North,12-3,Tuesday,6.2,2,1
CUST_6717,Bangalore Central,3-5,Monday,11.93,2,0
CUST_6718,Bangalore East,12-3,Friday,8.22,3,1
CUST_6719,Bangalore North,3-5,Thursday,8.29,1,0
CUST_6720,Bangalore Central,10-12,Friday,1.85,2,1
CUST_6721,Bangalore East,12-3,Thursday,3.09,3,1
CUST_6722,Bangalore North,3-5,Tuesday,6.23,1,0
CUST_6723,Bangalore East,3-5,Monday,12.28,3,0
CUST_6724,Bangalore Central,3-5,Monday,11.32,2,0
CUST_6725,Bangalore North,10-12,Thursday,13.21,2,1
CUST_6726,Bangalore North,10-12,Wednesday,3.1,2,1
CUST_6727,Bangalore Central,12-3,Tuesday,12.96,1,1
CUST_6728,Bangalore East,12-3,Tuesday,2.46,3,0
CUST_6729,Bangalore South,3-5,Monday,7.22,1,0
CUST_6730,Bangalore Central,3-5,Wednesday,11.65,2,1
CUST_6731,Bangalore South,3-5,Monday,1.7,2,1
CUST_6732,Bangalore Central,10-12,Friday,13.84,2,1
CUST_6733,Bangalore South,12-3,Monday,12.22,2,0
CUST_6734,Bangalore East,3-5,Monday,14.77,2,1
CUST_6735,Bangalore South,10-12,Friday,12.41,2,1
CUST_6736,Bangalore Central,3-5,Friday,9.42,2,0
CUST_6737,Bangalore Central,12-3,Wednesday,9.55,1,1
CUST_6738,Bangalore South,10-12,Tuesday,11.36,2,1
CUST_6739,Bangalore North,3-5,Friday,1.42,2,1
CUST_6740,Bangalore North,12-3,Monday,3.72,2,1
CUST_6741,Bangalore Central,12-3,Monday,9.48,2,1
CUST_6742,Bangalore Central,3-5,Friday,6.7,1,1
CUST_6743,Bangalore South,12-3,Thursday,2.6,2,0
CUST_6744,Bangalore East,3-5,Tuesday,10.98,3,1
CUST_6745,Bangalore East,3-5,Monday,4.19,1,0
CUST_6746,Bangalore East,10-12,Monday,5.76,2,1
CUST_6747,Bangalore East,3-5,Monday,7.36,1,1
CUST_6748,Bangalore South,3-5,Monday,8.14,3,1
CUST_6749,Bangalore East,12-3,Wednesday,14.6,2,1
CUST_6750,Bangalore Central,10-12,Tuesday,8.02,2,1
CUST_6751,Bangalore South,10-12,Friday,5.39,1,1
CUST_6752,Bangalore North,10-12,Thursday,1.58,1,0
CUST_6753,Bangalore Central,10-12,Friday,4.99,2,0
CUST_6754,Bangalore South,12-3,Friday,13.91,2,1
CUST_6755,Bangalore South,10-12,Wednesday,12.0,2,1
CUST_6756,Bangalore South,3-5,Wednesday,11.03,3,0
CUST_6757,Bangalore South,3-5,Wednesday,2.26,2,0
CUST_6758,Bangalore Central,3-5,Monday,11.25,1,1
CUST_6759,Bangalore Central,12-3,Friday,1.88,2,0
CUST_6760,Bangalore North,10-12,Thursday,3.32,2,0
CUST_6761,Bangalore North,3-5,Thursday,7.58,1,1
CUST_6762,Bangalore Central,3-5,Tuesday,13.39,2,0
CUST_6763,Bangalore East,10-12,Thursday,10.55,2,1
CUST_6764,Bangalore East,3-5,Tuesday,8.09,2,1
CUST_6765,Bangalore North,10-12,Friday,4.71,2,1
CUST_6766,Bangalore Central,12-3,Wednesday,3.4,2,1
CUST_6767,Bangalore East,12-3,Wednesday,8.63,1,0
CUST_6768,Bangalore South,10-12,Wednesday,12.56,1,0
CUST_6769,Bangalore South,12-3,Wednesday,11.36,2,0
CUST_6770,Bangalore East,10-12,Monday,5.05,1,0
CUST_6771,Bangalore South,12-3,Tuesday,7.42,2,0
CUST_6772,Bangalore South,3-5,Monday,2.26,2,1
CUST_6773,Bangalore Central,3-5,Friday,8.73,1,1
CUST_6774,Bangalore South,10-12,Tuesday,7.58,3,0
CUST_6775,Bangalore East,12-3,Tuesday,8.77,2,1
CUST_6776,Bangalore East,12-3,Friday,14.35,1,0
CUST_6777,Bangalore Central,3-5,Friday,10.71,1,0
CUST_6778,Bangalore Central,12-3,Monday,14.25,1,0
CUST_6779,Bangalore East,3-5,Monday,10.87,2,1
CUST_6780,Bangalore North,12-3,Monday,11.08,1,1
CUST_6781,Bangalore East,3-5,Wednesday,4.6,2,1
CUST_6782,Bangalore North,3-5,Tuesday,12.0,2,1
CUST_6783,Bangalore East,3-5,Tuesday,3.24,1,1
CUST_6784,Bangalore South,10-12,Monday,2.96,3,1
CUST_6785,Bangalore Central,3-5,Wednesday,12.15,1,1
CUST_6786,Bangalore Central,12-3,Friday,1.16,1,1
CUST_6787,Bangalore South,10-12,Wednesday,12.18,2,0
CUST_6788,Bangalore North,3-5,Wednesday,1.43,1,1
CUST_6789,Bangalore East,10-12,Monday,4.12,3,0
CUST_6790,Bangalore East,3-5,Tuesday,3.18,2,0
CUST_6791,Bangalore North,3-5,Wednesday,11.21,3,0
CUST_6792,Bangalore East,3-5,Wednesday,12.51,2,0
CUST_6793,Bangalore East,3-5,Wednesday,5.08,2,1
CUST_6794,Bangalore East,10-12,Tuesday,1.17,3,0
CUST_6795,Bangalore East,3-5,Friday,9.76,2,1
CUST_6796,Bangalore South,12-3,Friday,11.31,2,0
CUST_6797,Bangalore East,10-12,Thursday,11.27,2,0
CUST_6798,Bangalore North,12-3,Monday,14.46,2,0
CUST_6799,Bangalore South,10-12,Wednesday,12.13,2,1
CUST_6800,Bangalore East,10-12,Monday,6.32,2,1
CUST_6801,Bangalore East,10-12,Friday,2.18,1,1
CUST_6802,Bangalore North,3-5,Friday,6.3,2,0
CUST_6803,Bangalore Central,10-12,Friday,6.23,1,0
CUST_6804,Bangalore Central,10-12,Wednesday,14.53,2,0
CUST_6805,Bangalore North,10-12,Monday,10.24,2,1
CUST_6806,Bangalore South,3-5,Tuesday,13.16,2,0
CUST_6807,Bangalore South,3-5,Monday,3.78,2,0
CUST_6808,Bangalore Central,10-12,Monday,13.12,1,1
CUST_6809,Bangalore Central,10-12,Tuesday,5.98,2,1
CUST_6810,Bangalore North,3-5,Friday,6.04,3,1
CUST_6811,Bangalore Central,3-5,Friday,5.21,2,1
CUST_6812,Bangalore South,3-5,Thursday,6.12,2,0
CUST_6813,Bangalore East,10-12,Wednesday,14.09,2,1
CUST_6814,Bangalore North,10-12,Tuesday,8.44,1,0
CUST_6815,Bangalore East,10-12,Monday,14.91,2,0
CUST_6816,Bangalore Central,12-3,Monday,4.43,2,0
CUST_6817,Bangalore Central,10-12,Tuesday,11.6,1,1
CUST_6818,Bangalore East,12-3,Wednesday,1.5,2,0
CUST_6819,Bangalore East,12-3,Friday,6.27,2,0
CUST_6820,Bangalore Central,10-12,Tuesday,13.24,3,1
CUST_6821,Bangalore East,12-3,Tuesday,13.1,2,1
CUST_6822,Bangalore North,12-3,Tuesday,7.5,1,1
CUST_6823,Bangalore East,3-5,Friday,12.67,1,1
CUST_6824,Bangalore South,12-3,Thursday,9.92,2,1
CUST_6825,Bangalore East,10-12,Thursday,4.69,2,1
CUST_6826,Bangalore East,12-3,Friday,10.35,1,1
CUST_6827,Bangalore Central,3-5,Thursday,5.67,1,1
CUST_6828,Bangalore North,12-3,Friday,3.97,2,0
CUST_6829,Bangalore South,10-12,Wednesday,14.74,3,1
CUST_6830,Bangalore Central,10-12,Tuesday,2.84,1,0
CUST_6831,Bangalore Central,3-5,Friday,13.58,3,1
CUST_6832,Bangalore South,10-12,Wednesday,7.96,2,1
CUST_6833,Bangalore Central,3-5,Tuesday,7.74,2,0
CUST_6834,Bangalore North,10-12,Friday,12.86,1,0
CUST_6835,Bangalore North,3-5,Monday,3.66,1,0
CUST_6836,Bangalore East,12-3,Tuesday,3.72,1,0
CUST_6837,Bangalore North,10-12,Monday,13.34,2,0
CUST_6838,Bangalore Central,10-12,Wednesday,13.87,2,0
CUST_6839,Bangalore Central,12-3,Thursday,10.71,2,0
CUST_6840,Bangalore East,3-5,Monday,5.25,3,0
CUST_6841,Bangalore Central,12-3,Monday,1.37,2,0
CUST_6842,Bangalore North,10-12,Tuesday,4.76,3,0
CUST_6843,Bangalore Central,10-12,Wednesday,4.56,2,1
CUST_6844,Bangalore North,12-3,Thursday,1.34,3,1
CUST_6845,Bangalore Central,10-12,Wednesday,5.72,2,0
CUST_6846,Bangalore North,10-12,Wednesday,4.08,2,0
CUST_6847,Bangalore South,3-5,Monday,11.85,1,0
CUST_6848,Bangalore South,12-3,Friday,14.78,2,1
CUST_6849,Bangalore East,3-5,Tuesday,8.19,1,1
CUST_6850,Bangalore East,10-12,Wednesday,2.37,1,0
CUST_6851,Bangalore East,3-5,Monday,10.83,3,0
CUST_6852,Bangalore North,10-12,Friday,6.19,2,0
CUST_6853,Bangalore North,10-12,Monday,3.24,1,1
CUST_6854,Bangalore East,3-5,Tuesday,1.98,1,1
CUST_6855,Bangalore South,12-3,Tuesday,5.99,1,0
CUST_6856,Bangalore Central,10-12,Monday,6.95,3,0
CUST_6857,Bangalore North,10-12,Friday,14.67,1,1
CUST_6858,Bangalore North,3-5,Thursday,13.75,2,0
CUST_6859,Bangalore Central,12-3,Monday,4.95,3,1
CUST_6860,Bangalore Central,3-5,Thursday,4.0,2,1
CUST_6861,Bangalore North,12-3,Monday,14.17,1,0
CUST_6862,Bangalore South,12-3,Monday,7.72,3,0
CUST_6863,Bangalore North,3-5,Monday,8.14,1,1
CUST_6864,Bangalore South,12-3,Thursday,8.37,3,1
CUST_6865,Bangalore Central,12-3,Thursday,12.08,2,1
CUST_6866,Bangalore East,12-3,Wednesday,5.35,2,1
CUST_6867,Bangalore Central,12-3,Wednesday,13.25,2,0
CUST_6868,Bangalore South,3-5,Thursday,12.08,2,1
CUST_6869,Bangalore Central,3-5,Thursday,13.08,2,1
CUST_6870,Bangalore Central,3-5,Thursday,1.63,2,0
CUST_6871,Bangalore South,12-3,Wednesday,6.99,2,0
CUST_6872,Bangalore East,3-5,Tuesday,6.83,2,1
CUST_6873,Bangalore Central,10-12,Monday,14.41,1,0
CUST_6874,Bangalore East,12-3,Tuesday,8.8,2,1
CUST_6875,Bangalore South,10-12,Tuesday,3.02,2,0
CUST_6876,Bangalore East,12-3,Tuesday,10.29,2,0
CUST_6877,Bangalore South,12-3,Friday,5.35,3,1
CUST_6878,Bangalore South,3-5,Monday,9.65,3,0
CUST_6879,Bangalore East,10-12,Tuesday,3.75,3,1
CUST_6880,Bangalore East,3-5,Wednesday,13.66,1,0
CUST_6881,Bangalore South,3-5,Wednesday,4.13,2,0
CUST_6882,Bangalore East,12-3,Monday,10.0,2,1
CUST_6883,Bangalore North,10-12,Friday,12.11,2,0
CUST_6884,Bangalore North,10-12,Friday,14.96,2,1
CUST_6885,Bangalore Central,10-12,Wednesday,10.86,3,1
CUST_6886,Bangalore East,3-5,Tuesday,5.27,2,0
CUST_6887,Bangalore Central,10-12,Thursday,12.97,1,1
CUST_6888,Bangalore Central,3-5,Tuesday,1.44,1,0
CUST_6889,Bangalore North,3-5,Tuesday,4.11,2,0
CUST_6890,Bangalore East,3-5,Friday,7.77,2,0
CUST_6891,Bangalore South,3-5,Friday,14.95,2,0
CUST_6892,Bangalore East,12-3,Tuesday,8.61,2,0
CUST_6893,Bangalore South,10-12,Tuesday,3.02,1,0
CUST_6894,Bangalore East,10-12,Monday,12.83,2,1
CUST_6895,Bangalore South,10-12,Friday,4.36,2,0
CUST_6896,Bangalore Central,10-12,Wednesday,12.07,1,1
CUST_6897,Bangalore South,3-5,Monday,11.16,1,0
CUST_6898,Bangalore East,3-5,Wednesday,13.82,1,1
CUST_6899,Bangalore South,3-5,Friday,14.82,2,1
CUST_6900,Bangalore South,12-3,Thursday,11.3,2,0
CUST_6901,Bangalore North,12-3,Tuesday,5.24,3,1
CUST_6902,Bangalore East,10-12,Tuesday,5.16,2,0
CUST_6903,Bangalore Central,3-5,Friday,2.98,1,1
CUST_6904,Bangalore Central,3-5,Wednesday,4.42,2,0
CUST_6905,Bangalore South,3-5,Tuesday,2.67,2,0
CUST_6906,Bangalore North,3-5,Monday,3.18,1,0
CUST_6907,Bangalore East,10-12,Tuesday,1.82,1,0
CUST_6908,Bangalore South,3-5,Thursday,8.11,1,1
CUST_6909,Bangalore East,10-12,Thursday,3.34,1,0
CUST_6910,Bangalore South,12-3,Tuesday,8.89,1,0
CUST_6911,Bangalore North,3-5,Friday,3.63,2,1
CUST_6912,Bangalore East,12-3,Wednesday,2.93,2,0
CUST_6913,Bangalore Central,12-3,Friday,5.46,2,0
CUST_6914,Bangalore South,10-12,Tuesday,4.08,2,0
CUST_6915,Bangalore North,10-12,Monday,8.4,3,1
CUST_6916,Bangalore North,3-5,Tuesday,11.94,2,1
CUST_6917,Bangalore Central,10-12,Monday,5.54,2,0
CUST_6918,Bangalore South,12-3,Thursday,8.83,3,0
CUST_6919,Bangalore South,12-3,Wednesday,7.71,3,0
CUST_6920,Bangalore North,3-5,Friday,14.19,2,0
CUST_6921,Bangalore North,10-12,Tuesday,11.3,2,0
CUST_6922,Bangalore Central,12-3,Tuesday,9.62,1,0
CUST_6923,Bangalore East,3-5,Friday,8.63,2,1
CUST_6924,Bangalore Central,12-3,Friday,5.53,2,1
CUST_6925,Bangalore East,10-12,Friday,11.52,1,1
CUST_6926,Bangalore South,12-3,Wednesday,8.35,2,0
CUST_6927,Bangalore East,10-12,Tuesday,5.27,2,0
CUST_6928,Bangalore East,12-3,Thursday,6.07,1,1
CUST_6929,Bangalore East,12-3,Tuesday,6.03,1,0
CUST_6930,Bangalore East,3-5,Tuesday,14.28,2,0
CUST_6931,Bangalore South,10-12,Thursday,12.76,3,0
CUST_6932,Bangalore South,12-3,Friday,1.42,2,1
CUST_6933,Bangalore East,3-5,Thursday,11.62,3,1
CUST_6934,Bangalore North,3-5,Friday,2.04,1,0
CUST_6935,Bangalore North,10-12,Thursday,11.35,1,0
CUST_6936,Bangalore North,3-5,Wednesday,8.68,1,0
CUST_6937,Bangalore East,3-5,Tuesday,3.14,1,1
CUST_6938,Bangalore Central,3-5,Friday,4.11,2,0
CUST_6939,Bangalore South,10-12,Thursday,7.97,2,0
CUST_6940,Bangalore East,10-12,Monday,6.13,1,0
CUST_6941,Bangalore North,3-5,Wednesday,6.14,2,1
CUST_6942,Bangalore Central,12-3,Friday,11.82,2,1
CUST_6943,Bangalore North,10-12,Wednesday,2.23,1,1
CUST_6944,Bangalore South,10-12,Wednesday,12.48,1,0
CUST_6945,Bangalore East,10-12,Monday,11.29,2,1
CUST_6946,Bangalore North,12-3,Friday,11.17,3,0
CUST_6947,Bangalore East,12-3,Thursday,14.02,1,0
CUST_6948,Bangalore North,10-12,Wednesday,10.69,1,1
CUST_6949,Bangalore South,10-12,Monday,10.5,1,1
CUST_6950,Bangalore North,10-12,Thursday,13.27,2,1
CUST_6951,Bangalore East,12-3,Wednesday,1.81,2,0
CUST_6952,Bangalore Central,10-12,Friday,2.34,2,0
CUST_6953,Bangalore South,3-5,Monday,7.79,3,0
CUST_6954,Bangalore South,3-5,Thursday,1.35,1,1
CUST_6955,Bangalore South,10-12,Wednesday,2.17,2,0
CUST_6956,Bangalore East,3-5,Tuesday,6.0,2,0
CUST_6957,Bangalore South,12-3,Thursday,1.77,2,0
CUST_6958,Bangalore East,3-5,Thursday,3.21,1,0
CUST_6959,Bangalore East,10-12,Friday,10.45,2,1
CUST_6960,Bangalore North,3-5,Tuesday,13.7,2,1
CUST_6961,Bangalore East,10-12,Monday,8.19,2,1
CUST_6962,Bangalore North,12-3,Monday,1.91,2,1
CUST_6963,Bangalore Central,12-3,Tuesday,2.48,2,0
CUST_6964,Bangalore North,10-12,Tuesday,11.75,3,1
CUST_6965,Bangalore Central,3-5,Tuesday,12.55,1,1
CUST_6966,Bangalore East,12-3,Thursday,6.54,2,1
CUST_6967,Bangalore South,12-3,Friday,13.1,2,1
CUST_6968,Bangalore South,10-12,Thursday,13.53,1,0
CUST_6969,Bangalore South,10-12,Tuesday,13.83,3,0
CUST_6970,Bangalore Central,3-5,Tuesday,12.68,3,0
CUST_6971,Bangalore North,10-12,Wednesday,6.02,1,1
CUST_6972,Bangalore Central,10-12,Friday,11.88,1,1
CUST_6973,Bangalore East,10-12,Friday,14.77,2,1
CUST_6974,Bangalore Central,3-5,Friday,11.71,2,0
CUST_6975,Bangalore Central,12-3,Thursday,9.16,1,1
CUST_6976,Bangalore South,10-12,Monday,5.49,1,1
CUST_6977,Bangalore North,10-12,Monday,6.56,2,0
CUST_6978,Bangalore East,3-5,Friday,1.61,2,0
CUST_6979,Bangalore South,10-12,Wednesday,14.44,3,0
CUST_6980,Bangalore South,3-5,Tuesday,10.28,2,1
CUST_6981,Bangalore North,12-3,Thursday,4.49,3,0
CUST_6982,Bangalore East,12-3,Wednesday,4.22,2,1
CUST_6983,Bangalore North,10-12,Tuesday,8.65,3,1
CUST_6984,Bangalore East,3-5,Monday,11.27,2,1
CUST_6985,Bangalore South,12-3,Wednesday,10.33,2,1
CUST_6986,Bangalore South,3-5,Tuesday,10.01,1,0
CUST_6987,Bangalore South,10-12,Wednesday,6.27,2,0
CUST_6988,Bangalore South,3-5,Wednesday,5.53,2,1
CUST_6989,Bangalore East,10-12,Monday,14.83,2,1
CUST_6990,Bangalore North,12-3,Monday,2.36,3,0
CUST_6991,Bangalore South,12-3,Tuesday,13.56,1,1
CUST_6992,Bangalore Central,10-12,Tuesday,2.31,3,1
CUST_6993,Bangalore Central,10-12,Tuesday,2.64,2,1
CUST_6994,Bangalore East,10-12,Friday,9.05,3,0
CUST_6995,Bangalore North,10-12,Thursday,3.52,2,1
CUST_6996,Bangalore South,3-5,Wednesday,10.66,2,1
CUST_6997,Bangalore South,12-3,Tuesday,12.65,3,1
CUST_6998,Bangalore East,12-3,Wednesday,3.87,3,1
CUST_6999,Bangalore South,12-3,Thursday,14.42,2,0
CUST_7000,Bangalore Central,3-5,Tuesday,5.44,3,0
CUST_7001,Bangalore East,12-3,Wednesday,9.6,2,1
CUST_7002,Bangalore North,3-5,Wednesday,10.56,2,1
CUST_7003,Bangalore North,12-3,Tuesday,10.54,1,1
CUST_7004,Bangalore South,12-3,Thursday,13.77,2,1
CUST_7005,Bangalore North,12-3,Wednesday,5.1,2,1
CUST_7006,Bangalore North,10-12,Monday,3.1,2,0
CUST_7007,Bangalore Central,3-5,Monday,6.08,3,0
CUST_7008,Bangalore North,10-12,Friday,14.85,1,0
CUST_7009,Bangalore North,12-3,Thursday,14.08,3,0
CUST_7010,Bangalore North,12-3,Monday,1.6,2,1
CUST_7011,Bangalore East,12-3,Wednesday,8.05,2,0
CUST_7012,Bangalore Central,12-3,Friday,2.03,1,0
CUST_7013,Bangalore North,10-12,Tuesday,12.28,1,1
CUST_7014,Bangalore Central,10-12,Friday,13.44,1,0
CUST_7015,Bangalore East,10-12,Monday,3.51,1,1
CUST_7016,Bangalore South,3-5,Friday,5.72,2,0
CUST_7017,Bangalore East,12-3,Monday,9.75,2,1
CUST_7018,Bangalore South,10-12,Wednesday,5.94,2,0
CUST_7019,Bangalore South,10-12,Monday,9.52,3,1
CUST_7020,Bangalore North,3-5,Monday,2.37,2,0
CUST_7021,Bangalore North,12-3,Wednesday,4.96,1,1
CUST_7022,Bangalore North,10-12,Tuesday,3.87,2,0
CUST_7023,Bangalore North,3-5,Friday,12.85,2,0
CUST_7024,Bangalore Central,10-12,Thursday,11.32,3,1
CUST_7025,Bangalore Central,3-5,Wednesday,4.08,1,1
CUST_7026,Bangalore Central,12-3,Friday,5.98,2,0
CUST_7027,Bangalore South,12-3,Thursday,4.88,3,1
CUST_7028,Bangalore South,3-5,Thursday,11.52,3,0
CUST_7029,Bangalore East,3-5,Monday,8.6,1,1
CUST_7030,Bangalore North,3-5,Wednesday,7.32,2,0
CUST_7031,Bangalore East,12-3,Friday,12.01,3,0
CUST_7032,Bangalore North,3-5,Wednesday,4.71,1,0
CUST_7033,Bangalore South,12-3,Friday,14.2,3,0
CUST_7034,Bangalore North,10-12,Wednesday,6.21,2,0
CUST_7035,Bangalore Central,12-3,Tuesday,2.01,2,1
CUST_7036,Bangalore North,12-3,Friday,10.36,2,1
CUST_7037,Bangalore Central,3-5,Monday,8.94,2,1
CUST_7038,Bangalore North,10-12,Wednesday,3.78,2,1
CUST_7039,Bangalore North,12-3,Wednesday,7.42,3,1
CUST_7040,Bangalore South,10-12,Thursday,11.11,1,1
CUST_7041,Bangalore South,3-5,Thursday,2.93,2,1
CUST_7042,Bangalore Central,12-3,Monday,8.5,3,1
CUST_7043,Bangalore South,12-3,Monday,12.43,2,0
CUST_7044,Bangalore North,12-3,Thursday,4.74,3,0
CUST_7045,Bangalore East,12-3,Wednesday,13.43,1,1
CUST_7046,Bangalore East,12-3,Friday,4.29,1,0
CUST_7047,Bangalore North,3-5,Monday,6.47,1,1
CUST_7048,Bangalore South,12-3,Friday,9.33,2,0
CUST_7049,Bangalore Central,3-5,Monday,1.81,2,0
CUST_7050,Bangalore East,3-5,Monday,4.85,2,1
CUST_7051,Bangalore South,10-12,Monday,9.52,1,1
CUST_7052,Bangalore Central,10-12,Wednesday,4.02,1,1
CUST_7053,Bangalore North,12-3,Wednesday,8.36,1,1
CUST_7054,Bangalore Central,3-5,Monday,5.26,2,0
CUST_7055,Bangalore North,12-3,Friday,13.94,2,1
CUST_7056,Bangalore East,3-5,Thursday,12.27,2,1
CUST_7057,Bangalore Central,10-12,Thursday,12.31,2,0
CUST_7058,Bangalore East,10-12,Thursday,1.68,1,1
CUST_7059,Bangalore Central,10-12,Tuesday,11.06,1,0
CUST_7060,Bangalore North,12-3,Friday,2.74,2,1
CUST_7061,Bangalore North,10-12,Tuesday,8.52,3,0
CUST_7062,Bangalore East,12-3,Thursday,8.15,2,0
CUST_7063,Bangalore Central,12-3,Friday,13.59,1,1
CUST_7064,Bangalore East,12-3,Tuesday,9.01,2,0
CUST_7065,Bangalore North,10-12,Friday,10.38,2,0
CUST_7066,Bangalore East,3-5,Friday,1.16,1,1
CUST_7067,Bangalore Central,3-5,Monday,11.27,2,0
CUST_7068,Bangalore Central,3-5,Thursday,4.43,2,0
CUST_7069,Bangalore East,3-5,Monday,14.87,3,0
CUST_7070,Bangalore East,3-5,Tuesday,10.65,3,0
CUST_7071,Bangalore North,12-3,Wednesday,7.73,3,1
CUST_7072,Bangalore South,10-12,Friday,14.97,2,0
CUST_7073,Bangalore North,3-5,Thursday,9.42,3,0
CUST_7074,Bangalore North,12-3,Tuesday,9.1,2,1
CUST_7075,Bangalore Central,10-12,Wednesday,9.64,2,0
CUST_7076,Bangalore Central,10-12,Monday,2.81,2,1
CUST_7077,Bangalore Central,10-12,Monday,7.58,1,0
CUST_7078,Bangalore North,3-5,Tuesday,6.12,1,0
CUST_7079,Bangalore North,3-5,Monday,13.02,3,0
CUST_7080,Bangalore South,10-12,Wednesday,2.19,3,1
CUST_7081,Bangalore Central,12-3,Tuesday,4.19,2,1
CUST_7082,Bangalore Central,10-12,Monday,2.03,1,1
CUST_7083,Bangalore North,10-12,Thursday,5.95,1,1
CUST_7084,Bangalore South,12-3,Thursday,2.71,2,0
CUST_7085,Bangalore Central,3-5,Thursday,9.27,1,1
CUST_7086,Bangalore Central,12-3,Wednesday,3.1,3,1
CUST_7087,Bangalore South,3-5,Monday,7.38,3,1
CUST_7088,Bangalore North,10-12,Monday,3.41,2,1
CUST_7089,Bangalore East,3-5,Monday,6.11,1,1
CUST_7090,Bangalore South,10-12,Monday,14.65,3,1
CUST_7091,Bangalore East,3-5,Monday,14.85,3,0
CUST_7092,Bangalore Central,10-12,Wednesday,6.28,1,1
CUST_7093,Bangalore Central,12-3,Thursday,2.18,1,0
CUST_7094,Bangalore South,10-12,Wednesday,9.34,2,0
CUST_7095,Bangalore North,10-12,Tuesday,10.37,2,1
CUST_7096,Bangalore South,10-12,Friday,14.95,2,1
CUST_7097,Bangalore North,3-5,Thursday,5.42,2,1
CUST_7098,Bangalore North,10-12,Thursday,8.51,3,1
CUST_7099,Bangalore South,12-3,Monday,5.77,2,0
CUST_7100,Bangalore Central,10-12,Monday,8.47,2,1
CUST_7101,Bangalore Central,3-5,Thursday,3.46,3,0
CUST_7102,Bangalore East,3-5,Wednesday,11.87,2,1
CUST_7103,Bangalore North,3-5,Friday,1.69,2,1
CUST_7104,Bangalore East,10-12,Monday,5.5,2,1
CUST_7105,Bangalore East,12-3,Thursday,8.44,2,1
CUST_7106,Bangalore East,3-5,Friday,7.15,1,1
CUST_7107,Bangalore North,10-12,Friday,5.86,2,1
CUST_7108,Bangalore Central,12-3,Wednesday,1.31,2,1
CUST_7109,Bangalore North,10-12,Monday,5.53,2,1
CUST_7110,Bangalore South,12-3,Thursday,9.13,3,0
CUST_7111,Bangalore East,3-5,Thursday,11.33,2,1
CUST_7112,Bangalore East,10-12,Monday,10.21,2,0
CUST_7113,Bangalore Central,10-12,Friday,2.75,1,1
CUST_7114,Bangalore North,10-12,Monday,4.55,1,0
CUST_7115,Bangalore North,12-3,Monday,5.39,3,1
CUST_7116,Bangalore North,3-5,Tuesday,4.22,2,1
CUST_7117,Bangalore East,10-12,Monday,7.52,1,1
CUST_7118,Bangalore Central,3-5,Friday,11.1,1,1
CUST_7119,Bangalore East,12-3,Tuesday,9.88,3,0
CUST_7120,Bangalore East,10-12,Tuesday,12.29,2,1
CUST_7121,Bangalore East,12-3,Friday,13.65,2,0
CUST_7122,Bangalore North,3-5,Tuesday,3.43,2,0
CUST_7123,Bangalore East,10-12,Thursday,12.19,2,0
CUST_7124,Bangalore North,3-5,Friday,3.72,2,1
CUST_7125,Bangalore South,3-5,Wednesday,11.09,3,0
CUST_7126,Bangalore East,10-12,Tuesday,1.49,1,0
CUST_7127,Bangalore North,3-5,Wednesday,13.82,2,0
CUST_7128,Bangalore South,3-5,Monday,9.14,2,0
CUST_7129,Bangalore Central,10-12,Friday,8.38,3,0
CUST_7130,Bangalore North,12-3,Monday,13.34,2,0
CUST_7131,Bangalore North,12-3,Monday,5.16,3,0
CUST_7132,Bangalore East,10-12,Wednesday,13.56,2,1
CUST_7133,Bangalore North,3-5,Friday,14.86,2,0
CUST_7134,Bangalore East,12-3,Monday,7.13,3,1
CUST_7135,Bangalore East,12-3,Wednesday,14.27,1,0
CUST_7136,Bangalore East,10-12,Tuesday,9.93,2,1
CUST_7137,Bangalore North,3-5,Thursday,8.42,1,0
CUST_7138,Bangalore North,12-3,Friday,7.1,2,1
CUST_7139,Bangalore East,3-5,Friday,8.15,1,0
CUST_7140,Bangalore East,10-12,Monday,2.72,1,1
CUST_7141,Bangalore South,10-12,Tuesday,10.0,2,1
CUST_7142,Bangalore North,10-12,Thursday,14.83,1,1
CUST_7143,Bangalore East,12-3,Wednesday,8.72,2,1
CUST_7144,Bangalore North,12-3,Friday,7.95,3,1
CUST_7145,Bangalore South,10-12,Wednesday,8.87,1,0
CUST_7146,Bangalore South,3-5,Wednesday,13.4,2,1
CUST_7147,Bangalore South,3-5,Wednesday,8.98,2,0
CUST_7148,Bangalore East,10-12,Thursday,3.45,2,0
CUST_7149,Bangalore Central,10-12,Tuesday,11.33,1,0
CUST_7150,Bangalore North,12-3,Thursday,13.18,1,1
CUST_7151,Bangalore East,3-5,Wednesday,8.73,3,1
CUST_7152,Bangalore Central,10-12,Friday,10.87,2,0
CUST_7153,Bangalore East,3-5,Friday,10.81,1,1
CUST_7154,Bangalore East,12-3,Monday,1.02,2,0
CUST_7155,Bangalore East,10-12,Friday,13.09,2,1
CUST_7156,Bangalore North,3-5,Tuesday,8.44,3,1
CUST_7157,Bangalore Central,12-3,Monday,7.4,3,1
CUST_7158,Bangalore North,10-12,Tuesday,14.3,2,1
CUST_7159,Bangalore Central,10-12,Tuesday,13.26,2,0
CUST_7160,Bangalore North,12-3,Thursday,9.33,2,0
CUST_7161,Bangalore North,3-5,Monday,11.26,2,0
CUST_7162,Bangalore Central,12-3,Tuesday,14.89,2,1
CUST_7163,Bangalore East,12-3,Tuesday,9.61,3,0
CUST_7164,Bangalore Central,10-12,Tuesday,7.27,3,0
CUST_7165,Bangalore Central,10-12,Tuesday,14.16,3,1
CUST_7166,Bangalore North,10-12,Friday,9.56,2,1
CUST_7167,Bangalore South,3-5,Tuesday,12.99,2,1
CUST_7168,Bangalore North,3-5,Friday,4.1,2,1
CUST_7169,Bangalore South,10-12,Friday,9.44,1,1
CUST_7170,Bangalore North,3-5,Monday,11.46,3,1
CUST_7171,Bangalore South,10-12,Tuesday,10.09,2,1
CUST_7172,Bangalore Central,10-12,Wednesday,8.89,3,1
CUST_7173,Bangalore North,12-3,Tuesday,1.99,1,1
CUST_7174,Bangalore North,12-3,Tuesday,14.52,2,1
CUST_7175,Bangalore North,12-3,Friday,8.04,2,0
CUST_7176,Bangalore Central,3-5,Monday,1.61,3,0
CUST_7177,Bangalore Central,10-12,Thursday,10.38,2,1
CUST_7178,Bangalore South,3-5,Tuesday,5.59,2,0
CUST_7179,Bangalore East,12-3,Monday,7.1,2,1
CUST_7180,Bangalore Central,10-12,Wednesday,1.35,1,0
CUST_7181,Bangalore Central,3-5,Wednesday,8.5,2,1
CUST_7182,Bangalore Central,10-12,Monday,8.18,3,1
CUST_7183,Bangalore North,10-12,Thursday,11.47,1,0
CUST_7184,Bangalore South,10-12,Tuesday,6.34,2,0
CUST_7185,Bangalore Central,3-5,Tuesday,3.81,1,0
CUST_7186,Bangalore East,12-3,Friday,9.92,2,0
CUST_7187,Bangalore South,12-3,Tuesday,1.38,1,1
CUST_7188,Bangalore Central,12-3,Friday,14.89,1,0
CUST_7189,Bangalore Central,3-5,Thursday,6.93,2,0
CUST_7190,Bangalore Central,10-12,Tuesday,1.24,2,1
CUST_7191,Bangalore North,12-3,Friday,12.52,2,1
CUST_7192,Bangalore Central,10-12,Monday,7.26,1,0
CUST_7193,Bangalore South,12-3,Tuesday,6.52,1,1
CUST_7194,Bangalore East,3-5,Friday,10.86,1,0
CUST_7195,Bangalore North,3-5,Thursday,2.85,1,0
CUST_7196,Bangalore Central,10-12,Tuesday,14.95,2,0
CUST_7197,Bangalore South,3-5,Friday,4.71,1,1
CUST_7198,Bangalore North,12-3,Thursday,5.78,3,1
CUST_7199,Bangalore East,12-3,Wednesday,2.08,2,1
CUST_7200,Bangalore Central,3-5,Wednesday,1.79,3,0
CUST_7201,Bangalore North,10-12,Friday,5.68,2,0
CUST_7202,Bangalore North,10-12,Thursday,4.33,3,1
CUST_7203,Bangalore North,12-3,Thursday,2.28,3,1
CUST_7204,Bangalore South,12-3,Friday,8.47,2,1
CUST_7205,Bangalore North,3-5,Tuesday,4.58,3,0
CUST_7206,Bangalore Central,10-12,Tuesday,8.51,3,1
CUST_7207,Bangalore East,10-12,Tuesday,2.07,1,1
CUST_7208,Bangalore East,12-3,Wednesday,2.27,3,0
CUST_7209,Bangalore North,3-5,Monday,9.14,1,1
CUST_7210,Bangalore Central,3-5,Tuesday,14.78,2,0
CUST_7211,Bangalore Central,12-3,Wednesday,9.72,3,0
CUST_7212,Bangalore East,10-12,Monday,1.99,1,1
CUST_7213,Bangalore Central,12-3,Friday,14.55,3,0
CUST_7214,Bangalore North,3-5,Tuesday,12.99,1,0
CUST_7215,Bangalore Central,3-5,Thursday,7.06,1,0
CUST_7216,Bangalore Central,12-3,Tuesday,4.8,2,0
CUST_7217,Bangalore South,3-5,Thursday,10.02,2,0
CUST_7218,Bangalore Central,10-12,Monday,9.34,3,0
CUST_7219,Bangalore North,10-12,Friday,4.84,2,0
CUST_7220,Bangalore East,12-3,Monday,3.41,2,0
CUST_7221,Bangalore Central,3-5,Thursday,8.17,2,1
CUST_7222,Bangalore Central,12-3,Friday,5.68,1,0
CUST_7223,Bangalore Central,10-12,Thursday,3.83,2,0
CUST_7224,Bangalore East,3-5,Tuesday,5.43,3,0
CUST_7225,Bangalore East,10-12,Monday,9.68,3,1
CUST_7226,Bangalore North,12-3,Monday,7.76,2,0
CUST_7227,Bangalore Central,10-12,Tuesday,14.03,1,1
CUST_7228,Bangalore North,10-12,Wednesday,8.03,1,1
CUST_7229,Bangalore East,3-5,Thursday,4.64,1,1
CUST_7230,Bangalore Central,12-3,Friday,2.51,1,0
CUST_7231,Bangalore East,10-12,Thursday,1.31,3,0
CUST_7232,Bangalore Central,12-3,Monday,13.72,3,0
CUST_7233,Bangalore South,12-3,Wednesday,8.9,2,1
CUST_7234,Bangalore North,3-5,Friday,14.11,2,0
CUST_7235,Bangalore South,3-5,Thursday,2.79,1,0
CUST_7236,Bangalore South,10-12,Wednesday,14.79,1,1
CUST_7237,Bangalore South,12-3,Thursday,4.82,2,0
CUST_7238,Bangalore South,12-3,Friday,13.9,2,1
CUST_7239,Bangalore North,12-3,Tuesday,1.73,2,0
CUST_7240,Bangalore Central,3-5,Monday,7.55,1,1
CUST_7241,Bangalore South,3-5,Friday,5.64,2,1
CUST_7242,Bangalore South,10-12,Tuesday,7.8,3,0
CUST_7243,Bangalore Central,3-5,Tuesday,9.75,3,1
CUST_7244,Bangalore Central,3-5,Thursday,9.8,1,0
CUST_7245,Bangalore East,10-12,Friday,4.03,1,1
CUST_7246,Bangalore North,10-12,Friday,1.64,1,0
CUST_7247,Bangalore Central,10-12,Wednesday,4.68,2,1
CUST_7248,Bangalore North,3-5,Tuesday,14.11,2,0
CUST_7249,Bangalore Central,12-3,Friday,13.96,1,0
CUST_7250,Bangalore North,12-3,Wednesday,3.54,2,0
CUST_7251,Bangalore North,12-3,Friday,5.21,2,0
CUST_7252,Bangalore East,3-5,Monday,7.11,2,0
CUST_7253,Bangalore North,3-5,Friday,11.0,1,1
CUST_7254,Bangalore Central,10-12,Thursday,6.06,2,0
CUST_7255,Bangalore South,12-3,Monday,12.11,2,1
CUST_7256,Bangalore South,12-3,Friday,13.37,2,1
CUST_7257,Bangalore Central,10-12,Thursday,9.64,2,1
CUST_7258,Bangalore Central,3-5,Thursday,2.13,3,0
CUST_7259,Bangalore South,3-5,Monday,11.96,2,1
CUST_7260,Bangalore North,12-3,Friday,13.11,2,1
CUST_7261,Bangalore South,3-5,Friday,11.67,2,0
CUST_7262,Bangalore East,12-3,Monday,2.66,1,0
CUST_7263,Bangalore East,3-5,Thursday,8.7,3,0
CUST_7264,Bangalore Central,3-5,Monday,10.59,3,0
CUST_7265,Bangalore Central,10-12,Tuesday,14.86,2,1
CUST_7266,Bangalore East,12-3,Monday,1.64,1,1
CUST_7267,Bangalore South,3-5,Monday,2.59,2,0
CUST_7268,Bangalore Central,3-5,Tuesday,13.14,1,1
CUST_7269,Bangalore North,3-5,Wednesday,4.02,2,1
CUST_7270,Bangalore North,10-12,Tuesday,6.51,1,0
CUST_7271,Bangalore South,10-12,Thursday,8.86,2,1
CUST_7272,Bangalore South,10-12,Friday,9.54,2,1
CUST_7273,Bangalore Central,3-5,Monday,6.2,1,1
CUST_7274,Bangalore Central,3-5,Wednesday,3.03,2,1
CUST_7275,Bangalore Central,10-12,Monday,8.63,2,0
CUST_7276,Bangalore North,12-3,Friday,3.34,2,0
CUST_7277,Bangalore Central,10-12,Wednesday,14.29,2,1
CUST_7278,Bangalore North,10-12,Friday,2.16,2,1
CUST_7279,Bangalore Central,10-12,Tuesday,13.59,3,1
CUST_7280,Bangalore Central,12-3,Tuesday,3.49,1,0
CUST_7281,Bangalore South,10-12,Tuesday,5.41,3,1
CUST_7282,Bangalore South,10-12,Monday,10.93,2,0
CUST_7283,Bangalore North,10-12,Thursday,5.64,2,0
CUST_7284,Bangalore South,10-12,Monday,5.24,1,1
CUST_7285,Bangalore East,3-5,Friday,11.94,2,1
CUST_7286,Bangalore North,12-3,Tuesday,4.65,1,0
CUST_7287,Bangalore East,3-5,Tuesday,11.7,3,1
CUST_7288,Bangalore Central,10-12,Monday,1.4,2,1
CUST_7289,Bangalore South,12-3,Thursday,7.53,2,0
CUST_7290,Bangalore North,10-12,Friday,9.19,2,0
CUST_7291,Bangalore East,3-5,Wednesday,5.97,1,0
CUST_7292,Bangalore South,12-3,Tuesday,11.87,2,0
CUST_7293,Bangalore South,12-3,Monday,3.13,2,1
CUST_7294,Bangalore East,10-12,Tuesday,6.83,3,0
CUST_7295,Bangalore Central,10-12,Friday,14.15,1,0
CUST_7296,Bangalore North,3-5,Tuesday,4.98,2,0
CUST_7297,Bangalore East,3-5,Friday,5.23,2,1
CUST_7298,Bangalore East,10-12,Wednesday,4.35,3,1
CUST_7299,Bangalore North,12-3,Monday,6.06,2,0
CUST_7300,Bangalore East,12-3,Thursday,9.89,3,0
CUST_7301,Bangalore East,10-12,Tuesday,6.7,1,1
CUST_7302,Bangalore South,10-12,Tuesday,1.63,3,1
CUST_7303,Bangalore South,12-3,Tuesday,3.01,2,0
CUST_7304,Bangalore North,3-5,Monday,5.62,1,0
CUST_7305,Bangalore South,10-12,Monday,7.69,2,0
CUST_7306,Bangalore Central,3-5,Wednesday,12.41,1,0
CUST_7307,Bangalore East,3-5,Wednesday,2.86,2,0
CUST_7308,Bangalore South,12-3,Friday,4.39,1,0
CUST_7309,Bangalore South,3-5,Monday,8.47,2,0
CUST_7310,Bangalore South,3-5,Tuesday,14.43,2,1
CUST_7311,Bangalore South,12-3,Wednesday,6.33,1,0
CUST_7312,Bangalore North,3-5,Thursday,5.77,2,0
CUST_7313,Bangalore East,3-5,Tuesday,12.17,1,0
CUST_7314,Bangalore South,3-5,Thursday,14.93,1,0
CUST_7315,Bangalore East,12-3,Thursday,4.34,1,0
CUST_7316,Bangalore South,3-5,Friday,9.37,2,0
CUST_7317,Bangalore South,3-5,Friday,8.88,3,0
CUST_7318,Bangalore South,12-3,Wednesday,8.19,2,1
CUST_7319,Bangalore North,3-5,Thursday,14.42,2,1
CUST_7320,Bangalore North,12-3,Wednesday,1.71,2,1
CUST_7321,Bangalore North,3-5,Tuesday,14.57,1,0
CUST_7322,Bangalore North,3-5,Friday,7.48,2,1
CUST_7323,Bangalore East,12-3,Tuesday,2.48,1,0
CUST_7324,Bangalore Central,10-12,Tuesday,8.44,2,0
CUST_7325,Bangalore South,3-5,Monday,2.15,1,1
CUST_7326,Bangalore East,12-3,Tuesday,9.73,2,1
CUST_7327,Bangalore East,10-12,Tuesday,14.9,1,1
CUST_7328,Bangalore North,3-5,Wednesday,9.36,1,1
CUST_7329,Bangalore North,10-12,Tuesday,5.28,3,0
CUST_7330,Bangalore Central,12-3,Wednesday,9.13,1,1
CUST_7331,Bangalore South,3-5,Thursday,2.82,2,1
CUST_7332,Bangalore North,12-3,Thursday,3.62,2,0
CUST_7333,Bangalore South,3-5,Monday,9.52,1,1
CUST_7334,Bangalore East,3-5,Wednesday,1.05,3,1
CUST_7335,Bangalore South,12-3,Friday,13.52,3,1
CUST_7336,Bangalore East,12-3,Friday,2.03,2,1
CUST_7337,Bangalore South,3-5,Friday,1.66,1,0
CUST_7338,Bangalore South,12-3,Wednesday,10.41,3,0
CUST_7339,Bangalore Central,3-5,Wednesday,11.34,3,0
CUST_7340,Bangalore South,3-5,Wednesday,7.11,1,1
CUST_7341,Bangalore South,12-3,Monday,1.07,2,0
CUST_7342,Bangalore East,12-3,Monday,5.97,2,1
CUST_7343,Bangalore South,3-5,Thursday,5.29,2,0
CUST_7344,Bangalore South,10-12,Thursday,14.3,1,0
CUST_7345,Bangalore Central,10-12,Friday,7.27,1,0
CUST_7346,Bangalore Central,3-5,Thursday,13.7,1,0
CUST_7347,Bangalore East,10-12,Tuesday,14.08,1,1
CUST_7348,Bangalore Central,3-5,Monday,2.35,3,0
CUST_7349,Bangalore South,12-3,Tuesday,12.89,2,0
CUST_7350,Bangalore Central,10-12,Thursday,10.55,2,1
CUST_7351,Bangalore East,10-12,Thursday,6.42,2,0
CUST_7352,Bangalore North,12-3,Wednesday,2.97,1,1
CUST_7353,Bangalore South,12-3,Wednesday,1.16,3,0
CUST_7354,Bangalore East,12-3,Tuesday,7.32,1,1
CUST_7355,Bangalore South,3-5,Friday,10.83,1,1
CUST_7356,Bangalore East,3-5,Tuesday,11.78,1,1
CUST_7357,Bangalore North,3-5,Friday,9.23,1,0
CUST_7358,Bangalore Central,12-3,Tuesday,14.34,2,1
CUST_7359,Bangalore East,3-5,Tuesday,7.03,1,0
CUST_7360,Bangalore Central,10-12,Monday,9.38,1,0
CUST_7361,Bangalore South,3-5,Friday,12.89,1,1
CUST_7362,Bangalore East,3-5,Tuesday,6.53,2,0
CUST_7363,Bangalore East,3-5,Thursday,12.88,1,0
CUST_7364,Bangalore East,10-12,Friday,10.66,3,0
CUST_7365,Bangalore Central,12-3,Friday,2.74,2,0
CUST_7366,Bangalore Central,10-12,Monday,3.43,1,1
CUST_7367,Bangalore Central,12-3,Monday,2.38,1,1
CUST_7368,Bangalore South,10-12,Thursday,5.65,2,1
CUST_7369,Bangalore Central,10-12,Friday,5.77,2,1
CUST_7370,Bangalore East,3-5,Wednesday,1.16,3,1
CUST_7371,Bangalore Central,10-12,Monday,11.87,2,0
CUST_7372,Bangalore South,12-3,Friday,8.84,2,0
CUST_7373,Bangalore Central,10-12,Tuesday,8.21,3,1
CUST_7374,Bangalore Central,3-5,Thursday,14.76,2,0
CUST_7375,Bangalore South,12-3,Tuesday,11.73,3,1
CUST_7376,Bangalore East,12-3,Friday,6.92,2,1
CUST_7377,Bangalore South,3-5,Friday,2.24,1,0
CUST_7378,Bangalore Central,10-12,Tuesday,3.47,2,0
CUST_7379,Bangalore North,10-12,Wednesday,2.38,3,1
CUST_7380,Bangalore North,3-5,Thursday,5.15,1,0
CUST_7381,Bangalore East,3-5,Wednesday,5.08,2,1
CUST_7382,Bangalore North,12-3,Wednesday,5.32,1,1
CUST_7383,Bangalore South,12-3,Tuesday,7.69,1,0
CUST_7384,Bangalore North,3-5,Wednesday,14.57,1,1
CUST_7385,Bangalore Central,12-3,Tuesday,1.83,2,1
CUST_7386,Bangalore East,3-5,Wednesday,8.57,3,1
CUST_7387,Bangalore North,3-5,Friday,6.3,3,0
CUST_7388,Bangalore East,3-5,Thursday,2.22,2,1
CUST_7389,Bangalore Central,12-3,Thursday,1.86,3,1
CUST_7390,Bangalore East,3-5,Monday,11.34,3,0
CUST_7391,Bangalore South,10-12,Thursday,12.74,3,1
CUST_7392,Bangalore North,10-12,Tuesday,10.61,1,1
CUST_7393,Bangalore North,3-5,Thursday,9.37,2,0
CUST_7394,Bangalore South,10-12,Wednesday,3.35,2,1
CUST_7395,Bangalore East,12-3,Monday,2.25,2,1
CUST_7396,Bangalore South,10-12,Wednesday,5.1,2,0
CUST_7397,Bangalore North,10-12,Monday,4.86,2,1
CUST_7398,Bangalore North,10-12,Friday,13.61,2,1
CUST_7399,Bangalore North,3-5,Wednesday,7.35,2,1
CUST_7400,Bangalore North,10-12,Wednesday,8.13,1,0
CUST_7401,Bangalore East,12-3,Wednesday,1.81,2,1
CUST_7402,Bangalore Central,3-5,Wednesday,11.87,1,1
CUST_7403,Bangalore South,3-5,Monday,8.16,2,0
CUST_7404,Bangalore North,12-3,Tuesday,11.47,2,0
CUST_7405,Bangalore North,12-3,Thursday,10.84,2,1
CUST_7406,Bangalore Central,3-5,Tuesday,10.03,2,0
CUST_7407,Bangalore Central,10-12,Monday,12.49,1,0
CUST_7408,Bangalore Central,3-5,Monday,11.41,1,0
CUST_7409,Bangalore South,10-12,Friday,14.75,1,0
CUST_7410,Bangalore South,12-3,Wednesday,13.63,2,1
CUST_7411,Bangalore Central,10-12,Monday,14.49,2,0
CUST_7412,Bangalore Central,12-3,Thursday,2.65,2,1
CUST_7413,Bangalore Central,3-5,Friday,8.83,2,0
CUST_7414,Bangalore Central,3-5,Thursday,5.29,2,0
CUST_7415,Bangalore South,12-3,Wednesday,1.53,2,1
CUST_7416,Bangalore Central,3-5,Monday,11.36,2,0
CUST_7417,Bangalore Central,10-12,Thursday,6.95,2,0
CUST_7418,Bangalore South,10-12,Tuesday,7.87,1,0
CUST_7419,Bangalore South,12-3,Friday,4.36,3,1
CUST_7420,Bangalore East,3-5,Tuesday,6.38,2,0
CUST_7421,Bangalore Central,3-5,Friday,10.17,2,0
CUST_7422,Bangalore North,3-5,Wednesday,13.55,3,0
CUST_7423,Bangalore South,12-3,Monday,5.86,1,0
CUST_7424,Bangalore South,10-12,Tuesday,11.24,1,1
CUST_7425,Bangalore East,3-5,Tuesday,13.83,3,0
CUST_7426,Bangalore East,3-5,Wednesday,11.09,1,0
CUST_7427,Bangalore South,12-3,Monday,11.57,3,1
CUST_7428,Bangalore South,12-3,Friday,14.53,2,0
CUST_7429,Bangalore South,10-12,Monday,4.36,2,1
CUST_7430,Bangalore North,3-5,Friday,11.96,2,0
CUST_7431,Bangalore North,3-5,Wednesday,8.46,2,0
CUST_7432,Bangalore East,10-12,Friday,4.29,2,0
CUST_7433,Bangalore Central,10-12,Tuesday,4.38,2,1
CUST_7434,Bangalore East,10-12,Thursday,14.43,2,0
CUST_7435,Bangalore North,12-3,Friday,4.62,2,0
CUST_7436,Bangalore Central,12-3,Friday,5.75,2,0
CUST_7437,Bangalore North,3-5,Friday,9.42,2,1
CUST_7438,Bangalore East,3-5,Friday,12.15,3,1
CUST_7439,Bangalore Central,12-3,Monday,4.87,1,1
CUST_7440,Bangalore Central,12-3,Wednesday,2.28,3,0
CUST_7441,Bangalore Central,10-12,Monday,6.52,2,0
CUST_7442,Bangalore North,12-3,Thursday,14.15,1,0
CUST_7443,Bangalore South,3-5,Wednesday,2.86,2,1
CUST_7444,Bangalore East,3-5,Monday,12.71,1,1
CUST_7445,Bangalore South,12-3,Wednesday,5.11,2,1
CUST_7446,Bangalore North,3-5,Monday,5.6,3,1
CUST_7447,Bangalore Central,3-5,Thursday,8.75,3,1
CUST_7448,Bangalore Central,10-12,Monday,4.3,1,0
CUST_7449,Bangalore Central,12-3,Thursday,8.02,2,0
CUST_7450,Bangalore South,10-12,Monday,14.83,2,0
CUST_7451,Bangalore South,12-3,Wednesday,7.15,2,0
CUST_7452,Bangalore Central,12-3,Wednesday,7.8,1,0
CUST_7453,Bangalore East,3-5,Tuesday,14.0,1,1
CUST_7454,Bangalore South,10-12,Friday,7.98,3,0
CUST_7455,Bangalore South,3-5,Wednesday,2.7,2,1
CUST_7456,Bangalore South,3-5,Wednesday,7.06,2,0
CUST_7457,Bangalore East,3-5,Thursday,8.68,1,1
CUST_7458,Bangalore East,12-3,Thursday,12.59,3,0
CUST_7459,Bangalore North,10-12,Friday,12.95,2,1
CUST_7460,Bangalore Central,12-3,Tuesday,1.69,1,0
CUST_7461,Bangalore North,3-5,Wednesday,5.69,2,1
CUST_7462,Bangalore South,12-3,Tuesday,5.77,2,0
CUST_7463,Bangalore South,3-5,Monday,9.31,3,1
CUST_7464,Bangalore Central,3-5,Friday,1.04,1,0
CUST_7465,Bangalore South,10-12,Wednesday,4.28,3,0
CUST_7466,Bangalore North,10-12,Tuesday,4.64,2,1
CUST_7467,Bangalore East,3-5,Thursday,9.2,2,1
CUST_7468,Bangalore East,10-12,Thursday,4.3,2,0
CUST_7469,Bangalore North,12-3,Thursday,13.75,2,0
CUST_7470,Bangalore East,10-12,Monday,10.34,2,1
CUST_7471,Bangalore North,10-12,Friday,5.62,1,1
CUST_7472,Bangalore Central,10-12,Thursday,14.94,2,1
CUST_7473,Bangalore Central,12-3,Thursday,3.34,1,1
CUST_7474,Bangalore North,12-3,Monday,13.16,2,0
CUST_7475,Bangalore South,10-12,Tuesday,10.56,3,1
CUST_7476,Bangalore South,12-3,Tuesday,11.88,2,1
CUST_7477,Bangalore South,10-12,Thursday,5.34,3,1
CUST_7478,Bangalore North,10-12,Friday,14.44,2,0
CUST_7479,Bangalore Central,3-5,Tuesday,14.07,2,0
CUST_7480,Bangalore North,12-3,Monday,8.52,2,0
CUST_7481,Bangalore North,3-5,Thursday,8.4,2,0
CUST_7482,Bangalore South,12-3,Tuesday,12.71,2,0
CUST_7483,Bangalore South,3-5,Wednesday,5.27,3,1
CUST_7484,Bangalore South,12-3,Wednesday,3.36,1,1
CUST_7485,Bangalore Central,12-3,Wednesday,6.02,2,0
CUST_7486,Bangalore East,3-5,Monday,3.71,2,1
CUST_7487,Bangalore East,3-5,Thursday,9.05,1,1
CUST_7488,Bangalore North,12-3,Friday,3.23,2,0
CUST_7489,Bangalore Central,10-12,Monday,13.54,1,0
CUST_7490,Bangalore South,12-3,Friday,3.55,3,0
CUST_7491,Bangalore East,10-12,Tuesday,3.27,1,0
CUST_7492,Bangalore South,3-5,Wednesday,5.88,2,0
CUST_7493,Bangalore South,10-12,Thursday,10.72,1,0
CUST_7494,Bangalore North,10-12,Thursday,14.45,2,0
CUST_7495,Bangalore Central,12-3,Tuesday,13.4,1,1
CUST_7496,Bangalore East,3-5,Tuesday,1.26,2,1
CUST_7497,Bangalore North,12-3,Tuesday,8.89,2,0
CUST_7498,Bangalore Central,3-5,Friday,3.72,2,0
CUST_7499,Bangalore South,10-12,Friday,1.05,3,1
CUST_7500,Bangalore Central,10-12,Friday,2.15,1,1
CUST_7501,Bangalore Central,3-5,Tuesday,6.61,3,0
CUST_7502,Bangalore East,3-5,Wednesday,12.64,2,0
CUST_7503,Bangalore East,3-5,Tuesday,9.78,2,1
CUST_7504,Bangalore East,3-5,Friday,2.11,1,0
CUST_7505,Bangalore North,3-5,Wednesday,4.57,2,0
CUST_7506,Bangalore East,12-3,Friday,7.78,3,1
CUST_7507,Bangalore East,12-3,Monday,7.16,1,0
CUST_7508,Bangalore South,3-5,Monday,14.78,1,0
CUST_7509,Bangalore South,12-3,Tuesday,3.9,3,1
CUST_7510,Bangalore North,10-12,Friday,4.84,2,0
CUST_7511,Bangalore North,12-3,Friday,9.09,2,1
CUST_7512,Bangalore East,3-5,Monday,6.56,3,0
CUST_7513,Bangalore South,3-5,Wednesday,6.69,2,0
CUST_7514,Bangalore North,3-5,Wednesday,13.75,2,1
CUST_7515,Bangalore North,10-12,Wednesday,10.52,2,1
CUST_7516,Bangalore South,10-12,Friday,8.67,2,0
CUST_7517,Bangalore East,12-3,Friday,6.65,3,1
CUST_7518,Bangalore Central,12-3,Thursday,13.02,1,1
CUST_7519,Bangalore Central,10-12,Wednesday,10.27,2,1
CUST_7520,Bangalore East,12-3,Friday,10.03,1,1
CUST_7521,Bangalore Central,3-5,Friday,6.29,2,0
CUST_7522,Bangalore Central,3-5,Monday,12.34,3,1
CUST_7523,Bangalore East,3-5,Friday,13.55,2,0
CUST_7524,Bangalore East,12-3,Monday,14.39,2,0
CUST_7525,Bangalore South,10-12,Thursday,4.34,2,0
CUST_7526,Bangalore Central,3-5,Wednesday,6.41,2,0
CUST_7527,Bangalore East,12-3,Tuesday,3.32,1,0
CUST_7528,Bangalore North,10-12,Wednesday,11.31,1,1
CUST_7529,Bangalore North,3-5,Tuesday,14.56,1,1
CUST_7530,Bangalore East,12-3,Thursday,5.35,2,0
CUST_7531,Bangalore East,10-12,Thursday,11.96,2,1
CUST_7532,Bangalore South,12-3,Friday,10.27,2,0
CUST_7533,Bangalore East,3-5,Thursday,1.85,2,0
CUST_7534,Bangalore East,12-3,Thursday,1.06,1,1
CUST_7535,Bangalore North,3-5,Friday,4.89,2,1
CUST_7536,Bangalore Central,3-5,Thursday,14.95,3,0
CUST_7537,Bangalore East,12-3,Monday,13.24,2,0
CUST_7538,Bangalore East,10-12,Monday,9.06,2,1
CUST_7539,Bangalore North,3-5,Tuesday,10.32,2,1
CUST_7540,Bangalore Central,10-12,Friday,9.53,3,1
CUST_7541,Bangalore North,12-3,Tuesday,7.43,1,1
CUST_7542,Bangalore East,10-12,Monday,8.8,1,1
CUST_7543,Bangalore North,12-3,Tuesday,7.56,2,1
CUST_7544,Bangalore South,10-12,Friday,6.84,2,1
CUST_7545,Bangalore East,10-12,Monday,3.27,2,1
CUST_7546,Bangalore South,3-5,Monday,1.52,2,1
CUST_7547,Bangalore North,3-5,Thursday,13.7,2,1
CUST_7548,Bangalore South,3-5,Monday,2.51,2,1
CUST_7549,Bangalore Central,10-12,Thursday,8.31,2,0
CUST_7550,Bangalore North,12-3,Thursday,6.56,2,1
CUST_7551,Bangalore East,12-3,Thursday,3.08,2,1
CUST_7552,Bangalore Central,12-3,Thursday,6.6,2,1
CUST_7553,Bangalore North,3-5,Monday,12.68,3,1
CUST_7554,Bangalore South,10-12,Tuesday,10.52,1,0
CUST_7555,Bangalore Central,12-3,Tuesday,6.5,1,0
CUST_7556,Bangalore North,3-5,Thursday,7.35,2,0
CUST_7557,Bangalore South,3-5,Thursday,14.43,1,1
CUST_7558,Bangalore Central,12-3,Wednesday,7.64,3,0
CUST_7559,Bangalore North,12-3,Tuesday,13.93,2,1
CUST_7560,Bangalore North,3-5,Monday,9.71,2,1
CUST_7561,Bangalore East,3-5,Wednesday,9.13,3,0
CUST_7562,Bangalore North,3-5,Thursday,13.4,3,0
CUST_7563,Bangalore East,3-5,Friday,8.81,1,1
CUST_7564,Bangalore North,3-5,Wednesday,2.68,2,0
CUST_7565,Bangalore East,12-3,Monday,6.87,2,0
CUST_7566,Bangalore South,10-12,Thursday,4.67,2,1
CUST_7567,Bangalore Central,10-12,Thursday,11.12,3,0
CUST_7568,Bangalore South,12-3,Friday,7.15,2,1
CUST_7569,Bangalore South,3-5,Thursday,11.59,3,1
CUST_7570,Bangalore Central,10-12,Thursday,2.62,1,0
CUST_7571,Bangalore North,10-12,Tuesday,12.38,2,0
CUST_7572,Bangalore East,12-3,Wednesday,5.62,2,0
CUST_7573,Bangalore East,3-5,Tuesday,4.72,3,0
CUST_7574,Bangalore Central,3-5,Wednesday,12.95,1,0
CUST_7575,Bangalore Central,12-3,Wednesday,9.95,2,1
CUST_7576,Bangalore South,10-12,Tuesday,7.97,2,0
CUST_7577,Bangalore North,3-5,Monday,5.5,2,1
CUST_7578,Bangalore East,3-5,Tuesday,3.37,2,0
CUST_7579,Bangalore Central,10-12,Friday,7.69,2,0
CUST_7580,Bangalore North,3-5,Tuesday,7.18,3,1
CUST_7581,Bangalore Central,3-5,Wednesday,2.81,2,0
CUST_7582,Bangalore East,3-5,Friday,7.59,2,0
CUST_7583,Bangalore North,12-3,Friday,11.71,1,0
CUST_7584,Bangalore North,3-5,Wednesday,5.0,2,0
CUST_7585,Bangalore South,12-3,Wednesday,8.79,2,1
CUST_7586,Bangalore North,12-3,Monday,9.5,2,0
CUST_7587,Bangalore North,3-5,Friday,13.23,3,0
CUST_7588,Bangalore Central,3-5,Monday,12.79,2,1
CUST_7589,Bangalore North,3-5,Wednesday,10.85,2,0
CUST_7590,Bangalore North,12-3,Thursday,5.55,2,1
CUST_7591,Bangalore North,12-3,Wednesday,2.55,2,1
CUST_7592,Bangalore Central,10-12,Wednesday,9.03,1,0
CUST_7593,Bangalore South,12-3,Wednesday,7.87,2,1
CUST_7594,Bangalore North,10-12,Friday,1.22,2,1
CUST_7595,Bangalore North,3-5,Wednesday,5.9,2,1
CUST_7596,Bangalore East,10-12,Thursday,8.52,2,1
CUST_7597,Bangalore South,10-12,Thursday,5.61,2,0
CUST_7598,Bangalore Central,10-12,Friday,2.83,1,0
CUST_7599,Bangalore East,3-5,Monday,2.23,2,0
CUST_7600,Bangalore Central,10-12,Tuesday,4.2,2,1
CUST_7601,Bangalore Central,3-5,Tuesday,4.3,1,0
CUST_7602,Bangalore East,3-5,Wednesday,5.63,2,0
CUST_7603,Bangalore Central,12-3,Monday,1.65,3,0
CUST_7604,Bangalore South,3-5,Friday,9.84,1,1
CUST_7605,Bangalore Central,10-12,Wednesday,3.84,1,1
CUST_7606,Bangalore South,10-12,Wednesday,4.03,1,1
CUST_7607,Bangalore Central,12-3,Wednesday,1.68,1,0
CUST_7608,Bangalore Central,10-12,Thursday,1.96,2,1
CUST_7609,Bangalore North,12-3,Wednesday,3.81,3,1
CUST_7610,Bangalore Central,10-12,Wednesday,14.9,2,0
CUST_7611,Bangalore Central,10-12,Wednesday,3.56,2,0
CUST_7612,Bangalore East,10-12,Wednesday,11.77,1,0
CUST_7613,Bangalore North,3-5,Wednesday,8.08,2,0
CUST_7614,Bangalore South,3-5,Wednesday,6.76,3,0
CUST_7615,Bangalore South,3-5,Tuesday,3.85,3,0
CUST_7616,Bangalore East,3-5,Thursday,13.87,1,0
CUST_7617,Bangalore East,10-12,Wednesday,1.25,1,1
CUST_7618,Bangalore South,3-5,Thursday,10.72,2,1
CUST_7619,Bangalore Central,12-3,Wednesday,10.05,3,1
CUST_7620,Bangalore South,3-5,Tuesday,6.97,1,0
CUST_7621,Bangalore Central,10-12,Tuesday,10.6,3,1
CUST_7622,Bangalore East,12-3,Wednesday,9.59,2,0
CUST_7623,Bangalore North,12-3,Tuesday,10.36,2,0
CUST_7624,Bangalore North,10-12,Wednesday,11.1,2,1
CUST_7625,Bangalore East,12-3,Wednesday,7.71,2,1
CUST_7626,Bangalore East,12-3,Tuesday,3.37,2,0
CUST_7627,Bangalore Central,12-3,Thursday,3.23,1,0
CUST_7628,Bangalore South,10-12,Monday,13.56,1,0
CUST_7629,Bangalore North,12-3,Tuesday,10.45,2,1
CUST_7630,Bangalore Central,12-3,Wednesday,2.75,2,0
CUST_7631,Bangalore South,10-12,Wednesday,5.47,2,0
CUST_7632,Bangalore South,12-3,Friday,10.75,1,1
CUST_7633,Bangalore Central,3-5,Thursday,11.12,1,0
CUST_7634,Bangalore North,3-5,Thursday,4.25,2,1
CUST_7635,Bangalore Central,3-5,Wednesday,8.54,1,0
CUST_7636,Bangalore Central,12-3,Thursday,10.62,3,1
CUST_7637,Bangalore East,12-3,Wednesday,10.08,1,1
CUST_7638,Bangalore Central,3-5,Friday,12.15,3,1
CUST_7639,Bangalore East,3-5,Friday,1.26,2,1
CUST_7640,Bangalore Central,12-3,Tuesday,14.36,2,1
CUST_7641,Bangalore South,12-3,Thursday,8.66,2,1
CUST_7642,Bangalore East,12-3,Wednesday,3.06,1,0
CUST_7643,Bangalore East,3-5,Monday,9.01,2,0
CUST_7644,Bangalore Central,10-12,Thursday,9.42,1,1
CUST_7645,Bangalore North,12-3,Monday,12.23,1,1
CUST_7646,Bangalore North,12-3,Wednesday,3.08,1,1
CUST_7647,Bangalore North,12-3,Monday,9.48,1,1
CUST_7648,Bangalore East,10-12,Wednesday,4.23,2,0
CUST_7649,Bangalore East,12-3,Friday,8.67,2,1
CUST_7650,Bangalore North,10-12,Tuesday,11.21,2,1
CUST_7651,Bangalore South,10-12,Monday,2.54,3,0
CUST_7652,Bangalore South,12-3,Wednesday,11.81,2,1
CUST_7653,Bangalore South,12-3,Monday,8.35,2,1
CUST_7654,Bangalore South,10-12,Thursday,1.35,1,0
CUST_7655,Bangalore East,3-5,Monday,8.08,1,0
CUST_7656,Bangalore East,12-3,Tuesday,12.39,3,0
CUST_7657,Bangalore North,10-12,Friday,12.58,2,0
CUST_7658,Bangalore South,10-12,Friday,6.74,1,0
CUST_7659,Bangalore Central,12-3,Monday,7.25,3,1
CUST_7660,Bangalore North,10-12,Monday,7.74,1,0
CUST_7661,Bangalore South,10-12,Friday,2.55,2,1
CUST_7662,Bangalore Central,12-3,Monday,1.64,2,0
CUST_7663,Bangalore South,3-5,Tuesday,11.87,2,1
CUST_7664,Bangalore East,12-3,Friday,1.74,2,1
CUST_7665,Bangalore South,3-5,Tuesday,14.52,2,0
CUST_7666,Bangalore South,3-5,Thursday,5.51,1,0
CUST_7667,Bangalore South,12-3,Wednesday,6.5,2,1
CUST_7668,Bangalore North,10-12,Tuesday,4.81,1,0
CUST_7669,Bangalore Central,10-12,Wednesday,13.33,2,1
CUST_7670,Bangalore East,12-3,Wednesday,12.95,1,1
CUST_7671,Bangalore East,3-5,Wednesday,5.43,1,0
CUST_7672,Bangalore North,3-5,Wednesday,4.49,2,1
CUST_7673,Bangalore Central,10-12,Friday,5.43,2,0
CUST_7674,Bangalore East,10-12,Monday,5.35,1,1
CUST_7675,Bangalore Central,3-5,Friday,5.26,1,0
CUST_7676,Bangalore South,3-5,Monday,5.54,3,0
CUST_7677,Bangalore East,10-12,Tuesday,6.36,2,0
CUST_7678,Bangalore East,3-5,Wednesday,5.84,1,0
CUST_7679,Bangalore North,10-12,Friday,1.86,2,0
CUST_7680,Bangalore Central,3-5,Tuesday,13.7,1,0
CUST_7681,Bangalore Central,12-3,Friday,4.85,2,1
CUST_7682,Bangalore South,12-3,Monday,7.67,1,0
CUST_7683,Bangalore South,12-3,Friday,12.12,3,0
CUST_7684,Bangalore North,3-5,Monday,1.88,2,1
CUST_7685,Bangalore South,12-3,Thursday,3.99,2,0
CUST_7686,Bangalore North,12-3,Friday,4.41,1,1
CUST_7687,Bangalore Central,12-3,Friday,4.28,3,1
CUST_7688,Bangalore East,3-5,Friday,13.56,2,0
CUST_7689,Bangalore Central,3-5,Monday,5.06,2,0
CUST_7690,Bangalore South,3-5,Tuesday,13.99,2,0
CUST_7691,Bangalore East,10-12,Thursday,7.63,3,0
CUST_7692,Bangalore East,12-3,Tuesday,13.04,3,1
CUST_7693,Bangalore East,12-3,Wednesday,8.56,2,1
CUST_7694,Bangalore East,12-3,Monday,4.49,1,0
CUST_7695,Bangalore Central,3-5,Friday,10.95,1,0
CUST_7696,Bangalore North,12-3,Tuesday,4.5,1,1
CUST_7697,Bangalore South,3-5,Thursday,12.73,2,0
CUST_7698,Bangalore North,3-5,Friday,6.1,1,0
CUST_7699,Bangalore East,12-3,Wednesday,12.15,2,0
CUST_7700,Bangalore East,3-5,Thursday,3.07,3,0
CUST_7701,Bangalore Central,3-5,Tuesday,1.89,3,0
CUST_7702,Bangalore Central,12-3,Tuesday,11.33,2,1
CUST_7703,Bangalore South,12-3,Wednesday,2.46,2,1
CUST_7704,Bangalore Central,12-3,Thursday,7.96,1,1
CUST_7705,Bangalore East,3-5,Friday,5.29,3,1
CUST_7706,Bangalore East,3-5,Tuesday,13.19,1,0
CUST_7707,Bangalore Central,3-5,Tuesday,7.27,2,1
CUST_7708,Bangalore East,3-5,Thursday,6.13,3,1
CUST_7709,Bangalore North,10-12,Monday,6.41,2,1
CUST_7710,Bangalore South,10-12,Wednesday,12.44,1,0
CUST_7711,Bangalore Central,10-12,Friday,5.01,1,0
CUST_7712,Bangalore East,12-3,Monday,3.9,2,0
CUST_7713,Bangalore North,12-3,Friday,3.2,1,1
CUST_7714,Bangalore North,12-3,Wednesday,10.15,2,0
CUST_7715,Bangalore Central,12-3,Wednesday,10.2,2,1
CUST_7716,Bangalore Central,10-12,Wednesday,11.56,2,0
CUST_7717,Bangalore North,10-12,Friday,7.39,3,1
CUST_7718,Bangalore Central,3-5,Thursday,4.08,1,0
CUST_7719,Bangalore East,10-12,Monday,13.7,2,1
CUST_7720,Bangalore North,10-12,Friday,7.3,1,1
CUST_7721,Bangalore South,10-12,Thursday,7.54,2,0
CUST_7722,Bangalore East,12-3,Thursday,9.33,2,0
CUST_7723,Bangalore North,10-12,Wednesday,3.9,2,1
CUST_7724,Bangalore Central,10-12,Thursday,2.7,1,1
CUST_7725,Bangalore East,3-5,Monday,14.46,3,1
CUST_7726,Bangalore North,10-12,Thursday,3.71,3,0
CUST_7727,Bangalore Central,10-12,Tuesday,7.45,3,0
CUST_7728,Bangalore North,12-3,Monday,8.91,2,1
CUST_7729,Bangalore South,10-12,Tuesday,1.77,2,1
CUST_7730,Bangalore South,12-3,Wednesday,12.19,1,0
CUST_7731,Bangalore North,3-5,Thursday,1.74,3,0
CUST_7732,Bangalore North,10-12,Tuesday,9.85,1,1
CUST_7733,Bangalore East,3-5,Tuesday,6.46,3,0
CUST_7734,Bangalore North,12-3,Monday,6.59,2,1
CUST_7735,Bangalore East,10-12,Friday,9.46,2,0
CUST_7736,Bangalore Central,12-3,Friday,5.78,2,0
CUST_7737,Bangalore East,10-12,Wednesday,14.15,2,0
CUST_7738,Bangalore East,3-5,Friday,1.31,2,0
CUST_7739,Bangalore South,3-5,Tuesday,4.61,3,0
CUST_7740,Bangalore East,10-12,Friday,12.37,2,1
CUST_7741,Bangalore Central,10-12,Thursday,7.89,1,1
CUST_7742,Bangalore Central,12-3,Friday,4.82,2,0
CUST_7743,Bangalore Central,3-5,Monday,8.33,3,0
CUST_7744,Bangalore North,12-3,Friday,8.01,2,0
CUST_7745,Bangalore North,3-5,Thursday,14.84,2,1
CUST_7746,Bangalore North,10-12,Friday,13.51,1,0
CUST_7747,Bangalore South,12-3,Wednesday,8.28,3,0
CUST_7748,Bangalore East,12-3,Tuesday,3.33,1,1
CUST_7749,Bangalore South,3-5,Monday,12.83,2,1
CUST_7750,Bangalore East,10-12,Monday,5.48,2,0
CUST_7751,Bangalore East,12-3,Tuesday,13.29,1,1
CUST_7752,Bangalore Central,10-12,Tuesday,3.66,1,0
CUST_7753,Bangalore North,3-5,Friday,11.42,1,1
CUST_7754,Bangalore Central,10-12,Monday,6.2,2,1
CUST_7755,Bangalore South,12-3,Thursday,5.77,2,1
CUST_7756,Bangalore Central,10-12,Friday,1.35,2,1
CUST_7757,Bangalore East,3-5,Friday,12.9,2,0
CUST_7758,Bangalore South,3-5,Thursday,10.54,2,1
CUST_7759,Bangalore Central,3-5,Friday,6.41,2,1
CUST_7760,Bangalore Central,10-12,Tuesday,12.03,2,0
CUST_7761,Bangalore South,3-5,Friday,8.58,2,1
CUST_7762,Bangalore South,3-5,Friday,4.64,2,0
CUST_7763,Bangalore East,3-5,Tuesday,12.05,2,1
CUST_7764,Bangalore Central,10-12,Thursday,6.98,2,1
CUST_7765,Bangalore East,3-5,Friday,13.89,2,1
CUST_7766,Bangalore North,10-12,Tuesday,1.68,1,0
CUST_7767,Bangalore South,10-12,Tuesday,2.54,1,0
CUST_7768,Bangalore Central,10-12,Monday,6.87,1,1
CUST_7769,Bangalore East,10-12,Monday,10.13,2,1
CUST_7770,Bangalore South,10-12,Friday,7.98,3,0
CUST_7771,Bangalore East,10-12,Tuesday,1.42,3,1
CUST_7772,Bangalore North,12-3,Thursday,9.59,1,1
CUST_7773,Bangalore South,10-12,Friday,2.59,3,0
CUST_7774,Bangalore Central,3-5,Thursday,3.36,2,1
CUST_7775,Bangalore South,10-12,Friday,14.96,3,0
CUST_7776,Bangalore North,12-3,Tuesday,5.93,1,1
CUST_7777,Bangalore East,12-3,Wednesday,2.46,1,1
CUST_7778,Bangalore East,10-12,Thursday,9.13,2,1
CUST_7779,Bangalore Central,10-12,Friday,9.16,2,0
CUST_7780,Bangalore South,12-3,Thursday,2.99,3,1
CUST_7781,Bangalore East,10-12,Friday,1.94,3,0
CUST_7782,Bangalore South,10-12,Tuesday,4.34,2,1
CUST_7783,Bangalore South,12-3,Tuesday,7.1,2,1
CUST_7784,Bangalore Central,10-12,Monday,11.93,1,0
CUST_7785,Bangalore East,12-3,Friday,14.53,2,1
CUST_7786,Bangalore South,10-12,Thursday,6.88,3,1
CUST_7787,Bangalore Central,3-5,Friday,14.22,3,1
CUST_7788,Bangalore East,10-12,Friday,9.34,1,0
CUST_7789,Bangalore North,12-3,Thursday,9.06,2,1
CUST_7790,Bangalore East,3-5,Friday,9.41,2,1
CUST_7791,Bangalore North,10-12,Monday,5.78,2,1
CUST_7792,Bangalore North,12-3,Wednesday,11.26,2,0
CUST_7793,Bangalore North,12-3,Monday,5.52,2,0
CUST_7794,Bangalore East,10-12,Wednesday,14.01,3,1
CUST_7795,Bangalore Central,10-12,Wednesday,9.12,2,1
CUST_7796,Bangalore Central,12-3,Tuesday,5.99,3,0
CUST_7797,Bangalore North,10-12,Tuesday,12.93,1,1
CUST_7798,Bangalore North,10-12,Friday,2.75,1,1
CUST_7799,Bangalore Central,3-5,Friday,7.14,2,0
CUST_7800,Bangalore North,12-3,Friday,12.98,2,0
CUST_7801,Bangalore East,3-5,Monday,11.49,2,0
CUST_7802,Bangalore East,10-12,Friday,11.67,2,1
CUST_7803,Bangalore East,12-3,Wednesday,13.99,2,0
CUST_7804,Bangalore North,10-12,Monday,9.74,3,1
CUST_7805,Bangalore North,10-12,Wednesday,10.18,2,0
CUST_7806,Bangalore East,12-3,Tuesday,7.57,1,0
CUST_7807,Bangalore North,3-5,Thursday,6.06,1,0
CUST_7808,Bangalore South,10-12,Tuesday,10.56,2,0
CUST_7809,Bangalore Central,10-12,Thursday,8.01,3,0
CUST_7810,Bangalore Central,12-3,Thursday,11.83,2,1
CUST_7811,Bangalore South,3-5,Wednesday,1.15,2,1
CUST_7812,Bangalore South,10-12,Wednesday,7.4,2,1
CUST_7813,Bangalore North,3-5,Tuesday,7.03,2,1
CUST_7814,Bangalore East,3-5,Thursday,11.63,1,1
CUST_7815,Bangalore Central,10-12,Wednesday,1.01,3,1
CUST_7816,Bangalore East,3-5,Tuesday,14.62,1,1
CUST_7817,Bangalore Central,3-5,Wednesday,9.13,1,0
CUST_7818,Bangalore Central,10-12,Monday,6.62,2,1
CUST_7819,Bangalore Central,3-5,Wednesday,3.11,2,1
CUST_7820,Bangalore North,12-3,Thursday,4.48,2,1
CUST_7821,Bangalore North,3-5,Friday,9.95,1,0
CUST_7822,Bangalore Central,10-12,Friday,9.07,1,0
CUST_7823,Bangalore South,12-3,Tuesday,8.24,2,1
CUST_7824,Bangalore North,10-12,Wednesday,14.31,2,1
CUST_7825,Bangalore East,12-3,Monday,6.3,2,0
CUST_7826,Bangalore North,12-3,Friday,8.65,1,0
CUST_7827,Bangalore South,3-5,Monday,10.97,1,1
CUST_7828,Bangalore North,12-3,Thursday,2.45,1,0
CUST_7829,Bangalore South,10-12,Friday,8.29,3,0
CUST_7830,Bangalore Central,12-3,Monday,6.06,2,1
CUST_7831,Bangalore East,10-12,Tuesday,6.77,2,0
CUST_7832,Bangalore Central,3-5,Friday,13.86,1,0
CUST_7833,Bangalore Central,12-3,Thursday,11.77,2,0
CUST_7834,Bangalore Central,3-5,Thursday,3.52,1,0
CUST_7835,Bangalore South,12-3,Tuesday,11.02,2,1
CUST_7836,Bangalore South,10-12,Friday,4.92,1,0
CUST_7837,Bangalore South,3-5,Monday,8.06,1,1
CUST_7838,Bangalore East,3-5,Thursday,4.28,2,0
CUST_7839,Bangalore East,10-12,Monday,9.71,2,0
CUST_7840,Bangalore North,12-3,Wednesday,7.24,1,1
CUST_7841,Bangalore South,10-12,Thursday,8.29,2,1
CUST_7842,Bangalore North,3-5,Thursday,4.19,2,1
CUST_7843,Bangalore South,3-5,Thursday,7.1,1,0
CUST_7844,Bangalore Central,10-12,Friday,13.87,2,1
CUST_7845,Bangalore South,12-3,Friday,9.25,2,0
CUST_7846,Bangalore North,10-12,Wednesday,2.22,1,0
CUST_7847,Bangalore North,10-12,Monday,13.96,1,1
CUST_7848,Bangalore South,3-5,Friday,7.04,2,0
CUST_7849,Bangalore East,3-5,Wednesday,8.86,2,1
CUST_7850,Bangalore Central,12-3,Tuesday,3.18,2,1
CUST_7851,Bangalore North,10-12,Thursday,3.08,2,1
CUST_7852,Bangalore North,3-5,Wednesday,6.92,1,0
CUST_7853,Bangalore Central,10-12,Wednesday,4.0,3,0
CUST_7854,Bangalore East,3-5,Friday,1.68,1,1
CUST_7855,Bangalore Central,12-3,Monday,10.31,1,0
CUST_7856,Bangalore East,3-5,Monday,13.82,3,0
CUST_7857,Bangalore South,10-12,Wednesday,7.18,3,1
CUST_7858,Bangalore Central,10-12,Thursday,1.51,2,1
CUST_7859,Bangalore East,10-12,Friday,2.71,2,1
CUST_7860,Bangalore Central,10-12,Wednesday,3.04,2,1
CUST_7861,Bangalore South,10-12,Monday,12.94,1,0
CUST_7862,Bangalore South,3-5,Tuesday,1.28,1,1
CUST_7863,Bangalore East,12-3,Wednesday,12.63,2,0
CUST_7864,Bangalore South,12-3,Monday,9.78,2,0
CUST_7865,Bangalore North,3-5,Monday,12.34,1,0
CUST_7866,Bangalore North,12-3,Thursday,4.63,2,0
CUST_7867,Bangalore East,10-12,Thursday,12.18,3,1
CUST_7868,Bangalore East,3-5,Monday,1.08,1,0
CUST_7869,Bangalore East,12-3,Wednesday,1.56,3,0
CUST_7870,Bangalore East,10-12,Friday,8.17,1,0
CUST_7871,Bangalore Central,12-3,Wednesday,4.03,1,0
CUST_7872,Bangalore South,12-3,Thursday,8.61,1,0
CUST_7873,Bangalore North,10-12,Friday,5.35,1,0
CUST_7874,Bangalore East,3-5,Thursday,14.07,2,1
CUST_7875,Bangalore Central,10-12,Thursday,8.75,2,0
CUST_7876,Bangalore Central,3-5,Tuesday,14.65,1,1
CUST_7877,Bangalore South,10-12,Tuesday,7.14,3,0
CUST_7878,Bangalore East,12-3,Thursday,3.58,3,1
CUST_7879,Bangalore East,3-5,Monday,12.04,1,1
CUST_7880,Bangalore North,10-12,Thursday,2.59,2,0
CUST_7881,Bangalore North,12-3,Monday,12.85,2,0
CUST_7882,Bangalore Central,10-12,Wednesday,2.4,1,0
CUST_7883,Bangalore East,3-5,Monday,7.14,1,1
CUST_7884,Bangalore East,10-12,Wednesday,3.45,3,0
CUST_7885,Bangalore Central,10-12,Thursday,7.5,2,1
CUST_7886,Bangalore East,10-12,Friday,4.62,1,1
CUST_7887,Bangalore East,12-3,Monday,4.87,2,1
CUST_7888,Bangalore North,12-3,Tuesday,8.18,2,0
CUST_7889,Bangalore Central,3-5,Monday,4.51,2,1
CUST_7890,Bangalore South,12-3,Wednesday,8.63,3,0
CUST_7891,Bangalore Central,12-3,Friday,9.41,2,0
CUST_7892,Bangalore Central,3-5,Tuesday,5.22,2,1
CUST_7893,Bangalore North,12-3,Monday,2.72,2,0
CUST_7894,Bangalore East,10-12,Tuesday,9.97,1,1
CUST_7895,Bangalore North,10-12,Monday,11.3,1,0
CUST_7896,Bangalore East,10-12,Wednesday,4.06,2,1
CUST_7897,Bangalore South,10-12,Monday,8.03,2,1
CUST_7898,Bangalore East,12-3,Wednesday,10.8,1,1
CUST_7899,Bangalore Central,3-5,Wednesday,11.97,2,1
CUST_7900,Bangalore East,12-3,Wednesday,8.67,2,1
CUST_7901,Bangalore North,12-3,Wednesday,7.52,2,1
CUST_7902,Bangalore East,12-3,Tuesday,2.2,3,1
CUST_7903,Bangalore East,3-5,Tuesday,11.73,3,1
CUST_7904,Bangalore East,12-3,Thursday,7.07,3,1
CUST_7905,Bangalore North,10-12,Wednesday,2.57,1,0
CUST_7906,Bangalore East,12-3,Thursday,9.92,1,1
CUST_7907,Bangalore South,10-12,Friday,8.03,2,1
CUST_7908,Bangalore South,10-12,Monday,10.24,1,1
CUST_7909,Bangalore East,3-5,Friday,10.16,3,0
CUST_7910,Bangalore Central,3-5,Thursday,10.31,1,0
CUST_7911,Bangalore Central,10-12,Tuesday,9.87,3,1
CUST_7912,Bangalore South,10-12,Thursday,13.83,1,0
CUST_7913,Bangalore East,12-3,Thursday,8.78,3,1
CUST_7914,Bangalore East,10-12,Thursday,11.95,1,0
CUST_7915,Bangalore East,3-5,Thursday,10.71,1,0
CUST_7916,Bangalore Central,3-5,Tuesday,13.53,1,1
CUST_7917,Bangalore Central,10-12,Monday,10.79,2,1
CUST_7918,Bangalore South,12-3,Monday,9.04,2,0
CUST_7919,Bangalore North,3-5,Tuesday,14.08,1,0
CUST_7920,Bangalore East,12-3,Friday,8.86,3,1
CUST_7921,Bangalore East,12-3,Friday,12.77,1,0
CUST_7922,Bangalore South,10-12,Monday,2.02,1,0
CUST_7923,Bangalore Central,3-5,Monday,2.17,3,0
CUST_7924,Bangalore Central,12-3,Tuesday,13.98,3,1
CUST_7925,Bangalore Central,3-5,Friday,9.9,1,0
CUST_7926,Bangalore Central,3-5,Tuesday,5.76,3,1
CUST_7927,Bangalore East,12-3,Tuesday,3.96,2,0
CUST_7928,Bangalore Central,12-3,Monday,2.29,3,0
CUST_7929,Bangalore Central,3-5,Friday,9.97,1,0
CUST_7930,Bangalore East,12-3,Wednesday,9.89,2,0
CUST_7931,Bangalore East,12-3,Friday,7.52,3,1
CUST_7932,Bangalore Central,3-5,Tuesday,12.85,2,1
CUST_7933,Bangalore South,3-5,Thursday,12.46,1,0
CUST_7934,Bangalore South,12-3,Monday,6.12,1,0
CUST_7935,Bangalore South,12-3,Wednesday,7.73,2,0
CUST_7936,Bangalore Central,12-3,Tuesday,13.64,2,1
CUST_7937,Bangalore Central,3-5,Friday,4.26,1,1
CUST_7938,Bangalore North,12-3,Monday,5.57,3,1
CUST_7939,Bangalore Central,3-5,Thursday,6.3,1,1
CUST_7940,Bangalore North,12-3,Wednesday,9.58,3,0
CUST_7941,Bangalore East,10-12,Monday,4.57,1,0
CUST_7942,Bangalore East,12-3,Friday,13.18,2,0
CUST_7943,Bangalore South,10-12,Friday,11.61,2,0
CUST_7944,Bangalore Central,10-12,Tuesday,12.98,2,0
CUST_7945,Bangalore East,10-12,Thursday,3.71,2,1
CUST_7946,Bangalore South,10-12,Friday,2.82,2,1
CUST_7947,Bangalore East,12-3,Thursday,12.75,2,1
CUST_7948,Bangalore South,3-5,Thursday,10.71,2,0
CUST_7949,Bangalore Central,3-5,Thursday,5.14,1,1
CUST_7950,Bangalore East,3-5,Friday,2.06,1,1
CUST_7951,Bangalore North,10-12,Monday,13.88,1,0
CUST_7952,Bangalore East,12-3,Thursday,2.45,2,0
CUST_7953,Bangalore South,10-12,Wednesday,5.14,2,1
CUST_7954,Bangalore North,3-5,Thursday,2.73,3,0
CUST_7955,Bangalore Central,3-5,Monday,8.58,2,1
CUST_7956,Bangalore Central,12-3,Friday,11.37,2,1
CUST_7957,Bangalore Central,3-5,Monday,4.84,1,1
CUST_7958,Bangalore North,3-5,Friday,1.84,3,0
CUST_7959,Bangalore North,12-3,Friday,11.49,2,0
CUST_7960,Bangalore South,12-3,Thursday,4.83,2,0
CUST_7961,Bangalore South,12-3,Monday,1.11,1,0
CUST_7962,Bangalore North,12-3,Friday,12.25,1,0
CUST_7963,Bangalore North,12-3,Thursday,14.31,1,1
CUST_7964,Bangalore North,3-5,Friday,12.45,3,1
CUST_7965,Bangalore East,12-3,Friday,3.84,1,0
CUST_7966,Bangalore South,10-12,Monday,4.97,2,1
CUST_7967,Bangalore East,3-5,Tuesday,7.57,1,1
CUST_7968,Bangalore Central,12-3,Monday,2.09,2,0
CUST_7969,Bangalore North,12-3,Thursday,3.73,2,0
CUST_7970,Bangalore North,10-12,Tuesday,8.78,2,0
CUST_7971,Bangalore North,12-3,Wednesday,3.72,3,1
CUST_7972,Bangalore East,10-12,Friday,4.03,2,1
CUST_7973,Bangalore North,3-5,Wednesday,5.88,2,1
CUST_7974,Bangalore North,3-5,Thursday,7.48,2,0
CUST_7975,Bangalore East,10-12,Friday,12.61,2,1
CUST_7976,Bangalore South,3-5,Tuesday,10.14,2,1
CUST_7977,Bangalore East,12-3,Monday,5.39,2,0
CUST_7978,Bangalore North,10-12,Tuesday,7.56,2,1
CUST_7979,Bangalore East,12-3,Monday,9.02,2,1
CUST_7980,Bangalore North,10-12,Wednesday,11.29,1,1
CUST_7981,Bangalore East,10-12,Thursday,14.93,1,0
CUST_7982,Bangalore East,3-5,Monday,9.75,1,1
CUST_7983,Bangalore North,10-12,Tuesday,4.4,2,0
CUST_7984,Bangalore Central,10-12,Tuesday,12.73,3,0
CUST_7985,Bangalore Central,3-5,Friday,3.58,2,1
CUST_7986,Bangalore East,12-3,Tuesday,7.26,1,1
CUST_7987,Bangalore North,3-5,Friday,1.97,2,1
CUST_7988,Bangalore North,10-12,Wednesday,13.19,3,1
CUST_7989,Bangalore North,3-5,Wednesday,1.48,2,1
CUST_7990,Bangalore East,3-5,Friday,2.67,1,1
CUST_7991,Bangalore South,12-3,Wednesday,14.56,2,1
CUST_7992,Bangalore South,3-5,Wednesday,2.66,2,1
CUST_7993,Bangalore North,10-12,Tuesday,2.68,2,1
CUST_7994,Bangalore South,3-5,Friday,11.14,2,1
CUST_7995,Bangalore East,12-3,Tuesday,5.56,2,1
CUST_7996,Bangalore Central,3-5,Friday,14.24,2,0
CUST_7997,Bangalore East,3-5,Wednesday,9.68,2,0
CUST_7998,Bangalore Central,3-5,Monday,10.77,2,0
CUST_7999,Bangalore South,12-3,Thursday,13.06,2,1
CUST_8000,Bangalore North,12-3,Thursday,14.72,2,0
CUST_8001,Bangalore East,12-3,Thursday,4.35,1,0
CUST_8002,Bangalore Central,10-12,Monday,8.42,2,1
CUST_8003,Bangalore Central,12-3,Wednesday,6.55,3,1
CUST_8004,Bangalore Central,3-5,Thursday,12.73,3,0
CUST_8005,Bangalore South,3-5,Friday,14.33,2,0
CUST_8006,Bangalore South,3-5,Tuesday,3.62,3,0
CUST_8007,Bangalore East,3-5,Monday,8.73,2,1
CUST_8008,Bangalore North,12-3,Tuesday,8.97,3,0
CUST_8009,Bangalore South,12-3,Friday,1.78,2,1
CUST_8010,Bangalore South,12-3,Friday,7.36,2,1
CUST_8011,Bangalore East,10-12,Wednesday,4.62,1,0
CUST_8012,Bangalore Central,3-5,Friday,1.6,2,1
CUST_8013,Bangalore East,3-5,Tuesday,13.51,2,1
CUST_8014,Bangalore Central,12-3,Tuesday,14.15,3,1
CUST_8015,Bangalore Central,10-12,Thursday,11.1,1,1
CUST_8016,Bangalore Central,12-3,Tuesday,11.1,1,1
CUST_8017,Bangalore Central,12-3,Monday,3.65,2,1
CUST_8018,Bangalore North,3-5,Monday,2.54,2,1
CUST_8019,Bangalore Central,3-5,Friday,8.8,1,0
CUST_8020,Bangalore East,12-3,Friday,5.5,2,0
CUST_8021,Bangalore South,12-3,Friday,1.94,3,0
CUST_8022,Bangalore Central,10-12,Friday,4.85,1,1
CUST_8023,Bangalore Central,3-5,Wednesday,14.18,2,0
CUST_8024,Bangalore North,10-12,Thursday,7.2,2,0
CUST_8025,Bangalore South,3-5,Friday,8.45,3,0
CUST_8026,Bangalore Central,3-5,Thursday,7.14,2,0
CUST_8027,Bangalore South,12-3,Tuesday,12.33,3,0
CUST_8028,Bangalore Central,10-12,Thursday,5.47,2,1
CUST_8029,Bangalore Central,12-3,Wednesday,6.93,1,0
CUST_8030,Bangalore South,10-12,Friday,12.76,1,0
CUST_8031,Bangalore Central,3-5,Friday,5.19,2,0
CUST_8032,Bangalore East,3-5,Friday,3.92,2,0
CUST_8033,Bangalore South,3-5,Wednesday,14.11,2,1
CUST_8034,Bangalore South,3-5,Monday,11.41,2,0
CUST_8035,Bangalore South,3-5,Monday,7.89,2,1
CUST_8036,Bangalore North,12-3,Wednesday,2.08,2,1
CUST_8037,Bangalore Central,3-5,Thursday,7.53,3,0
CUST_8038,Bangalore Central,10-12,Monday,2.38,2,1
CUST_8039,Bangalore Central,12-3,Monday,13.29,3,1
CUST_8040,Bangalore South,10-12,Tuesday,4.36,1,1
CUST_8041,Bangalore North,10-12,Tuesday,14.93,2,1
CUST_8042,Bangalore East,12-3,Tuesday,5.09,2,1
CUST_8043,Bangalore North,10-12,Friday,13.29,1,0
CUST_8044,Bangalore South,3-5,Monday,13.43,3,0
CUST_8045,Bangalore South,10-12,Tuesday,14.29,2,1
CUST_8046,Bangalore North,10-12,Monday,14.58,3,1
CUST_8047,Bangalore South,12-3,Thursday,7.14,2,0
CUST_8048,Bangalore South,12-3,Tuesday,5.84,2,1
CUST_8049,Bangalore East,3-5,Thursday,4.64,3,1
CUST_8050,Bangalore East,12-3,Thursday,6.78,3,1
CUST_8051,Bangalore South,10-12,Wednesday,3.49,2,1
CUST_8052,Bangalore Central,3-5,Monday,2.56,3,1
CUST_8053,Bangalore South,10-12,Friday,9.59,2,0
CUST_8054,Bangalore South,12-3,Friday,12.52,1,0
CUST_8055,Bangalore Central,3-5,Wednesday,11.73,2,1
CUST_8056,Bangalore Central,3-5,Monday,2.55,1,0
CUST_8057,Bangalore Central,3-5,Friday,1.85,2,1
CUST_8058,Bangalore Central,12-3,Monday,6.37,1,1
CUST_8059,Bangalore North,10-12,Wednesday,11.27,3,0
CUST_8060,Bangalore Central,3-5,Friday,2.91,2,0
CUST_8061,Bangalore East,10-12,Tuesday,13.42,2,1
CUST_8062,Bangalore East,12-3,Monday,13.34,3,1
CUST_8063,Bangalore South,10-12,Tuesday,9.22,1,1
CUST_8064,Bangalore North,10-12,Monday,3.83,3,1
CUST_8065,Bangalore Central,3-5,Tuesday,12.48,1,0
CUST_8066,Bangalore East,3-5,Thursday,2.64,1,0
CUST_8067,Bangalore South,3-5,Monday,3.36,1,0
CUST_8068,Bangalore South,3-5,Monday,13.03,2,0
CUST_8069,Bangalore East,12-3,Monday,14.25,3,1
CUST_8070,Bangalore South,12-3,Thursday,8.3,2,1
CUST_8071,Bangalore North,3-5,Wednesday,5.02,1,0
CUST_8072,Bangalore North,10-12,Tuesday,4.96,2,1
CUST_8073,Bangalore South,10-12,Monday,11.33,2,1
CUST_8074,Bangalore Central,3-5,Wednesday,11.95,2,0
CUST_8075,Bangalore South,3-5,Monday,9.84,2,0
CUST_8076,Bangalore North,12-3,Tuesday,8.25,3,0
CUST_8077,Bangalore East,12-3,Thursday,8.85,2,1
CUST_8078,Bangalore East,12-3,Friday,7.84,1,1
CUST_8079,Bangalore South,3-5,Monday,12.27,2,0
CUST_8080,Bangalore North,12-3,Tuesday,11.93,2,0
CUST_8081,Bangalore South,12-3,Friday,14.42,1,1
CUST_8082,Bangalore East,10-12,Thursday,9.3,1,1
CUST_8083,Bangalore North,3-5,Tuesday,7.39,2,1
CUST_8084,Bangalore South,12-3,Thursday,4.68,3,1
CUST_8085,Bangalore North,10-12,Wednesday,3.67,1,0
CUST_8086,Bangalore East,12-3,Tuesday,7.27,3,1
CUST_8087,Bangalore North,3-5,Tuesday,2.72,1,0
CUST_8088,Bangalore North,3-5,Tuesday,13.51,1,0
CUST_8089,Bangalore South,3-5,Wednesday,3.61,2,1
CUST_8090,Bangalore Central,12-3,Tuesday,3.69,2,1
CUST_8091,Bangalore East,3-5,Monday,13.52,1,0
CUST_8092,Bangalore East,10-12,Wednesday,5.42,2,0
CUST_8093,Bangalore East,12-3,Monday,8.83,3,1
CUST_8094,Bangalore East,3-5,Friday,3.45,2,0
CUST_8095,Bangalore East,12-3,Tuesday,11.72,2,0
CUST_8096,Bangalore Central,3-5,Wednesday,11.18,3,0
CUST_8097,Bangalore East,3-5,Wednesday,4.01,1,1
CUST_8098,Bangalore South,3-5,Thursday,4.48,1,0
CUST_8099,Bangalore Central,12-3,Wednesday,10.78,2,0
CUST_8100,Bangalore Central,3-5,Monday,11.8,2,1
CUST_8101,Bangalore East,3-5,Tuesday,2.4,2,1
CUST_8102,Bangalore Central,12-3,Tuesday,1.01,2,0
CUST_8103,Bangalore South,3-5,Friday,6.94,1,0
CUST_8104,Bangalore East,12-3,Friday,1.66,2,1
CUST_8105,Bangalore East,12-3,Thursday,6.11,3,1
CUST_8106,Bangalore Central,3-5,Friday,9.94,2,0
CUST_8107,Bangalore East,12-3,Friday,12.92,2,1
CUST_8108,Bangalore South,10-12,Friday,8.85,2,0
CUST_8109,Bangalore East,3-5,Wednesday,13.65,2,1
CUST_8110,Bangalore Central,10-12,Tuesday,14.13,2,0
CUST_8111,Bangalore East,12-3,Friday,1.95,2,0
CUST_8112,Bangalore North,12-3,Thursday,5.36,1,1
CUST_8113,Bangalore North,12-3,Monday,5.55,1,0
CUST_8114,Bangalore North,10-12,Tuesday,11.98,2,0
CUST_8115,Bangalore Central,12-3,Monday,1.85,3,1
CUST_8116,Bangalore Central,10-12,Monday,5.68,2,0
CUST_8117,Bangalore East,10-12,Wednesday,9.28,2,1
CUST_8118,Bangalore Central,10-12,Friday,13.1,2,0
CUST_8119,Bangalore South,10-12,Monday,9.78,1,0
CUST_8120,Bangalore Central,10-12,Tuesday,12.14,1,1
CUST_8121,Bangalore North,10-12,Friday,14.17,2,1
CUST_8122,Bangalore East,10-12,Tuesday,3.16,3,1
CUST_8123,Bangalore South,10-12,Monday,3.3,1,1
CUST_8124,Bangalore South,3-5,Wednesday,13.51,2,1
CUST_8125,Bangalore East,3-5,Thursday,1.35,1,1
CUST_8126,Bangalore South,12-3,Thursday,9.53,2,0
CUST_8127,Bangalore North,3-5,Monday,6.83,2,0
CUST_8128,Bangalore Central,3-5,Thursday,2.77,2,0
CUST_8129,Bangalore North,10-12,Tuesday,13.15,1,1
CUST_8130,Bangalore North,3-5,Thursday,8.73,2,0
CUST_8131,Bangalore South,12-3,Thursday,12.12,1,1
CUST_8132,Bangalore Central,10-12,Monday,10.1,1,1
CUST_8133,Bangalore Central,12-3,Monday,7.89,2,0
CUST_8134,Bangalore East,10-12,Friday,9.67,2,1
CUST_8135,Bangalore South,10-12,Friday,13.78,2,1
CUST_8136,Bangalore South,10-12,Wednesday,1.51,2,1
CUST_8137,Bangalore East,12-3,Monday,4.19,2,1
CUST_8138,Bangalore East,12-3,Tuesday,11.38,3,0
CUST_8139,Bangalore North,3-5,Monday,13.16,3,1
CUST_8140,Bangalore North,3-5,Monday,3.82,2,1
CUST_8141,Bangalore East,3-5,Wednesday,12.32,3,0
CUST_8142,Bangalore Central,3-5,Monday,3.98,1,1
CUST_8143,Bangalore North,12-3,Wednesday,12.26,2,1
CUST_8144,Bangalore South,3-5,Thursday,12.95,1,1
CUST_8145,Bangalore South,10-12,Friday,2.44,1,1
CUST_8146,Bangalore Central,10-12,Thursday,3.42,1,0
CUST_8147,Bangalore South,12-3,Wednesday,2.53,2,0
CUST_8148,Bangalore North,10-12,Wednesday,8.18,3,1
CUST_8149,Bangalore North,12-3,Wednesday,11.4,2,1
CUST_8150,Bangalore East,10-12,Wednesday,9.51,2,1
CUST_8151,Bangalore South,12-3,Friday,10.02,1,1
CUST_8152,Bangalore East,12-3,Monday,6.14,2,0
CUST_8153,Bangalore Central,3-5,Friday,4.71,1,1
CUST_8154,Bangalore Central,10-12,Tuesday,7.79,1,1
CUST_8155,Bangalore East,12-3,Thursday,12.47,2,1
CUST_8156,Bangalore Central,12-3,Friday,4.97,2,1
CUST_8157,Bangalore East,12-3,Wednesday,4.29,1,0
CUST_8158,Bangalore East,3-5,Wednesday,6.79,2,0
CUST_8159,Bangalore Central,10-12,Friday,1.45,3,0
CUST_8160,Bangalore North,3-5,Friday,12.31,2,0
CUST_8161,Bangalore East,3-5,Wednesday,5.77,2,1
CUST_8162,Bangalore North,12-3,Tuesday,14.15,3,0
CUST_8163,Bangalore East,12-3,Thursday,7.19,3,0
CUST_8164,Bangalore North,12-3,Wednesday,1.63,2,1
CUST_8165,Bangalore North,3-5,Monday,2.25,3,0
CUST_8166,Bangalore North,3-5,Monday,1.64,2,1
CUST_8167,Bangalore Central,3-5,Tuesday,9.95,2,1
CUST_8168,Bangalore North,3-5,Monday,3.39,3,1
CUST_8169,Bangalore North,12-3,Thursday,4.88,2,1
CUST_8170,Bangalore North,12-3,Friday,10.69,2,1
CUST_8171,Bangalore East,10-12,Tuesday,13.01,3,1
CUST_8172,Bangalore East,12-3,Tuesday,4.41,1,0
CUST_8173,Bangalore North,12-3,Friday,10.34,2,1
CUST_8174,Bangalore South,10-12,Tuesday,14.84,2,1
CUST_8175,Bangalore East,10-12,Friday,6.33,3,1
CUST_8176,Bangalore East,3-5,Friday,12.11,2,1
CUST_8177,Bangalore North,12-3,Wednesday,2.28,2,0
CUST_8178,Bangalore Central,12-3,Tuesday,13.21,2,0
CUST_8179,Bangalore South,12-3,Wednesday,1.63,1,1
CUST_8180,Bangalore North,3-5,Wednesday,9.35,3,1
CUST_8181,Bangalore Central,10-12,Monday,11.34,2,0
CUST_8182,Bangalore North,10-12,Wednesday,11.86,2,0
CUST_8183,Bangalore South,12-3,Friday,13.13,2,0
CUST_8184,Bangalore North,12-3,Monday,4.53,1,0
CUST_8185,Bangalore South,12-3,Thursday,6.59,2,0
CUST_8186,Bangalore Central,10-12,Thursday,11.34,2,0
CUST_8187,Bangalore East,10-12,Thursday,13.55,3,0
CUST_8188,Bangalore South,10-12,Wednesday,13.42,2,0
CUST_8189,Bangalore North,3-5,Friday,6.07,2,1
CUST_8190,Bangalore East,10-12,Monday,10.72,1,1
CUST_8191,Bangalore South,10-12,Wednesday,11.2,3,1
CUST_8192,Bangalore Central,10-12,Thursday,9.2,2,1
CUST_8193,Bangalore South,10-12,Wednesday,1.49,1,1
CUST_8194,Bangalore South,12-3,Tuesday,1.6,2,0
CUST_8195,Bangalore Central,10-12,Friday,1.46,1,1
CUST_8196,Bangalore Central,12-3,Monday,3.98,2,0
CUST_8197,Bangalore Central,3-5,Wednesday,10.6,3,1
CUST_8198,Bangalore North,12-3,Wednesday,7.44,2,1
CUST_8199,Bangalore Central,3-5,Wednesday,5.64,1,0
CUST_8200,Bangalore Central,3-5,Wednesday,5.28,3,0
CUST_8201,Bangalore North,12-3,Monday,6.38,3,1
CUST_8202,Bangalore East,3-5,Wednesday,1.72,2,0
CUST_8203,Bangalore East,12-3,Wednesday,10.24,3,0
CUST_8204,Bangalore East,12-3,Thursday,12.7,2,0
CUST_8205,Bangalore Central,3-5,Thursday,9.43,2,1
CUST_8206,Bangalore South,12-3,Wednesday,6.83,2,0
CUST_8207,Bangalore East,10-12,Wednesday,10.6,3,1
CUST_8208,Bangalore South,3-5,Monday,3.23,1,0
CUST_8209,Bangalore East,3-5,Friday,8.31,1,0
CUST_8210,Bangalore North,10-12,Thursday,13.46,2,0
CUST_8211,Bangalore South,10-12,Monday,10.56,1,0
CUST_8212,Bangalore East,10-12,Thursday,8.4,1,0
CUST_8213,Bangalore East,12-3,Tuesday,12.6,2,0
CUST_8214,Bangalore East,3-5,Wednesday,14.95,2,1
CUST_8215,Bangalore North,3-5,Monday,4.75,1,1
CUST_8216,Bangalore North,10-12,Friday,7.78,2,0
CUST_8217,Bangalore East,3-5,Monday,14.05,2,1
CUST_8218,Bangalore North,3-5,Friday,13.97,2,1
CUST_8219,Bangalore North,3-5,Thursday,9.87,1,1
CUST_8220,Bangalore East,10-12,Friday,5.5,1,1
CUST_8221,Bangalore North,10-12,Thursday,1.29,1,0
CUST_8222,Bangalore South,3-5,Tuesday,1.62,1,1
CUST_8223,Bangalore North,12-3,Friday,8.35,3,0
CUST_8224,Bangalore East,10-12,Wednesday,3.03,2,0
CUST_8225,Bangalore North,12-3,Wednesday,3.01,2,0
CUST_8226,Bangalore North,10-12,Thursday,3.16,2,0
CUST_8227,Bangalore East,10-12,Friday,9.48,1,1
CUST_8228,Bangalore East,10-12,Monday,10.8,1,1
CUST_8229,Bangalore East,10-12,Monday,2.53,1,0
CUST_8230,Bangalore North,3-5,Friday,11.69,2,0
CUST_8231,Bangalore North,10-12,Wednesday,8.79,1,1
CUST_8232,Bangalore Central,12-3,Thursday,12.16,2,1
CUST_8233,Bangalore South,12-3,Wednesday,1.57,1,0
CUST_8234,Bangalore South,12-3,Wednesday,7.83,2,1
CUST_8235,Bangalore North,12-3,Friday,5.89,2,1
CUST_8236,Bangalore South,12-3,Monday,13.72,1,0
CUST_8237,Bangalore East,12-3,Monday,8.24,2,0
CUST_8238,Bangalore Central,12-3,Wednesday,1.78,1,1
CUST_8239,Bangalore Central,10-12,Monday,4.17,1,1
CUST_8240,Bangalore North,10-12,Wednesday,4.47,2,1
CUST_8241,Bangalore South,12-3,Wednesday,1.42,1,0
CUST_8242,Bangalore Central,12-3,Tuesday,9.09,2,1
CUST_8243,Bangalore East,3-5,Monday,3.14,2,1
CUST_8244,Bangalore North,3-5,Wednesday,6.02,3,0
CUST_8245,Bangalore East,3-5,Thursday,14.67,2,1
CUST_8246,Bangalore South,10-12,Thursday,13.08,1,1
CUST_8247,Bangalore Central,10-12,Friday,8.4,1,1
CUST_8248,Bangalore South,10-12,Wednesday,8.11,3,0
CUST_8249,Bangalore East,3-5,Monday,9.06,2,0
CUST_8250,Bangalore South,12-3,Thursday,12.32,1,1
CUST_8251,Bangalore Central,3-5,Friday,10.34,1,1
CUST_8252,Bangalore East,10-12,Thursday,3.94,3,0
CUST_8253,Bangalore Central,12-3,Thursday,14.53,3,1
CUST_8254,Bangalore North,12-3,Wednesday,14.73,2,0
CUST_8255,Bangalore East,12-3,Friday,2.04,2,0
CUST_8256,Bangalore East,3-5,Thursday,2.6,1,0
CUST_8257,Bangalore East,3-5,Thursday,8.3,2,1
CUST_8258,Bangalore Central,10-12,Monday,14.69,2,0
CUST_8259,Bangalore North,3-5,Thursday,14.35,1,1
CUST_8260,Bangalore North,12-3,Friday,4.91,1,1
CUST_8261,Bangalore East,10-12,Tuesday,5.51,1,1
CUST_8262,Bangalore South,10-12,Wednesday,4.01,2,0
CUST_8263,Bangalore South,10-12,Wednesday,8.0,3,0
CUST_8264,Bangalore South,3-5,Tuesday,2.43,1,0
CUST_8265,Bangalore South,12-3,Thursday,8.53,1,1
CUST_8266,Bangalore East,10-12,Friday,14.98,3,1
CUST_8267,Bangalore South,12-3,Wednesday,11.35,2,1
CUST_8268,Bangalore East,10-12,Monday,12.29,1,1
CUST_8269,Bangalore East,12-3,Tuesday,11.76,2,1
CUST_8270,Bangalore Central,10-12,Wednesday,8.38,2,0
CUST_8271,Bangalore South,10-12,Tuesday,8.47,2,0
CUST_8272,Bangalore North,10-12,Thursday,8.37,1,1
CUST_8273,Bangalore South,3-5,Monday,13.73,2,0
CUST_8274,Bangalore East,10-12,Monday,1.89,1,0
CUST_8275,Bangalore East,12-3,Tuesday,9.37,2,0
CUST_8276,Bangalore North,3-5,Friday,12.48,1,0
CUST_8277,Bangalore East,12-3,Tuesday,8.25,3,0
CUST_8278,Bangalore South,12-3,Monday,5.29,3,1
CUST_8279,Bangalore East,12-3,Tuesday,2.3,1,0
CUST_8280,Bangalore Central,12-3,Monday,11.09,2,0
CUST_8281,Bangalore South,10-12,Wednesday,11.94,3,0
CUST_8282,Bangalore North,3-5,Thursday,10.33,1,0
CUST_8283,Bangalore Central,3-5,Monday,8.7,1,1
CUST_8284,Bangalore Central,12-3,Thursday,12.36,3,0
CUST_8285,Bangalore Central,12-3,Monday,12.92,1,0
CUST_8286,Bangalore South,12-3,Monday,10.78,1,1
CUST_8287,Bangalore Central,12-3,Thursday,9.9,3,1
CUST_8288,Bangalore Central,10-12,Friday,2.52,2,0
CUST_8289,Bangalore Central,12-3,Wednesday,1.75,3,1
CUST_8290,Bangalore South,10-12,Wednesday,13.1,2,1
CUST_8291,Bangalore South,3-5,Monday,4.57,2,0
CUST_8292,Bangalore East,12-3,Friday,10.41,1,1
CUST_8293,Bangalore South,12-3,Wednesday,10.2,2,0
CUST_8294,Bangalore Central,3-5,Wednesday,7.2,1,1
CUST_8295,Bangalore North,10-12,Thursday,12.33,2,0
CUST_8296,Bangalore Central,12-3,Tuesday,12.4,2,0
CUST_8297,Bangalore East,12-3,Tuesday,12.81,2,1
CUST_8298,Bangalore Central,3-5,Monday,9.09,3,1
CUST_8299,Bangalore North,10-12,Thursday,3.39,2,1
CUST_8300,Bangalore East,12-3,Thursday,5.88,1,1
CUST_8301,Bangalore South,12-3,Thursday,8.55,3,0
CUST_8302,Bangalore North,10-12,Wednesday,12.1,2,1
CUST_8303,Bangalore East,10-12,Friday,6.79,1,0
CUST_8304,Bangalore Central,3-5,Tuesday,7.72,2,0
CUST_8305,Bangalore Central,3-5,Tuesday,10.9,3,0
CUST_8306,Bangalore Central,3-5,Friday,1.64,3,1
CUST_8307,Bangalore Central,10-12,Wednesday,2.22,2,1
CUST_8308,Bangalore Central,10-12,Friday,2.35,2,0
CUST_8309,Bangalore South,3-5,Wednesday,5.22,2,0
CUST_8310,Bangalore North,12-3,Tuesday,8.57,2,1
CUST_8311,Bangalore East,3-5,Friday,11.53,3,0
CUST_8312,Bangalore Central,12-3,Monday,12.4,2,0
CUST_8313,Bangalore North,3-5,Thursday,1.34,3,1
CUST_8314,Bangalore East,10-12,Friday,11.7,2,0
CUST_8315,Bangalore South,12-3,Wednesday,7.77,1,0
CUST_8316,Bangalore East,10-12,Wednesday,1.16,1,1
CUST_8317,Bangalore Central,10-12,Wednesday,5.87,2,1
CUST_8318,Bangalore Central,12-3,Monday,13.98,2,1
CUST_8319,Bangalore South,3-5,Friday,2.79,2,1
CUST_8320,Bangalore East,10-12,Monday,4.46,1,1
CUST_8321,Bangalore South,12-3,Friday,3.11,2,1
CUST_8322,Bangalore South,10-12,Monday,3.23,2,1
CUST_8323,Bangalore East,10-12,Thursday,4.87,1,1
CUST_8324,Bangalore South,12-3,Friday,13.37,1,1
CUST_8325,Bangalore East,10-12,Thursday,6.48,2,1
CUST_8326,Bangalore Central,12-3,Tuesday,7.67,1,1
CUST_8327,Bangalore North,12-3,Wednesday,3.43,3,1
CUST_8328,Bangalore East,3-5,Monday,6.3,2,1
CUST_8329,Bangalore Central,3-5,Tuesday,2.87,2,1
CUST_8330,Bangalore East,10-12,Thursday,1.67,2,1
CUST_8331,Bangalore Central,3-5,Tuesday,9.95,1,0
CUST_8332,Bangalore Central,3-5,Tuesday,9.51,3,0
CUST_8333,Bangalore South,12-3,Friday,5.77,2,0
CUST_8334,Bangalore East,3-5,Tuesday,5.8,3,1
CUST_8335,Bangalore Central,10-12,Tuesday,2.38,1,0
CUST_8336,Bangalore South,3-5,Monday,3.63,2,1
CUST_8337,Bangalore South,3-5,Tuesday,4.11,3,1
CUST_8338,Bangalore South,10-12,Wednesday,5.42,1,0
CUST_8339,Bangalore East,3-5,Wednesday,4.69,1,1
CUST_8340,Bangalore East,3-5,Tuesday,8.69,3,1
CUST_8341,Bangalore Central,3-5,Thursday,3.56,2,0
CUST_8342,Bangalore East,3-5,Wednesday,2.76,2,0
CUST_8343,Bangalore South,3-5,Wednesday,6.79,2,0
CUST_8344,Bangalore East,3-5,Thursday,5.5,1,0
CUST_8345,Bangalore Central,3-5,Friday,9.2,2,1
CUST_8346,Bangalore East,3-5,Friday,9.11,2,1
CUST_8347,Bangalore East,12-3,Thursday,1.81,2,1
CUST_8348,Bangalore South,10-12,Wednesday,12.37,3,0
CUST_8349,Bangalore Central,12-3,Monday,7.96,3,1
CUST_8350,Bangalore North,3-5,Wednesday,5.69,3,0
CUST_8351,Bangalore East,10-12,Monday,14.61,1,0
CUST_8352,Bangalore Central,3-5,Tuesday,11.74,2,1
CUST_8353,Bangalore North,3-5,Thursday,3.84,1,0
CUST_8354,Bangalore North,10-12,Thursday,9.22,3,1
CUST_8355,Bangalore East,10-12,Friday,14.1,3,0
CUST_8356,Bangalore North,3-5,Tuesday,6.77,3,0
CUST_8357,Bangalore East,12-3,Wednesday,6.84,3,1
CUST_8358,Bangalore South,12-3,Tuesday,5.42,2,0
CUST_8359,Bangalore South,3-5,Tuesday,11.12,2,1
CUST_8360,Bangalore East,10-12,Monday,13.6,2,1
CUST_8361,Bangalore East,12-3,Friday,1.1,3,0
CUST_8362,Bangalore Central,10-12,Tuesday,9.65,3,0
CUST_8363,Bangalore East,12-3,Thursday,1.58,3,0
CUST_8364,Bangalore North,10-12,Monday,4.51,2,0
CUST_8365,Bangalore North,3-5,Tuesday,14.51,2,0
CUST_8366,Bangalore Central,3-5,Friday,8.73,2,0
CUST_8367,Bangalore North,10-12,Thursday,5.92,2,1
CUST_8368,Bangalore North,12-3,Tuesday,13.08,2,0
CUST_8369,Bangalore North,12-3,Monday,14.34,1,0
CUST_8370,Bangalore North,10-12,Friday,4.22,2,0
CUST_8371,Bangalore Central,3-5,Wednesday,9.91,1,1
CUST_8372,Bangalore East,10-12,Monday,11.77,2,0
CUST_8373,Bangalore South,3-5,Wednesday,2.39,2,0
CUST_8374,Bangalore Central,10-12,Thursday,1.67,2,1
CUST_8375,Bangalore Central,12-3,Friday,3.76,2,1
CUST_8376,Bangalore South,10-12,Thursday,6.2,2,1
CUST_8377,Bangalore Central,10-12,Thursday,11.41,2,1
CUST_8378,Bangalore South,3-5,Tuesday,7.95,3,1
CUST_8379,Bangalore Central,10-12,Thursday,13.3,1,0
CUST_8380,Bangalore East,12-3,Tuesday,2.51,2,1
CUST_8381,Bangalore East,3-5,Tuesday,7.39,1,1
CUST_8382,Bangalore East,10-12,Friday,3.13,2,1
CUST_8383,Bangalore North,12-3,Thursday,13.85,3,0
CUST_8384,Bangalore East,3-5,Thursday,12.2,1,0
CUST_8385,Bangalore North,10-12,Friday,1.8,2,1
CUST_8386,Bangalore East,3-5,Tuesday,13.45,2,1
CUST_8387,Bangalore North,3-5,Wednesday,3.2,1,0
CUST_8388,Bangalore Central,12-3,Wednesday,11.49,3,0
CUST_8389,Bangalore Central,3-5,Friday,7.56,2,0
CUST_8390,Bangalore South,3-5,Tuesday,10.73,2,0
CUST_8391,Bangalore East,3-5,Wednesday,6.89,2,0
CUST_8392,Bangalore South,12-3,Tuesday,1.77,2,1
CUST_8393,Bangalore Central,10-12,Thursday,6.36,3,1
CUST_8394,Bangalore North,10-12,Tuesday,1.73,3,0
CUST_8395,Bangalore Central,10-12,Tuesday,7.01,2,0
CUST_8396,Bangalore South,10-12,Tuesday,8.06,1,0
CUST_8397,Bangalore Central,3-5,Thursday,3.16,2,0
CUST_8398,Bangalore Central,3-5,Monday,4.12,2,0
CUST_8399,Bangalore North,10-12,Friday,11.17,2,1
CUST_8400,Bangalore East,10-12,Wednesday,12.47,2,1
CUST_8401,Bangalore Central,10-12,Thursday,5.5,1,0
CUST_8402,Bangalore Central,3-5,Wednesday,4.68,3,0
CUST_8403,Bangalore North,12-3,Wednesday,2.72,3,0
CUST_8404,Bangalore North,10-12,Monday,8.51,2,0
CUST_8405,Bangalore North,10-12,Wednesday,4.91,2,0
CUST_8406,Bangalore East,3-5,Monday,3.43,2,0
CUST_8407,Bangalore North,12-3,Friday,3.55,1,0
CUST_8408,Bangalore South,10-12,Friday,10.76,2,1
CUST_8409,Bangalore South,10-12,Thursday,3.0,2,1
CUST_8410,Bangalore Central,12-3,Thursday,7.71,1,1
CUST_8411,Bangalore Central,10-12,Friday,11.47,1,0
CUST_8412,Bangalore South,12-3,Tuesday,14.06,2,1
CUST_8413,Bangalore South,3-5,Tuesday,5.1,2,0
CUST_8414,Bangalore North,3-5,Wednesday,6.95,3,1
CUST_8415,Bangalore Central,12-3,Monday,11.16,3,1
CUST_8416,Bangalore South,10-12,Monday,12.37,2,0
CUST_8417,Bangalore Central,3-5,Tuesday,9.92,3,0
CUST_8418,Bangalore East,3-5,Wednesday,12.31,1,1
CUST_8419,Bangalore North,10-12,Friday,12.04,2,0
CUST_8420,Bangalore East,12-3,Wednesday,11.83,1,0
CUST_8421,Bangalore Central,12-3,Wednesday,13.08,2,1
CUST_8422,Bangalore North,3-5,Wednesday,12.65,2,0
CUST_8423,Bangalore East,12-3,Tuesday,11.02,2,1
CUST_8424,Bangalore East,10-12,Thursday,1.09,2,0
CUST_8425,Bangalore North,12-3,Monday,5.7,3,0
CUST_8426,Bangalore North,3-5,Friday,3.7,1,0
CUST_8427,Bangalore Central,10-12,Wednesday,12.87,2,1
CUST_8428,Bangalore East,10-12,Thursday,4.6,1,0
CUST_8429,Bangalore Central,12-3,Wednesday,7.1,2,1
CUST_8430,Bangalore Central,12-3,Monday,7.84,1,1
CUST_8431,Bangalore Central,3-5,Wednesday,9.55,2,0
CUST_8432,Bangalore North,3-5,Friday,6.68,3,1
CUST_8433,Bangalore Central,10-12,Monday,11.02,2,0
CUST_8434,Bangalore South,10-12,Monday,9.3,1,1
CUST_8435,Bangalore South,3-5,Tuesday,10.18,2,1
CUST_8436,Bangalore South,3-5,Wednesday,5.13,2,0
CUST_8437,Bangalore North,10-12,Monday,9.67,3,0
CUST_8438,Bangalore Central,3-5,Thursday,11.54,2,0
CUST_8439,Bangalore Central,3-5,Tuesday,7.73,2,0
CUST_8440,Bangalore North,3-5,Friday,1.72,2,0
CUST_8441,Bangalore East,10-12,Wednesday,11.24,1,1
CUST_8442,Bangalore Central,12-3,Friday,2.69,1,0
CUST_8443,Bangalore Central,10-12,Tuesday,10.45,3,1
CUST_8444,Bangalore East,3-5,Friday,12.61,2,1
CUST_8445,Bangalore Central,10-12,Wednesday,14.78,1,1
CUST_8446,Bangalore East,10-12,Monday,12.17,1,1
CUST_8447,Bangalore East,3-5,Wednesday,13.91,1,1
CUST_8448,Bangalore North,10-12,Friday,11.12,2,0
CUST_8449,Bangalore South,3-5,Monday,3.68,2,0
CUST_8450,Bangalore North,10-12,Friday,11.87,2,0
CUST_8451,Bangalore South,3-5,Monday,4.14,2,0
CUST_8452,Bangalore East,12-3,Wednesday,9.88,1,1
CUST_8453,Bangalore South,12-3,Thursday,4.13,3,1
CUST_8454,Bangalore Central,10-12,Wednesday,7.76,2,1
CUST_8455,Bangalore North,12-3,Monday,1.19,1,0
CUST_8456,Bangalore North,12-3,Tuesday,1.73,1,0
CUST_8457,Bangalore Central,12-3,Thursday,3.75,2,1
CUST_8458,Bangalore North,12-3,Tuesday,8.35,3,0
CUST_8459,Bangalore Central,3-5,Thursday,4.49,1,1
CUST_8460,Bangalore North,10-12,Friday,13.67,2,1
CUST_8461,Bangalore Central,10-12,Monday,9.48,2,1
CUST_8462,Bangalore South,12-3,Monday,14.0,1,1
CUST_8463,Bangalore East,10-12,Friday,1.87,2,1
CUST_8464,Bangalore East,10-12,Monday,13.5,2,0
CUST_8465,Bangalore East,10-12,Monday,10.71,2,1
CUST_8466,Bangalore East,3-5,Tuesday,2.14,1,1
CUST_8467,Bangalore East,12-3,Friday,13.11,2,0
CUST_8468,Bangalore Central,12-3,Wednesday,6.33,2,0
CUST_8469,Bangalore Central,12-3,Monday,4.4,1,0
CUST_8470,Bangalore East,12-3,Thursday,4.75,3,1
CUST_8471,Bangalore North,3-5,Thursday,13.13,2,0
CUST_8472,Bangalore Central,10-12,Wednesday,6.04,2,0
CUST_8473,Bangalore Central,3-5,Tuesday,14.72,2,1
CUST_8474,Bangalore North,3-5,Thursday,10.75,2,0
CUST_8475,Bangalore South,12-3,Monday,4.51,1,0
CUST_8476,Bangalore Central,10-12,Thursday,11.79,3,1
CUST_8477,Bangalore North,12-3,Tuesday,8.74,2,0
CUST_8478,Bangalore South,10-12,Wednesday,2.29,2,0
CUST_8479,Bangalore Central,10-12,Tuesday,1.11,1,0
CUST_8480,Bangalore North,3-5,Monday,13.53,1,0
CUST_8481,Bangalore Central,3-5,Friday,13.82,2,0
CUST_8482,Bangalore South,10-12,Thursday,3.31,2,0
CUST_8483,Bangalore South,10-12,Monday,7.35,1,1
CUST_8484,Bangalore Central,12-3,Friday,1.29,1,1
CUST_8485,Bangalore Central,12-3,Monday,1.67,1,0
CUST_8486,Bangalore South,12-3,Wednesday,10.31,2,1
CUST_8487,Bangalore Central,3-5,Thursday,9.02,2,0
CUST_8488,Bangalore South,10-12,Thursday,1.85,2,0
CUST_8489,Bangalore South,12-3,Monday,12.54,2,0
CUST_8490,Bangalore South,12-3,Tuesday,8.95,2,0
CUST_8491,Bangalore North,10-12,Tuesday,12.55,2,0
CUST_8492,Bangalore Central,3-5,Tuesday,6.1,3,1
CUST_8493,Bangalore North,3-5,Wednesday,11.27,2,1
CUST_8494,Bangalore East,3-5,Wednesday,6.22,1,1
CUST_8495,Bangalore Central,12-3,Tuesday,12.72,2,1
CUST_8496,Bangalore Central,12-3,Tuesday,7.28,2,0
CUST_8497,Bangalore Central,3-5,Monday,9.03,1,0
CUST_8498,Bangalore East,12-3,Monday,12.04,3,0
CUST_8499,Bangalore Central,10-12,Monday,12.79,2,0
CUST_8500,Bangalore South,12-3,Tuesday,1.01,3,1
CUST_8501,Bangalore East,3-5,Monday,6.4,1,1
CUST_8502,Bangalore South,3-5,Tuesday,2.67,3,0
CUST_8503,Bangalore East,3-5,Monday,2.47,3,0
CUST_8504,Bangalore South,10-12,Thursday,9.27,2,0
CUST_8505,Bangalore Central,12-3,Wednesday,7.16,2,1
CUST_8506,Bangalore South,3-5,Monday,3.25,2,0
CUST_8507,Bangalore East,10-12,Wednesday,1.25,1,1
CUST_8508,Bangalore South,3-5,Wednesday,3.06,1,1
CUST_8509,Bangalore East,10-12,Friday,6.98,2,1
CUST_8510,Bangalore East,12-3,Wednesday,14.31,2,0
CUST_8511,Bangalore South,10-12,Wednesday,9.05,2,1
CUST_8512,Bangalore Central,12-3,Thursday,10.64,3,0
CUST_8513,Bangalore Central,3-5,Friday,5.81,1,1
CUST_8514,Bangalore Central,12-3,Thursday,10.46,3,0
CUST_8515,Bangalore East,3-5,Thursday,14.99,1,0
CUST_8516,Bangalore Central,10-12,Friday,3.57,2,0
CUST_8517,Bangalore South,12-3,Wednesday,4.46,1,1
CUST_8518,Bangalore Central,10-12,Thursday,6.35,1,0
CUST_8519,Bangalore North,10-12,Thursday,13.2,2,1
CUST_8520,Bangalore East,12-3,Thursday,14.29,2,1
CUST_8521,Bangalore East,12-3,Friday,5.0,2,0
CUST_8522,Bangalore South,3-5,Wednesday,5.15,2,1
CUST_8523,Bangalore East,10-12,Wednesday,8.61,2,1
CUST_8524,Bangalore South,10-12,Friday,5.25,1,1
CUST_8525,Bangalore East,10-12,Friday,7.64,2,0
CUST_8526,Bangalore East,3-5,Wednesday,14.45,1,0
CUST_8527,Bangalore South,3-5,Monday,9.39,2,0
CUST_8528,Bangalore South,10-12,Monday,10.46,1,0
CUST_8529,Bangalore South,12-3,Monday,5.91,2,1
CUST_8530,Bangalore East,10-12,Monday,13.58,2,1
CUST_8531,Bangalore South,3-5,Wednesday,1.63,1,1
CUST_8532,Bangalore East,10-12,Monday,3.19,1,0
CUST_8533,Bangalore South,12-3,Tuesday,12.69,2,0
CUST_8534,Bangalore North,10-12,Tuesday,5.89,2,0
CUST_8535,Bangalore North,10-12,Monday,14.28,3,1
CUST_8536,Bangalore South,10-12,Thursday,14.1,2,1
CUST_8537,Bangalore North,10-12,Wednesday,6.56,2,0
CUST_8538,Bangalore Central,12-3,Wednesday,3.6,1,0
CUST_8539,Bangalore North,10-12,Friday,3.81,2,0
CUST_8540,Bangalore South,12-3,Thursday,13.67,1,0
CUST_8541,Bangalore East,10-12,Friday,8.67,2,0
CUST_8542,Bangalore Central,3-5,Friday,8.32,2,1
CUST_8543,Bangalore South,10-12,Friday,2.76,3,0
CUST_8544,Bangalore North,12-3,Monday,4.07,1,1
CUST_8545,Bangalore East,12-3,Tuesday,1.33,2,1
CUST_8546,Bangalore South,3-5,Friday,4.9,2,1
CUST_8547,Bangalore South,10-12,Thursday,7.28,2,0
CUST_8548,Bangalore South,3-5,Tuesday,9.52,2,1
CUST_8549,Bangalore East,12-3,Tuesday,8.33,3,0
CUST_8550,Bangalore Central,12-3,Monday,14.35,1,1
CUST_8551,Bangalore East,10-12,Monday,14.87,2,1
CUST_8552,Bangalore South,3-5,Thursday,3.02,2,0
CUST_8553,Bangalore North,3-5,Thursday,8.44,1,1
CUST_8554,Bangalore Central,10-12,Tuesday,3.93,3,0
CUST_8555,Bangalore Central,12-3,Monday,5.88,2,1
CUST_8556,Bangalore East,3-5,Monday,14.95,2,0
CUST_8557,Bangalore East,12-3,Friday,8.27,2,0
CUST_8558,Bangalore East,12-3,Wednesday,3.23,3,1
CUST_8559,Bangalore Central,12-3,Tuesday,8.85,1,0
CUST_8560,Bangalore Central,10-12,Friday,12.66,2,1
CUST_8561,Bangalore Central,10-12,Friday,10.08,2,1
CUST_8562,Bangalore South,3-5,Wednesday,4.12,3,0
CUST_8563,Bangalore Central,12-3,Friday,5.52,2,0
CUST_8564,Bangalore North,12-3,Thursday,10.52,1,0
CUST_8565,Bangalore North,10-12,Wednesday,6.26,2,0
CUST_8566,Bangalore Central,3-5,Wednesday,12.39,2,0
CUST_8567,Bangalore East,12-3,Tuesday,4.47,3,0
CUST_8568,Bangalore South,12-3,Wednesday,1.82,2,1
CUST_8569,Bangalore East,3-5,Monday,13.88,2,1
CUST_8570,Bangalore South,3-5,Monday,14.05,2,0
CUST_8571,Bangalore North,10-12,Thursday,12.88,2,1
CUST_8572,Bangalore South,12-3,Tuesday,5.82,1,1
CUST_8573,Bangalore North,10-12,Tuesday,12.22,2,0
CUST_8574,Bangalore East,3-5,Monday,5.88,1,1
CUST_8575,Bangalore East,10-12,Thursday,8.6,2,1
CUST_8576,Bangalore East,12-3,Thursday,14.13,2,1
CUST_8577,Bangalore North,12-3,Friday,4.49,2,0
CUST_8578,Bangalore South,10-12,Wednesday,5.86,2,0
CUST_8579,Bangalore North,3-5,Wednesday,3.14,2,1
CUST_8580,Bangalore Central,12-3,Thursday,6.63,1,0
CUST_8581,Bangalore Central,10-12,Tuesday,14.07,2,0
CUST_8582,Bangalore South,10-12,Friday,9.23,1,0
CUST_8583,Bangalore South,12-3,Wednesday,2.93,2,0
CUST_8584,Bangalore North,12-3,Wednesday,13.85,2,0
CUST_8585,Bangalore North,12-3,Thursday,13.96,3,1
CUST_8586,Bangalore North,10-12,Monday,4.64,2,1
CUST_8587,Bangalore North,10-12,Wednesday,8.73,2,0
CUST_8588,Bangalore South,12-3,Wednesday,7.28,1,0
CUST_8589,Bangalore North,10-12,Tuesday,10.33,1,1
CUST_8590,Bangalore South,12-3,Wednesday,8.76,2,1
CUST_8591,Bangalore East,12-3,Wednesday,3.64,1,0
CUST_8592,Bangalore East,3-5,Friday,12.49,3,1
CUST_8593,Bangalore East,10-12,Friday,9.18,3,0
CUST_8594,Bangalore North,12-3,Wednesday,7.48,3,0
CUST_8595,Bangalore East,12-3,Wednesday,12.66,2,1
CUST_8596,Bangalore South,3-5,Tuesday,1.81,2,0
CUST_8597,Bangalore East,12-3,Tuesday,9.33,1,0
CUST_8598,Bangalore East,10-12,Monday,2.53,3,0
CUST_8599,Bangalore East,12-3,Wednesday,1.72,1,1
CUST_8600,Bangalore North,10-12,Thursday,3.59,2,1
CUST_8601,Bangalore East,12-3,Thursday,10.51,2,1
CUST_8602,Bangalore South,12-3,Wednesday,7.22,2,1
CUST_8603,Bangalore North,12-3,Wednesday,13.42,2,0
CUST_8604,Bangalore Central,10-12,Tuesday,3.12,1,1
CUST_8605,Bangalore East,10-12,Friday,4.59,1,0
CUST_8606,Bangalore Central,3-5,Friday,14.07,2,0
CUST_8607,Bangalore South,10-12,Thursday,10.47,1,0
CUST_8608,Bangalore East,3-5,Monday,14.6,1,0
CUST_8609,Bangalore East,3-5,Monday,12.72,1,1
CUST_8610,Bangalore South,3-5,Tuesday,6.48,2,1
CUST_8611,Bangalore Central,3-5,Friday,3.21,2,1
CUST_8612,Bangalore South,12-3,Wednesday,6.12,2,0
CUST_8613,Bangalore South,10-12,Friday,10.96,3,0
CUST_8614,Bangalore Central,3-5,Tuesday,13.74,2,1
CUST_8615,Bangalore North,10-12,Friday,10.1,2,0
CUST_8616,Bangalore East,10-12,Tuesday,6.87,2,0
CUST_8617,Bangalore East,3-5,Thursday,2.25,2,0
CUST_8618,Bangalore South,12-3,Friday,2.51,3,1
CUST_8619,Bangalore Central,3-5,Tuesday,8.2,2,1
CUST_8620,Bangalore North,12-3,Wednesday,6.92,3,0
CUST_8621,Bangalore North,12-3,Thursday,1.7,2,0
CUST_8622,Bangalore South,3-5,Friday,10.28,1,0
CUST_8623,Bangalore North,3-5,Friday,9.82,2,0
CUST_8624,Bangalore South,12-3,Wednesday,11.69,1,1
CUST_8625,Bangalore North,12-3,Wednesday,13.82,3,1
CUST_8626,Bangalore South,12-3,Tuesday,3.02,2,1
CUST_8627,Bangalore North,3-5,Monday,5.12,1,0
CUST_8628,Bangalore Central,12-3,Monday,5.47,2,1
CUST_8629,Bangalore East,10-12,Friday,14.26,3,1
CUST_8630,Bangalore North,3-5,Tuesday,5.29,3,0
CUST_8631,Bangalore North,12-3,Tuesday,4.0,1,0
CUST_8632,Bangalore East,3-5,Wednesday,10.33,2,1
CUST_8633,Bangalore North,10-12,Friday,7.16,2,0
CUST_8634,Bangalore Central,12-3,Friday,9.52,3,1
CUST_8635,Bangalore East,3-5,Monday,4.29,2,0
CUST_8636,Bangalore East,12-3,Friday,8.71,3,1
CUST_8637,Bangalore North,10-12,Thursday,1.49,3,1
CUST_8638,Bangalore North,10-12,Tuesday,10.55,3,0
CUST_8639,Bangalore South,10-12,Tuesday,2.29,3,0
CUST_8640,Bangalore North,10-12,Friday,8.05,2,1
CUST_8641,Bangalore South,10-12,Friday,10.53,1,1
CUST_8642,Bangalore South,12-3,Thursday,14.56,1,1
CUST_8643,Bangalore South,3-5,Wednesday,4.0,2,0
CUST_8644,Bangalore East,12-3,Tuesday,10.75,2,0
CUST_8645,Bangalore East,12-3,Monday,12.61,1,1
CUST_8646,Bangalore South,3-5,Tuesday,11.06,3,1
CUST_8647,Bangalore North,3-5,Tuesday,6.65,2,0
CUST_8648,Bangalore Central,10-12,Thursday,5.51,3,0
CUST_8649,Bangalore South,3-5,Friday,5.95,3,1
CUST_8650,Bangalore Central,3-5,Thursday,10.38,1,0
CUST_8651,Bangalore North,10-12,Thursday,14.4,2,0
CUST_8652,Bangalore North,12-3,Monday,1.98,1,1
CUST_8653,Bangalore North,3-5,Thursday,13.46,1,0
CUST_8654,Bangalore East,12-3,Wednesday,10.01,2,0
CUST_8655,Bangalore South,3-5,Tuesday,12.3,1,0
CUST_8656,Bangalore North,3-5,Wednesday,2.93,1,0
CUST_8657,Bangalore North,3-5,Thursday,1.44,2,0
CUST_8658,Bangalore East,10-12,Thursday,2.02,3,1
CUST_8659,Bangalore East,10-12,Tuesday,7.62,2,1
CUST_8660,Bangalore Central,3-5,Tuesday,5.19,2,0
CUST_8661,Bangalore East,12-3,Tuesday,1.73,1,1
CUST_8662,Bangalore North,12-3,Thursday,2.96,2,0
CUST_8663,Bangalore Central,10-12,Friday,13.71,1,1
CUST_8664,Bangalore East,10-12,Wednesday,1.39,3,0
CUST_8665,Bangalore South,10-12,Tuesday,4.58,2,0
CUST_8666,Bangalore East,3-5,Tuesday,3.48,2,0
CUST_8667,Bangalore South,3-5,Wednesday,3.45,3,0
CUST_8668,Bangalore East,3-5,Wednesday,9.91,1,1
CUST_8669,Bangalore South,12-3,Tuesday,11.96,2,0
CUST_8670,Bangalore Central,12-3,Tuesday,8.12,2,0
CUST_8671,Bangalore North,12-3,Thursday,13.41,2,1
CUST_8672,Bangalore North,10-12,Wednesday,9.21,2,1
CUST_8673,Bangalore South,3-5,Thursday,8.05,1,0
CUST_8674,Bangalore South,3-5,Tuesday,6.97,1,1
CUST_8675,Bangalore South,3-5,Thursday,13.12,2,1
CUST_8676,Bangalore North,10-12,Tuesday,10.74,2,0
CUST_8677,Bangalore East,12-3,Wednesday,12.33,2,0
CUST_8678,Bangalore North,3-5,Monday,11.87,1,0
CUST_8679,Bangalore North,10-12,Friday,4.97,2,1
CUST_8680,Bangalore North,10-12,Friday,1.74,2,0
CUST_8681,Bangalore East,12-3,Tuesday,12.49,2,0
CUST_8682,Bangalore North,10-12,Friday,2.2,2,0
CUST_8683,Bangalore East,12-3,Monday,3.3,2,0
CUST_8684,Bangalore East,3-5,Thursday,1.18,3,1
CUST_8685,Bangalore North,3-5,Tuesday,8.84,2,1
CUST_8686,Bangalore South,10-12,Friday,8.03,2,1
CUST_8687,Bangalore East,3-5,Thursday,12.53,2,0
CUST_8688,Bangalore North,10-12,Friday,13.8,1,1
CUST_8689,Bangalore East,12-3,Friday,9.52,3,1
CUST_8690,Bangalore Central,10-12,Wednesday,3.78,2,1
CUST_8691,Bangalore Central,10-12,Friday,9.48,2,1
CUST_8692,Bangalore North,10-12,Friday,11.26,2,1
CUST_8693,Bangalore East,10-12,Thursday,3.03,1,0
CUST_8694,Bangalore Central,3-5,Thursday,8.22,2,0
CUST_8695,Bangalore Central,3-5,Wednesday,11.38,3,0
CUST_8696,Bangalore East,3-5,Monday,6.05,1,1
CUST_8697,Bangalore North,3-5,Friday,4.86,1,1
CUST_8698,Bangalore Central,12-3,Monday,10.64,1,0
CUST_8699,Bangalore South,10-12,Wednesday,3.24,1,1
CUST_8700,Bangalore East,3-5,Tuesday,5.44,1,0
CUST_8701,Bangalore East,12-3,Thursday,9.68,1,0
CUST_8702,Bangalore East,10-12,Thursday,8.57,2,0
CUST_8703,Bangalore South,3-5,Friday,14.03,2,1
CUST_8704,Bangalore East,3-5,Friday,7.13,2,1
CUST_8705,Bangalore North,10-12,Tuesday,4.63,1,0
CUST_8706,Bangalore East,3-5,Wednesday,3.79,2,1
CUST_8707,Bangalore North,3-5,Wednesday,14.11,3,1
CUST_8708,Bangalore South,10-12,Thursday,6.97,2,1
CUST_8709,Bangalore East,12-3,Wednesday,9.56,2,1
CUST_8710,Bangalore South,12-3,Wednesday,8.52,2,1
CUST_8711,Bangalore North,12-3,Tuesday,1.91,2,0
CUST_8712,Bangalore South,3-5,Monday,5.9,3,0
CUST_8713,Bangalore Central,10-12,Tuesday,4.88,2,1
CUST_8714,Bangalore Central,10-12,Monday,14.54,1,1
CUST_8715,Bangalore South,12-3,Thursday,8.51,2,1
CUST_8716,Bangalore North,3-5,Tuesday,14.16,2,0
CUST_8717,Bangalore East,12-3,Tuesday,2.69,3,0
CUST_8718,Bangalore Central,10-12,Friday,3.83,3,0
CUST_8719,Bangalore South,10-12,Wednesday,13.39,1,1
CUST_8720,Bangalore North,12-3,Thursday,13.12,2,0
CUST_8721,Bangalore South,12-3,Wednesday,13.71,2,1
CUST_8722,Bangalore North,12-3,Friday,1.78,2,0
CUST_8723,Bangalore East,3-5,Wednesday,2.32,2,0
CUST_8724,Bangalore North,12-3,Wednesday,8.79,1,1
CUST_8725,Bangalore North,10-12,Tuesday,11.11,3,0
CUST_8726,Bangalore East,3-5,Wednesday,2.16,1,0
CUST_8727,Bangalore South,12-3,Thursday,11.63,2,0
CUST_8728,Bangalore Central,10-12,Friday,6.68,1,1
CUST_8729,Bangalore Central,10-12,Tuesday,12.27,3,1
CUST_8730,Bangalore Central,12-3,Monday,6.92,2,0
CUST_8731,Bangalore Central,3-5,Friday,2.42,3,0
CUST_8732,Bangalore East,12-3,Tuesday,11.33,2,0
CUST_8733,Bangalore East,3-5,Friday,5.82,2,1
CUST_8734,Bangalore East,3-5,Tuesday,5.17,2,1
CUST_8735,Bangalore East,10-12,Wednesday,3.48,2,1
CUST_8736,Bangalore East,12-3,Monday,2.04,1,0
CUST_8737,Bangalore East,10-12,Wednesday,7.22,1,1
CUST_8738,Bangalore North,10-12,Tuesday,10.04,2,0
CUST_8739,Bangalore North,12-3,Friday,7.24,1,1
CUST_8740,Bangalore Central,10-12,Friday,9.6,3,1
CUST_8741,Bangalore North,10-12,Wednesday,9.5,1,0
CUST_8742,Bangalore East,10-12,Thursday,3.22,2,0
CUST_8743,Bangalore Central,10-12,Monday,9.01,3,1
CUST_8744,Bangalore Central,3-5,Monday,6.94,3,1
CUST_8745,Bangalore South,12-3,Friday,10.3,2,1
CUST_8746,Bangalore Central,3-5,Thursday,2.96,3,0
CUST_8747,Bangalore South,10-12,Friday,12.83,1,0
CUST_8748,Bangalore North,10-12,Wednesday,14.12,2,1
CUST_8749,Bangalore South,12-3,Tuesday,2.31,2,1
CUST_8750,Bangalore North,3-5,Wednesday,9.43,2,1
CUST_8751,Bangalore South,10-12,Thursday,10.61,1,0
CUST_8752,Bangalore East,3-5,Monday,5.26,3,0
CUST_8753,Bangalore Central,12-3,Wednesday,7.07,2,1
CUST_8754,Bangalore South,12-3,Wednesday,10.4,2,1
CUST_8755,Bangalore Central,3-5,Monday,3.78,3,0
CUST_8756,Bangalore North,12-3,Friday,4.02,3,0
CUST_8757,Bangalore North,3-5,Monday,6.69,2,1
CUST_8758,Bangalore South,12-3,Wednesday,10.54,1,0
CUST_8759,Bangalore South,10-12,Tuesday,5.52,2,0
CUST_8760,Bangalore North,12-3,Friday,12.81,1,0
CUST_8761,Bangalore South,10-12,Thursday,8.1,2,1
CUST_8762,Bangalore North,3-5,Friday,9.24,2,1
CUST_8763,Bangalore South,3-5,Friday,7.21,1,1
CUST_8764,Bangalore South,3-5,Friday,9.65,2,1
CUST_8765,Bangalore Central,12-3,Thursday,6.2,3,0
CUST_8766,Bangalore Central,10-12,Thursday,11.05,3,1
CUST_8767,Bangalore South,10-12,Friday,5.09,1,1
CUST_8768,Bangalore East,3-5,Tuesday,1.18,1,1
CUST_8769,Bangalore Central,3-5,Monday,7.48,2,0
CUST_8770,Bangalore South,10-12,Monday,6.88,2,0
CUST_8771,Bangalore Central,10-12,Wednesday,2.94,2,1
CUST_8772,Bangalore North,12-3,Wednesday,4.12,1,1
CUST_8773,Bangalore North,12-3,Monday,13.37,2,1
CUST_8774,Bangalore East,10-12,Thursday,2.73,1,0
CUST_8775,Bangalore South,12-3,Friday,8.61,2,0
CUST_8776,Bangalore South,3-5,Thursday,3.06,2,0
CUST_8777,Bangalore South,12-3,Thursday,14.55,3,0
CUST_8778,Bangalore East,3-5,Thursday,14.22,2,0
CUST_8779,Bangalore South,3-5,Friday,11.43,1,1
CUST_8780,Bangalore Central,10-12,Wednesday,4.24,2,0
CUST_8781,Bangalore North,3-5,Friday,4.95,2,0
CUST_8782,Bangalore South,12-3,Friday,3.0,2,1
CUST_8783,Bangalore South,10-12,Tuesday,7.7,2,0
CUST_8784,Bangalore Central,3-5,Thursday,1.3,2,1
CUST_8785,Bangalore Central,10-12,Monday,2.19,2,1
CUST_8786,Bangalore Central,10-12,Monday,13.87,2,1
CUST_8787,Bangalore South,3-5,Tuesday,9.55,2,1
CUST_8788,Bangalore Central,10-12,Friday,13.07,3,1
CUST_8789,Bangalore North,12-3,Friday,10.23,3,1
CUST_8790,Bangalore Central,10-12,Monday,8.41,2,0
CUST_8791,Bangalore East,3-5,Wednesday,14.94,1,0
CUST_8792,Bangalore East,3-5,Friday,13.37,2,1
CUST_8793,Bangalore North,3-5,Tuesday,13.03,1,0
CUST_8794,Bangalore East,10-12,Wednesday,12.18,1,1
CUST_8795,Bangalore South,3-5,Monday,5.01,3,0
CUST_8796,Bangalore East,3-5,Wednesday,12.7,2,1
CUST_8797,Bangalore North,3-5,Wednesday,7.07,1,1
CUST_8798,Bangalore East,10-12,Monday,5.48,3,0
CUST_8799,Bangalore East,10-12,Wednesday,3.62,1,1
CUST_8800,Bangalore North,10-12,Friday,11.85,1,1
CUST_8801,Bangalore North,10-12,Wednesday,8.04,2,1
CUST_8802,Bangalore East,12-3,Tuesday,11.97,3,0
CUST_8803,Bangalore South,10-12,Thursday,3.09,3,0
CUST_8804,Bangalore Central,3-5,Wednesday,1.31,2,1
CUST_8805,Bangalore South,10-12,Friday,13.97,2,1
CUST_8806,Bangalore North,12-3,Tuesday,11.96,1,0
CUST_8807,Bangalore East,10-12,Wednesday,4.84,1,0
CUST_8808,Bangalore Central,12-3,Tuesday,5.07,2,0
CUST_8809,Bangalore North,10-12,Friday,12.66,3,1
CUST_8810,Bangalore Central,10-12,Tuesday,2.67,3,1
CUST_8811,Bangalore Central,12-3,Tuesday,5.25,1,1
CUST_8812,Bangalore South,10-12,Monday,2.45,1,1
CUST_8813,Bangalore Central,12-3,Monday,5.96,1,1
CUST_8814,Bangalore East,10-12,Monday,5.94,1,0
CUST_8815,Bangalore North,12-3,Tuesday,11.6,2,0
CUST_8816,Bangalore East,10-12,Friday,8.74,1,0
CUST_8817,Bangalore South,12-3,Friday,13.73,2,1
CUST_8818,Bangalore East,10-12,Friday,1.13,2,0
CUST_8819,Bangalore South,10-12,Friday,1.89,2,1
CUST_8820,Bangalore East,10-12,Monday,1.68,1,0
CUST_8821,Bangalore North,3-5,Friday,2.36,2,1
CUST_8822,Bangalore North,10-12,Thursday,8.63,1,0
CUST_8823,Bangalore North,10-12,Tuesday,9.21,3,1
CUST_8824,Bangalore North,10-12,Wednesday,12.42,2,1
CUST_8825,Bangalore East,10-12,Monday,5.94,2,1
CUST_8826,Bangalore North,3-5,Tuesday,5.55,3,0
CUST_8827,Bangalore South,3-5,Tuesday,13.59,2,0
CUST_8828,Bangalore South,10-12,Monday,3.37,1,0
CUST_8829,Bangalore North,3-5,Friday,10.06,2,0
CUST_8830,Bangalore Central,10-12,Friday,4.92,1,1
CUST_8831,Bangalore North,10-12,Friday,10.44,2,0
CUST_8832,Bangalore East,3-5,Wednesday,5.83,1,1
CUST_8833,Bangalore East,3-5,Friday,13.21,2,0
CUST_8834,Bangalore South,12-3,Friday,1.1,1,1
CUST_8835,Bangalore South,12-3,Friday,8.35,2,0
CUST_8836,Bangalore Central,3-5,Friday,8.03,3,0
CUST_8837,Bangalore Central,10-12,Friday,12.31,3,1
CUST_8838,Bangalore East,10-12,Friday,6.57,2,0
CUST_8839,Bangalore Central,12-3,Monday,3.55,2,1
CUST_8840,Bangalore East,10-12,Thursday,11.8,2,0
CUST_8841,Bangalore Central,12-3,Wednesday,1.11,2,0
CUST_8842,Bangalore South,12-3,Monday,3.71,2,0
CUST_8843,Bangalore North,10-12,Friday,10.51,1,1
CUST_8844,Bangalore North,10-12,Tuesday,9.63,3,0
CUST_8845,Bangalore South,12-3,Monday,7.0,3,1
CUST_8846,Bangalore North,10-12,Tuesday,2.56,3,0
CUST_8847,Bangalore South,10-12,Thursday,7.84,3,1
CUST_8848,Bangalore North,10-12,Wednesday,9.17,2,0
CUST_8849,Bangalore North,12-3,Tuesday,10.81,2,1
CUST_8850,Bangalore North,3-5,Friday,13.9,2,1
CUST_8851,Bangalore East,10-12,Tuesday,4.07,3,0
CUST_8852,Bangalore Central,12-3,Tuesday,4.59,1,1
CUST_8853,Bangalore North,10-12,Wednesday,4.28,3,0
CUST_8854,Bangalore North,12-3,Wednesday,6.78,2,1
CUST_8855,Bangalore North,3-5,Thursday,3.6,3,0
CUST_8856,Bangalore South,3-5,Tuesday,5.24,2,1
CUST_8857,Bangalore East,3-5,Friday,4.28,2,1
CUST_8858,Bangalore North,10-12,Thursday,5.26,1,0
CUST_8859,Bangalore Central,3-5,Thursday,6.3,1,1
CUST_8860,Bangalore East,10-12,Tuesday,10.62,2,1
CUST_8861,Bangalore Central,10-12,Monday,5.59,1,0
CUST_8862,Bangalore South,12-3,Wednesday,7.56,2,0
CUST_8863,Bangalore North,3-5,Friday,4.99,1,1
CUST_8864,Bangalore Central,12-3,Monday,13.85,3,1
CUST_8865,Bangalore South,10-12,Monday,2.37,1,0
CUST_8866,Bangalore Central,10-12,Friday,9.67,2,0
CUST_8867,Bangalore Central,10-12,Thursday,10.11,2,0
CUST_8868,Bangalore Central,10-12,Monday,14.76,1,1
CUST_8869,Bangalore South,12-3,Monday,11.7,2,0
CUST_8870,Bangalore South,3-5,Wednesday,5.41,3,1
CUST_8871,Bangalore East,10-12,Thursday,7.55,2,0
CUST_8872,Bangalore South,12-3,Tuesday,3.24,2,0
CUST_8873,Bangalore Central,10-12,Tuesday,3.48,3,0
CUST_8874,Bangalore North,12-3,Tuesday,3.55,3,1
CUST_8875,Bangalore Central,3-5,Friday,9.25,2,0
CUST_8876,Bangalore South,3-5,Monday,13.88,1,0
CUST_8877,Bangalore Central,12-3,Thursday,11.64,1,1
CUST_8878,Bangalore East,10-12,Friday,8.26,3,1
CUST_8879,Bangalore North,12-3,Monday,4.69,2,1
CUST_8880,Bangalore North,3-5,Thursday,14.59,1,0
CUST_8881,Bangalore North,3-5,Monday,11.36,2,1
CUST_8882,Bangalore North,3-5,Thursday,6.49,1,0
CUST_8883,Bangalore North,10-12,Monday,14.1,2,0
CUST_8884,Bangalore South,12-3,Tuesday,6.65,2,0
CUST_8885,Bangalore Central,3-5,Friday,5.02,1,0
CUST_8886,Bangalore East,12-3,Friday,5.77,1,0
CUST_8887,Bangalore North,10-12,Tuesday,12.29,2,0
CUST_8888,Bangalore North,10-12,Thursday,5.88,1,0
CUST_8889,Bangalore South,12-3,Wednesday,14.58,2,0
CUST_8890,Bangalore Central,12-3,Tuesday,4.41,2,1
CUST_8891,Bangalore North,10-12,Wednesday,5.75,3,1
CUST_8892,Bangalore East,3-5,Monday,3.75,2,0
CUST_8893,Bangalore East,10-12,Tuesday,3.17,1,1
CUST_8894,Bangalore East,10-12,Thursday,7.28,2,1
CUST_8895,Bangalore North,3-5,Tuesday,12.86,1,1
CUST_8896,Bangalore South,10-12,Wednesday,6.63,2,1
CUST_8897,Bangalore South,3-5,Friday,7.97,2,0
CUST_8898,Bangalore North,10-12,Wednesday,1.43,2,0
CUST_8899,Bangalore North,12-3,Thursday,11.59,2,1
CUST_8900,Bangalore North,12-3,Tuesday,10.39,2,0
CUST_8901,Bangalore Central,12-3,Thursday,7.16,2,0
CUST_8902,Bangalore East,12-3,Friday,2.93,3,0
CUST_8903,Bangalore East,3-5,Wednesday,9.19,2,0
CUST_8904,Bangalore North,12-3,Thursday,11.0,1,1
CUST_8905,Bangalore Central,12-3,Friday,11.73,2,1
CUST_8906,Bangalore South,12-3,Wednesday,4.09,3,0
CUST_8907,Bangalore South,12-3,Friday,12.85,2,1
CUST_8908,Bangalore North,3-5,Thursday,1.08,1,0
CUST_8909,Bangalore South,12-3,Monday,8.16,2,1
CUST_8910,Bangalore South,10-12,Thursday,7.42,2,0
CUST_8911,Bangalore East,10-12,Tuesday,12.91,2,0
CUST_8912,Bangalore Central,3-5,Friday,9.77,3,0
CUST_8913,Bangalore North,3-5,Thursday,7.14,2,0
CUST_8914,Bangalore North,12-3,Friday,11.97,2,1
CUST_8915,Bangalore South,12-3,Thursday,4.69,1,1
CUST_8916,Bangalore South,10-12,Friday,2.54,1,1
CUST_8917,Bangalore Central,3-5,Wednesday,13.13,1,1
CUST_8918,Bangalore South,12-3,Monday,10.98,2,0
CUST_8919,Bangalore South,3-5,Friday,2.97,2,0
CUST_8920,Bangalore North,12-3,Friday,4.09,2,0
CUST_8921,Bangalore North,10-12,Tuesday,2.12,3,0
CUST_8922,Bangalore North,12-3,Tuesday,11.21,3,1
CUST_8923,Bangalore South,10-12,Thursday,8.63,2,0
CUST_8924,Bangalore South,12-3,Friday,11.7,3,1
CUST_8925,Bangalore East,10-12,Friday,2.2,2,0
CUST_8926,Bangalore Central,12-3,Wednesday,9.77,1,1
CUST_8927,Bangalore East,10-12,Monday,9.26,2,1
CUST_8928,Bangalore East,3-5,Wednesday,3.25,2,0
CUST_8929,Bangalore Central,12-3,Wednesday,10.55,2,1
CUST_8930,Bangalore East,3-5,Wednesday,7.51,1,1
CUST_8931,Bangalore East,10-12,Wednesday,11.53,2,1
CUST_8932,Bangalore East,12-3,Monday,6.86,1,1
CUST_8933,Bangalore North,10-12,Tuesday,2.37,1,1
CUST_8934,Bangalore Central,10-12,Friday,8.69,1,1
CUST_8935,Bangalore South,3-5,Friday,1.95,2,1
CUST_8936,Bangalore East,10-12,Friday,11.44,1,0
CUST_8937,Bangalore Central,12-3,Friday,5.33,2,0
CUST_8938,Bangalore Central,12-3,Wednesday,7.03,2,1
CUST_8939,Bangalore Central,12-3,Wednesday,7.77,3,1
CUST_8940,Bangalore North,12-3,Monday,5.27,3,0
CUST_8941,Bangalore South,3-5,Monday,6.49,3,1
CUST_8942,Bangalore North,12-3,Thursday,7.6,1,1
CUST_8943,Bangalore North,3-5,Monday,5.97,1,1
CUST_8944,Bangalore East,12-3,Friday,13.21,2,0
CUST_8945,Bangalore East,3-5,Friday,12.7,3,1
CUST_8946,Bangalore North,10-12,Monday,8.42,3,1
CUST_8947,Bangalore Central,10-12,Friday,12.22,1,1
CUST_8948,Bangalore Central,12-3,Monday,6.72,2,0
CUST_8949,Bangalore Central,3-5,Tuesday,7.06,2,1
CUST_8950,Bangalore Central,3-5,Thursday,6.61,2,1
CUST_8951,Bangalore South,10-12,Friday,13.4,1,0
CUST_8952,Bangalore East,3-5,Friday,6.71,3,0
CUST_8953,Bangalore Central,10-12,Monday,7.02,2,0
CUST_8954,Bangalore Central,10-12,Tuesday,11.58,3,1
CUST_8955,Bangalore North,10-12,Tuesday,1.89,1,0
CUST_8956,Bangalore Central,3-5,Monday,8.22,2,0
CUST_8957,Bangalore East,12-3,Wednesday,9.67,2,0
CUST_8958,Bangalore South,10-12,Thursday,9.19,3,0
CUST_8959,Bangalore South,10-12,Thursday,10.63,2,0
CUST_8960,Bangalore South,3-5,Thursday,7.53,1,1
CUST_8961,Bangalore East,10-12,Friday,10.86,2,1
CUST_8962,Bangalore East,12-3,Monday,8.87,2,0
CUST_8963,Bangalore Central,3-5,Friday,8.64,2,0
CUST_8964,Bangalore North,10-12,Friday,9.19,2,0
CUST_8965,Bangalore East,3-5,Tuesday,8.4,2,1
CUST_8966,Bangalore North,12-3,Friday,8.12,3,1
CUST_8967,Bangalore South,10-12,Monday,13.74,3,1
CUST_8968,Bangalore Central,3-5,Tuesday,13.71,3,0
CUST_8969,Bangalore East,3-5,Monday,7.45,1,1
CUST_8970,Bangalore South,3-5,Wednesday,3.07,1,0
CUST_8971,Bangalore East,10-12,Thursday,8.39,1,0
CUST_8972,Bangalore North,10-12,Thursday,6.21,3,1
CUST_8973,Bangalore South,3-5,Monday,5.14,1,0
CUST_8974,Bangalore East,3-5,Friday,13.15,1,1
CUST_8975,Bangalore North,10-12,Wednesday,1.45,1,0
CUST_8976,Bangalore Central,3-5,Thursday,1.39,1,1
CUST_8977,Bangalore North,10-12,Monday,1.48,2,0
CUST_8978,Bangalore Central,10-12,Friday,8.25,1,0
CUST_8979,Bangalore North,10-12,Tuesday,4.3,3,1
CUST_8980,Bangalore Central,10-12,Friday,7.27,1,0
CUST_8981,Bangalore East,3-5,Wednesday,3.16,3,1
CUST_8982,Bangalore Central,3-5,Thursday,11.05,2,1
CUST_8983,Bangalore North,10-12,Monday,7.25,2,1
CUST_8984,Bangalore North,12-3,Wednesday,13.85,1,0
CUST_8985,Bangalore South,12-3,Friday,4.32,2,1
CUST_8986,Bangalore North,12-3,Wednesday,3.04,2,0
CUST_8987,Bangalore South,3-5,Thursday,8.85,2,0
CUST_8988,Bangalore Central,10-12,Tuesday,9.61,3,1
CUST_8989,Bangalore Central,3-5,Monday,3.86,3,0
CUST_8990,Bangalore North,12-3,Wednesday,7.86,3,1
CUST_8991,Bangalore Central,10-12,Wednesday,14.35,2,1
CUST_8992,Bangalore North,12-3,Monday,5.72,3,0
CUST_8993,Bangalore South,10-12,Monday,10.98,1,1
CUST_8994,Bangalore East,3-5,Friday,8.04,2,1
CUST_8995,Bangalore Central,12-3,Tuesday,7.24,2,1
CUST_8996,Bangalore North,3-5,Thursday,8.74,1,0
CUST_8997,Bangalore East,10-12,Wednesday,10.42,2,1
CUST_8998,Bangalore South,3-5,Thursday,7.02,2,0
CUST_8999,Bangalore Central,10-12,Friday,12.97,2,1
CUST_9000,Bangalore Central,3-5,Thursday,6.6,1,0
CUST_9001,Bangalore North,3-5,Tuesday,1.43,3,0
CUST_9002,Bangalore South,12-3,Friday,9.57,1,1
CUST_9003,Bangalore North,12-3,Wednesday,5.23,3,0
CUST_9004,Bangalore Central,3-5,Monday,13.36,2,1
CUST_9005,Bangalore North,3-5,Wednesday,2.66,2,0
CUST_9006,Bangalore South,3-5,Friday,10.82,1,1
CUST_9007,Bangalore North,3-5,Monday,1.73,2,1
CUST_9008,Bangalore East,3-5,Friday,8.63,2,1
CUST_9009,Bangalore Central,3-5,Monday,11.72,2,0
CUST_9010,Bangalore North,3-5,Thursday,7.26,2,1
CUST_9011,Bangalore North,10-12,Tuesday,6.58,2,0
CUST_9012,Bangalore North,12-3,Tuesday,8.67,1,1
CUST_9013,Bangalore Central,3-5,Tuesday,12.79,2,0
CUST_9014,Bangalore East,12-3,Tuesday,1.59,1,1
CUST_9015,Bangalore East,12-3,Friday,3.6,2,1
CUST_9016,Bangalore Central,3-5,Thursday,11.31,2,0
CUST_9017,Bangalore Central,10-12,Thursday,5.23,1,1
CUST_9018,Bangalore East,3-5,Thursday,14.85,2,0
CUST_9019,Bangalore North,10-12,Friday,11.09,2,1
CUST_9020,Bangalore Central,12-3,Friday,3.83,3,0
CUST_9021,Bangalore Central,3-5,Thursday,12.22,2,1
CUST_9022,Bangalore Central,12-3,Wednesday,6.62,1,0
CUST_9023,Bangalore South,3-5,Wednesday,2.74,1,0
CUST_9024,Bangalore South,12-3,Friday,1.56,1,0
CUST_9025,Bangalore East,10-12,Monday,3.07,3,0
CUST_9026,Bangalore Central,3-5,Friday,10.76,2,1
CUST_9027,Bangalore South,12-3,Monday,10.72,1,1
CUST_9028,Bangalore North,3-5,Monday,12.53,2,0
CUST_9029,Bangalore East,10-12,Thursday,12.75,1,0
CUST_9030,Bangalore South,10-12,Tuesday,10.61,1,0
CUST_9031,Bangalore South,3-5,Tuesday,5.7,2,1
CUST_9032,Bangalore South,12-3,Tuesday,1.42,1,1
CUST_9033,Bangalore North,12-3,Thursday,8.77,2,1
CUST_9034,Bangalore East,10-12,Tuesday,8.44,2,1
CUST_9035,Bangalore Central,3-5,Monday,2.6,2,1
CUST_9036,Bangalore South,10-12,Tuesday,1.95,2,1
CUST_9037,Bangalore North,3-5,Friday,1.73,3,1
CUST_9038,Bangalore North,10-12,Thursday,9.82,1,1
CUST_9039,Bangalore East,10-12,Wednesday,6.67,2,1
CUST_9040,Bangalore Central,12-3,Monday,1.44,2,1
CUST_9041,Bangalore Central,12-3,Thursday,3.47,2,1
CUST_9042,Bangalore South,10-12,Thursday,8.69,1,0
CUST_9043,Bangalore South,10-12,Friday,6.41,1,1
CUST_9044,Bangalore South,10-12,Thursday,12.58,2,1
CUST_9045,Bangalore East,10-12,Friday,14.89,1,0
CUST_9046,Bangalore South,12-3,Wednesday,14.56,2,0
CUST_9047,Bangalore Central,10-12,Monday,5.62,2,1
CUST_9048,Bangalore South,3-5,Tuesday,2.78,1,0
CUST_9049,Bangalore South,12-3,Thursday,14.94,2,1
CUST_9050,Bangalore East,3-5,Wednesday,8.85,1,0
CUST_9051,Bangalore Central,12-3,Thursday,11.86,1,0
CUST_9052,Bangalore East,10-12,Wednesday,4.6,3,1
CUST_9053,Bangalore Central,3-5,Tuesday,13.79,3,0
CUST_9054,Bangalore Central,12-3,Thursday,1.72,1,0
CUST_9055,Bangalore East,10-12,Thursday,6.67,1,0
CUST_9056,Bangalore South,10-12,Monday,2.33,3,1
CUST_9057,Bangalore South,10-12,Tuesday,3.14,2,0
CUST_9058,Bangalore South,10-12,Tuesday,9.3,2,1
CUST_9059,Bangalore North,3-5,Friday,5.58,1,1
CUST_9060,Bangalore South,10-12,Friday,1.11,2,0
CUST_9061,Bangalore East,10-12,Monday,7.38,1,0
CUST_9062,Bangalore North,10-12,Wednesday,8.32,2,0
CUST_9063,Bangalore Central,12-3,Monday,11.92,1,1
CUST_9064,Bangalore North,12-3,Thursday,12.81,1,0
CUST_9065,Bangalore Central,3-5,Monday,4.47,2,0
CUST_9066,Bangalore North,10-12,Friday,7.82,1,0
CUST_9067,Bangalore South,12-3,Friday,7.96,1,0
CUST_9068,Bangalore South,3-5,Tuesday,8.37,2,1
CUST_9069,Bangalore North,10-12,Tuesday,14.28,1,0
CUST_9070,Bangalore East,12-3,Friday,9.15,3,1
CUST_9071,Bangalore North,12-3,Friday,8.46,1,0
CUST_9072,Bangalore Central,10-12,Friday,2.59,2,0
CUST_9073,Bangalore North,10-12,Tuesday,13.41,1,0
CUST_9074,Bangalore South,12-3,Monday,5.17,2,1
CUST_9075,Bangalore South,12-3,Friday,13.56,3,0
CUST_9076,Bangalore South,3-5,Thursday,10.53,1,1
CUST_9077,Bangalore East,3-5,Friday,1.06,3,1
CUST_9078,Bangalore South,12-3,Friday,10.84,3,1
CUST_9079,Bangalore North,10-12,Monday,4.2,2,1
CUST_9080,Bangalore Central,12-3,Tuesday,1.57,1,0
CUST_9081,Bangalore Central,3-5,Monday,14.9,2,0
CUST_9082,Bangalore South,10-12,Tuesday,4.07,3,0
CUST_9083,Bangalore North,12-3,Monday,9.36,2,0
CUST_9084,Bangalore East,10-12,Monday,9.92,1,0
CUST_9085,Bangalore South,3-5,Monday,7.6,1,1
CUST_9086,Bangalore North,12-3,Thursday,13.14,3,0
CUST_9087,Bangalore North,10-12,Thursday,12.17,1,0
CUST_9088,Bangalore Central,10-12,Wednesday,11.13,2,0
CUST_9089,Bangalore North,12-3,Thursday,13.67,2,1
CUST_9090,Bangalore South,10-12,Tuesday,1.88,1,1
CUST_9091,Bangalore North,10-12,Tuesday,3.78,1,0
CUST_9092,Bangalore South,3-5,Monday,9.07,2,0
CUST_9093,Bangalore East,10-12,Wednesday,11.96,3,0
CUST_9094,Bangalore North,3-5,Thursday,4.7,2,0
CUST_9095,Bangalore Central,10-12,Monday,9.76,1,0
CUST_9096,Bangalore South,10-12,Wednesday,8.34,2,1
CUST_9097,Bangalore Central,12-3,Tuesday,6.26,2,0
CUST_9098,Bangalore North,3-5,Tuesday,3.84,2,1
CUST_9099,Bangalore South,12-3,Thursday,8.89,1,1
CUST_9100,Bangalore East,3-5,Monday,5.96,2,0
CUST_9101,Bangalore Central,12-3,Monday,10.04,2,1
CUST_9102,Bangalore Central,3-5,Wednesday,8.45,3,1
CUST_9103,Bangalore Central,10-12,Friday,8.06,1,0
CUST_9104,Bangalore South,3-5,Thursday,11.43,2,0
CUST_9105,Bangalore East,10-12,Thursday,9.81,2,1
CUST_9106,Bangalore North,3-5,Friday,4.52,1,0
CUST_9107,Bangalore North,12-3,Friday,5.01,2,1
CUST_9108,Bangalore Central,3-5,Tuesday,13.81,2,0
CUST_9109,Bangalore South,10-12,Thursday,4.17,1,0
CUST_9110,Bangalore Central,12-3,Friday,2.14,3,0
CUST_9111,Bangalore North,12-3,Friday,6.75,2,0
CUST_9112,Bangalore South,10-12,Friday,1.68,3,0
CUST_9113,Bangalore Central,10-12,Friday,8.65,3,1
CUST_9114,Bangalore East,12-3,Thursday,14.05,1,0
CUST_9115,Bangalore South,12-3,Thursday,6.75,2,1
CUST_9116,Bangalore South,12-3,Monday,3.93,3,1
CUST_9117,Bangalore South,12-3,Wednesday,3.33,2,0
CUST_9118,Bangalore North,12-3,Monday,5.81,2,0
CUST_9119,Bangalore North,12-3,Thursday,11.33,2,1
CUST_9120,Bangalore Central,12-3,Wednesday,3.94,2,1
CUST_9121,Bangalore North,10-12,Wednesday,12.82,2,0
CUST_9122,Bangalore North,3-5,Wednesday,11.15,1,1
CUST_9123,Bangalore Central,3-5,Wednesday,7.58,3,0
CUST_9124,Bangalore East,3-5,Thursday,10.75,1,0
CUST_9125,Bangalore Central,12-3,Wednesday,4.01,2,0
CUST_9126,Bangalore South,10-12,Monday,4.33,2,0
CUST_9127,Bangalore Central,3-5,Monday,5.99,2,0
CUST_9128,Bangalore South,10-12,Monday,6.94,2,1
CUST_9129,Bangalore South,10-12,Tuesday,10.36,1,0
CUST_9130,Bangalore South,10-12,Monday,11.2,2,1
CUST_9131,Bangalore South,10-12,Friday,7.67,2,0
CUST_9132,Bangalore East,10-12,Monday,14.16,2,1
CUST_9133,Bangalore South,3-5,Thursday,11.56,2,0
CUST_9134,Bangalore East,12-3,Friday,2.53,3,0
CUST_9135,Bangalore South,12-3,Tuesday,13.04,1,0
CUST_9136,Bangalore East,10-12,Friday,5.69,3,1
CUST_9137,Bangalore North,3-5,Wednesday,12.26,1,1
CUST_9138,Bangalore East,10-12,Friday,1.96,2,0
CUST_9139,Bangalore East,12-3,Thursday,10.13,2,1
CUST_9140,Bangalore Central,3-5,Wednesday,1.62,1,0
CUST_9141,Bangalore South,3-5,Friday,7.62,1,0
CUST_9142,Bangalore North,3-5,Tuesday,7.7,1,1
CUST_9143,Bangalore North,3-5,Tuesday,13.24,1,0
CUST_9144,Bangalore South,12-3,Wednesday,1.11,2,1
CUST_9145,Bangalore North,12-3,Tuesday,9.11,1,1
CUST_9146,Bangalore South,10-12,Wednesday,9.17,2,1
CUST_9147,Bangalore South,10-12,Tuesday,6.93,2,1
CUST_9148,Bangalore North,10-12,Thursday,12.15,2,0
CUST_9149,Bangalore South,12-3,Tuesday,14.53,3,1
CUST_9150,Bangalore East,10-12,Wednesday,6.35,1,0
CUST_9151,Bangalore East,12-3,Friday,12.47,1,1
CUST_9152,Bangalore Central,12-3,Tuesday,14.26,1,1
CUST_9153,Bangalore Central,3-5,Monday,7.39,1,1
CUST_9154,Bangalore East,3-5,Monday,5.94,1,0
CUST_9155,Bangalore North,10-12,Tuesday,4.58,2,1
CUST_9156,Bangalore Central,12-3,Thursday,6.53,2,0
CUST_9157,Bangalore South,10-12,Monday,1.62,2,1
CUST_9158,Bangalore North,10-12,Thursday,2.58,2,1
CUST_9159,Bangalore South,10-12,Wednesday,8.13,1,0
CUST_9160,Bangalore South,3-5,Tuesday,5.87,3,1
CUST_9161,Bangalore East,12-3,Wednesday,9.1,1,0
CUST_9162,Bangalore North,3-5,Wednesday,12.86,2,0
CUST_9163,Bangalore Central,12-3,Tuesday,9.65,1,0
CUST_9164,Bangalore Central,10-12,Tuesday,8.67,3,1
CUST_9165,Bangalore East,12-3,Wednesday,14.25,2,0
CUST_9166,Bangalore North,10-12,Thursday,7.61,2,1
CUST_9167,Bangalore Central,12-3,Friday,5.78,3,0
CUST_9168,Bangalore South,3-5,Thursday,11.0,1,0
CUST_9169,Bangalore North,3-5,Friday,10.58,2,1
CUST_9170,Bangalore South,3-5,Tuesday,12.96,2,1
CUST_9171,Bangalore South,10-12,Friday,9.58,1,0
CUST_9172,Bangalore North,10-12,Friday,1.28,2,1
CUST_9173,Bangalore Central,3-5,Friday,6.42,2,0
CUST_9174,Bangalore Central,3-5,Friday,14.02,1,0
CUST_9175,Bangalore East,3-5,Tuesday,4.48,2,0
CUST_9176,Bangalore North,10-12,Monday,11.81,2,1
CUST_9177,Bangalore Central,3-5,Monday,12.09,1,0
CUST_9178,Bangalore North,10-12,Monday,8.8,2,1
CUST_9179,Bangalore Central,12-3,Tuesday,9.33,2,1
CUST_9180,Bangalore East,12-3,Thursday,11.99,2,0
CUST_9181,Bangalore South,10-12,Thursday,3.82,2,1
CUST_9182,Bangalore North,12-3,Monday,10.49,2,0
CUST_9183,Bangalore North,3-5,Tuesday,12.04,1,1
CUST_9184,Bangalore North,12-3,Wednesday,3.03,2,1
CUST_9185,Bangalore Central,10-12,Thursday,12.64,3,0
CUST_9186,Bangalore North,10-12,Wednesday,12.98,3,0
CUST_9187,Bangalore North,12-3,Tuesday,4.62,2,1
CUST_9188,Bangalore Central,12-3,Tuesday,4.1,2,1
CUST_9189,Bangalore South,12-3,Monday,10.2,2,0
CUST_9190,Bangalore East,3-5,Wednesday,2.98,2,1
CUST_9191,Bangalore North,3-5,Friday,4.61,2,1
CUST_9192,Bangalore Central,12-3,Thursday,10.88,3,1
CUST_9193,Bangalore North,10-12,Monday,2.34,3,0
CUST_9194,Bangalore East,10-12,Wednesday,1.85,2,0
CUST_9195,Bangalore North,10-12,Tuesday,7.21,3,1
CUST_9196,Bangalore East,3-5,Thursday,6.36,1,0
CUST_9197,Bangalore South,10-12,Tuesday,4.81,2,0
CUST_9198,Bangalore South,10-12,Monday,2.98,2,0
CUST_9199,Bangalore North,3-5,Thursday,11.57,3,0
CUST_9200,Bangalore North,12-3,Tuesday,5.58,2,0
CUST_9201,Bangalore Central,12-3,Wednesday,10.78,2,0
CUST_9202,Bangalore North,3-5,Tuesday,10.65,3,0
CUST_9203,Bangalore North,3-5,Wednesday,5.75,3,0
CUST_9204,Bangalore North,3-5,Friday,4.08,2,0
CUST_9205,Bangalore Central,10-12,Monday,1.85,3,0
CUST_9206,Bangalore North,10-12,Friday,9.86,2,1
CUST_9207,Bangalore South,10-12,Wednesday,2.09,2,1
CUST_9208,Bangalore East,3-5,Friday,6.32,3,0
CUST_9209,Bangalore East,12-3,Friday,4.11,2,1
CUST_9210,Bangalore South,3-5,Monday,7.02,2,1
CUST_9211,Bangalore North,12-3,Thursday,13.31,2,1
CUST_9212,Bangalore East,3-5,Thursday,10.79,2,1
CUST_9213,Bangalore South,12-3,Monday,10.6,1,1
CUST_9214,Bangalore South,3-5,Wednesday,14.31,2,1
CUST_9215,Bangalore North,3-5,Thursday,4.72,1,0
CUST_9216,Bangalore South,10-12,Tuesday,7.2,1,1
CUST_9217,Bangalore Central,12-3,Tuesday,8.33,2,1
CUST_9218,Bangalore Central,10-12,Monday,13.54,3,1
CUST_9219,Bangalore Central,3-5,Tuesday,11.1,2,1
CUST_9220,Bangalore South,10-12,Thursday,12.75,1,1
CUST_9221,Bangalore South,12-3,Friday,3.38,3,1
CUST_9222,Bangalore Central,12-3,Monday,2.99,1,0
CUST_9223,Bangalore East,3-5,Tuesday,11.08,3,1
CUST_9224,Bangalore Central,3-5,Tuesday,7.47,1,0
CUST_9225,Bangalore Central,3-5,Wednesday,1.31,2,0
CUST_9226,Bangalore South,10-12,Tuesday,12.09,2,1
CUST_9227,Bangalore Central,10-12,Friday,4.81,2,0
CUST_9228,Bangalore East,3-5,Friday,5.27,3,0
CUST_9229,Bangalore South,10-12,Tuesday,2.46,2,1
CUST_9230,Bangalore Central,12-3,Friday,1.99,1,0
CUST_9231,Bangalore South,3-5,Tuesday,6.64,1,0
CUST_9232,Bangalore South,10-12,Monday,4.3,1,0
CUST_9233,Bangalore South,10-12,Thursday,14.87,1,0
CUST_9234,Bangalore North,12-3,Tuesday,2.5,1,0
CUST_9235,Bangalore South,12-3,Wednesday,7.81,1,1
CUST_9236,Bangalore East,12-3,Tuesday,1.2,2,0
CUST_9237,Bangalore South,12-3,Friday,4.78,1,1
CUST_9238,Bangalore South,3-5,Thursday,1.32,2,1
CUST_9239,Bangalore East,10-12,Friday,5.54,2,1
CUST_9240,Bangalore East,12-3,Wednesday,8.47,2,0
CUST_9241,Bangalore North,12-3,Monday,10.36,2,0
CUST_9242,Bangalore South,10-12,Friday,13.91,1,0
CUST_9243,Bangalore East,3-5,Friday,1.39,1,1
CUST_9244,Bangalore East,12-3,Thursday,11.85,1,1
CUST_9245,Bangalore Central,10-12,Thursday,12.79,1,0
CUST_9246,Bangalore South,12-3,Monday,7.72,2,1
CUST_9247,Bangalore North,10-12,Tuesday,2.67,1,1
CUST_9248,Bangalore North,12-3,Wednesday,8.09,1,0
CUST_9249,Bangalore East,10-12,Monday,7.12,3,0
CUST_9250,Bangalore East,10-12,Monday,5.82,2,0
CUST_9251,Bangalore East,10-12,Tuesday,10.18,1,1
CUST_9252,Bangalore North,10-12,Monday,7.78,2,1
CUST_9253,Bangalore North,3-5,Thursday,13.28,2,1
CUST_9254,Bangalore Central,3-5,Monday,10.47,1,0
CUST_9255,Bangalore North,3-5,Tuesday,8.1,3,0
CUST_9256,Bangalore North,3-5,Friday,1.24,3,0
CUST_9257,Bangalore Central,12-3,Thursday,3.29,2,0
CUST_9258,Bangalore North,3-5,Monday,5.55,2,0
CUST_9259,Bangalore Central,3-5,Wednesday,9.6,1,0
CUST_9260,Bangalore South,10-12,Tuesday,9.7,2,1
CUST_9261,Bangalore East,3-5,Thursday,9.21,2,1
CUST_9262,Bangalore South,10-12,Thursday,3.36,3,0
CUST_9263,Bangalore South,12-3,Wednesday,14.28,1,0
CUST_9264,Bangalore North,10-12,Thursday,11.72,2,1
CUST_9265,Bangalore North,12-3,Thursday,7.9,2,1
CUST_9266,Bangalore South,12-3,Tuesday,1.23,1,1
CUST_9267,Bangalore South,12-3,Friday,7.25,3,1
CUST_9268,Bangalore Central,10-12,Wednesday,10.72,2,0
CUST_9269,Bangalore Central,12-3,Friday,6.26,2,0
CUST_9270,Bangalore East,10-12,Thursday,7.64,2,0
CUST_9271,Bangalore East,10-12,Wednesday,14.97,2,0
CUST_9272,Bangalore Central,3-5,Friday,8.62,2,1
CUST_9273,Bangalore South,10-12,Thursday,12.3,3,0
CUST_9274,Bangalore North,3-5,Thursday,6.73,2,1
CUST_9275,Bangalore Central,10-12,Tuesday,7.85,1,1
CUST_9276,Bangalore East,12-3,Tuesday,12.85,2,0
CUST_9277,Bangalore East,12-3,Wednesday,2.9,1,1
CUST_9278,Bangalore Central,12-3,Thursday,5.71,3,1
CUST_9279,Bangalore North,10-12,Friday,12.48,1,0
CUST_9280,Bangalore East,10-12,Monday,14.67,3,0
CUST_9281,Bangalore North,10-12,Wednesday,2.29,2,1
CUST_9282,Bangalore East,3-5,Monday,11.59,2,1
CUST_9283,Bangalore North,3-5,Thursday,3.61,2,0
CUST_9284,Bangalore East,12-3,Thursday,7.92,2,1
CUST_9285,Bangalore East,3-5,Monday,11.06,1,1
CUST_9286,Bangalore East,12-3,Thursday,13.04,1,1
CUST_9287,Bangalore Central,10-12,Tuesday,10.24,1,0
CUST_9288,Bangalore South,3-5,Tuesday,13.15,2,0
CUST_9289,Bangalore South,10-12,Friday,1.31,2,1
CUST_9290,Bangalore South,12-3,Thursday,1.19,2,0
CUST_9291,Bangalore South,12-3,Wednesday,11.58,2,0
CUST_9292,Bangalore East,3-5,Wednesday,12.49,3,1
CUST_9293,Bangalore South,10-12,Friday,9.6,1,1
CUST_9294,Bangalore North,12-3,Friday,7.56,1,1
CUST_9295,Bangalore Central,10-12,Tuesday,5.36,2,1
CUST_9296,Bangalore South,3-5,Monday,4.69,2,0
CUST_9297,Bangalore Central,12-3,Thursday,4.61,3,0
CUST_9298,Bangalore Central,3-5,Wednesday,13.96,1,1
CUST_9299,Bangalore South,10-12,Tuesday,2.88,1,0
CUST_9300,Bangalore South,10-12,Tuesday,13.42,3,0
CUST_9301,Bangalore North,12-3,Friday,4.02,2,0
CUST_9302,Bangalore East,3-5,Wednesday,14.74,2,0
CUST_9303,Bangalore Central,3-5,Wednesday,3.11,2,0
CUST_9304,Bangalore East,3-5,Thursday,8.23,2,0
CUST_9305,Bangalore East,3-5,Thursday,5.39,2,1
CUST_9306,Bangalore East,3-5,Friday,5.61,1,0
CUST_9307,Bangalore Central,10-12,Tuesday,5.92,2,0
CUST_9308,Bangalore Central,10-12,Thursday,8.69,3,0
CUST_9309,Bangalore South,3-5,Wednesday,11.24,2,1
CUST_9310,Bangalore East,12-3,Thursday,11.17,2,1
CUST_9311,Bangalore East,12-3,Tuesday,13.38,2,0
CUST_9312,Bangalore North,12-3,Thursday,2.63,1,0
CUST_9313,Bangalore North,3-5,Thursday,6.52,3,0
CUST_9314,Bangalore North,10-12,Monday,5.79,3,0
CUST_9315,Bangalore South,3-5,Friday,12.99,1,1
CUST_9316,Bangalore North,3-5,Thursday,2.41,1,0
CUST_9317,Bangalore Central,12-3,Friday,2.96,2,1
CUST_9318,Bangalore East,10-12,Tuesday,11.41,1,1
CUST_9319,Bangalore North,3-5,Wednesday,7.86,2,1
CUST_9320,Bangalore East,10-12,Friday,11.88,2,0
CUST_9321,Bangalore East,3-5,Thursday,13.99,2,0
CUST_9322,Bangalore South,12-3,Wednesday,14.32,2,1
CUST_9323,Bangalore Central,3-5,Tuesday,6.85,1,1
CUST_9324,Bangalore East,10-12,Monday,1.66,1,1
CUST_9325,Bangalore Central,12-3,Tuesday,8.64,2,0
CUST_9326,Bangalore North,12-3,Monday,12.55,2,0
CUST_9327,Bangalore North,12-3,Monday,8.9,3,0
CUST_9328,Bangalore Central,12-3,Thursday,4.68,2,0
CUST_9329,Bangalore Central,10-12,Monday,11.64,2,1
CUST_9330,Bangalore North,12-3,Tuesday,4.97,3,0
CUST_9331,Bangalore South,12-3,Tuesday,11.45,2,1
CUST_9332,Bangalore South,3-5,Friday,1.52,2,0
CUST_9333,Bangalore East,10-12,Tuesday,5.78,2,0
CUST_9334,Bangalore South,3-5,Monday,1.05,2,0
CUST_9335,Bangalore East,12-3,Monday,4.64,2,1
CUST_9336,Bangalore South,3-5,Friday,3.45,3,0
CUST_9337,Bangalore North,3-5,Thursday,10.97,2,0
CUST_9338,Bangalore East,3-5,Thursday,6.42,2,0
CUST_9339,Bangalore North,12-3,Tuesday,2.71,2,0
CUST_9340,Bangalore East,3-5,Friday,7.11,2,1
CUST_9341,Bangalore East,10-12,Monday,7.21,3,0
CUST_9342,Bangalore South,12-3,Wednesday,1.28,1,1
CUST_9343,Bangalore East,3-5,Thursday,6.16,2,1
CUST_9344,Bangalore East,12-3,Wednesday,7.35,1,1
CUST_9345,Bangalore East,3-5,Tuesday,14.63,2,0
CUST_9346,Bangalore North,12-3,Tuesday,2.79,2,1
CUST_9347,Bangalore East,12-3,Tuesday,10.45,1,0
CUST_9348,Bangalore East,3-5,Friday,9.13,1,0
CUST_9349,Bangalore East,10-12,Monday,9.33,2,1
CUST_9350,Bangalore South,3-5,Thursday,2.93,1,0
CUST_9351,Bangalore North,12-3,Monday,9.47,2,0
CUST_9352,Bangalore Central,10-12,Thursday,10.89,1,0
CUST_9353,Bangalore East,3-5,Monday,13.9,2,1
CUST_9354,Bangalore Central,12-3,Wednesday,3.44,2,0
CUST_9355,Bangalore East,12-3,Monday,5.45,2,0
CUST_9356,Bangalore Central,12-3,Thursday,1.23,2,1
CUST_9357,Bangalore East,12-3,Tuesday,5.81,3,1
CUST_9358,Bangalore Central,10-12,Thursday,13.63,2,1
CUST_9359,Bangalore South,12-3,Tuesday,3.52,2,0
CUST_9360,Bangalore Central,3-5,Thursday,1.21,2,0
CUST_9361,Bangalore Central,12-3,Thursday,11.87,2,0
CUST_9362,Bangalore East,3-5,Wednesday,7.57,3,0
CUST_9363,Bangalore Central,3-5,Friday,9.81,2,1
CUST_9364,Bangalore South,12-3,Tuesday,2.55,3,0
CUST_9365,Bangalore North,12-3,Thursday,8.63,1,0
CUST_9366,Bangalore Central,10-12,Tuesday,2.13,1,0
CUST_9367,Bangalore East,10-12,Tuesday,3.23,1,1
CUST_9368,Bangalore South,3-5,Wednesday,1.67,1,0
CUST_9369,Bangalore North,12-3,Tuesday,5.43,2,1
CUST_9370,Bangalore North,12-3,Friday,12.81,1,1
CUST_9371,Bangalore Central,3-5,Wednesday,12.3,2,0
CUST_9372,Bangalore North,10-12,Tuesday,4.46,3,0
CUST_9373,Bangalore North,12-3,Wednesday,2.3,1,1
CUST_9374,Bangalore East,10-12,Tuesday,13.88,3,0
CUST_9375,Bangalore South,10-12,Tuesday,14.72,3,0
CUST_9376,Bangalore East,10-12,Tuesday,7.47,2,1
CUST_9377,Bangalore Central,12-3,Friday,3.43,2,0
CUST_9378,Bangalore South,12-3,Friday,8.12,1,1
CUST_9379,Bangalore South,3-5,Wednesday,2.47,1,1
CUST_9380,Bangalore South,10-12,Monday,9.83,2,1
CUST_9381,Bangalore East,12-3,Monday,13.34,2,0
CUST_9382,Bangalore South,12-3,Thursday,9.14,1,1
CUST_9383,Bangalore North,12-3,Monday,13.01,2,1
CUST_9384,Bangalore East,3-5,Tuesday,10.71,1,0
CUST_9385,Bangalore South,12-3,Monday,4.27,2,1
CUST_9386,Bangalore East,10-12,Monday,9.74,2,0
CUST_9387,Bangalore East,12-3,Thursday,5.28,2,0
CUST_9388,Bangalore South,10-12,Wednesday,7.88,2,1
CUST_9389,Bangalore North,12-3,Tuesday,11.55,1,1
CUST_9390,Bangalore South,12-3,Friday,6.25,2,1
CUST_9391,Bangalore South,10-12,Thursday,3.78,3,1
CUST_9392,Bangalore South,10-12,Monday,7.36,1,1
CUST_9393,Bangalore East,12-3,Monday,1.87,1,0
CUST_9394,Bangalore South,3-5,Monday,10.24,2,0
CUST_9395,Bangalore North,3-5,Friday,2.38,3,0
CUST_9396,Bangalore North,12-3,Monday,4.62,3,1
CUST_9397,Bangalore Central,3-5,Tuesday,1.6,3,1
CUST_9398,Bangalore North,10-12,Thursday,3.03,1,0
CUST_9399,Bangalore East,12-3,Thursday,3.23,2,1
CUST_9400,Bangalore East,3-5,Wednesday,13.2,3,1
CUST_9401,Bangalore Central,10-12,Friday,5.63,2,1
CUST_9402,Bangalore South,3-5,Thursday,14.55,2,0
CUST_9403,Bangalore North,10-12,Friday,9.79,1,1
CUST_9404,Bangalore East,10-12,Friday,10.08,2,0
CUST_9405,Bangalore East,3-5,Tuesday,10.27,2,0
CUST_9406,Bangalore South,3-5,Wednesday,14.66,2,0
CUST_9407,Bangalore South,12-3,Wednesday,4.77,3,1
CUST_9408,Bangalore East,3-5,Wednesday,14.43,2,1
CUST_9409,Bangalore East,10-12,Monday,2.64,2,0
CUST_9410,Bangalore East,12-3,Friday,11.26,1,1
CUST_9411,Bangalore Central,3-5,Monday,3.47,1,1
CUST_9412,Bangalore North,3-5,Tuesday,4.97,2,0
CUST_9413,Bangalore South,12-3,Monday,6.6,3,0
CUST_9414,Bangalore North,3-5,Friday,7.54,2,0
CUST_9415,Bangalore South,3-5,Wednesday,2.78,1,1
CUST_9416,Bangalore Central,3-5,Wednesday,14.85,2,0
CUST_9417,Bangalore South,10-12,Thursday,9.72,2,0
CUST_9418,Bangalore South,10-12,Tuesday,4.55,2,0
CUST_9419,Bangalore North,10-12,Monday,13.08,3,0
CUST_9420,Bangalore North,3-5,Thursday,10.28,2,0
CUST_9421,Bangalore South,10-12,Wednesday,2.64,2,0
CUST_9422,Bangalore East,10-12,Tuesday,14.22,2,0
CUST_9423,Bangalore East,3-5,Thursday,1.47,2,1
CUST_9424,Bangalore North,3-5,Wednesday,12.58,2,0
CUST_9425,Bangalore East,3-5,Friday,11.66,2,1
CUST_9426,Bangalore East,12-3,Thursday,1.29,2,1
CUST_9427,Bangalore South,3-5,Friday,12.92,1,0
CUST_9428,Bangalore South,3-5,Thursday,5.93,3,0
CUST_9429,Bangalore East,12-3,Friday,1.56,2,1
CUST_9430,Bangalore East,3-5,Thursday,8.93,1,1
CUST_9431,Bangalore North,3-5,Friday,4.7,2,1
CUST_9432,Bangalore South,12-3,Tuesday,12.54,2,1
CUST_9433,Bangalore South,10-12,Monday,8.09,2,1
CUST_9434,Bangalore South,12-3,Monday,3.35,3,1
CUST_9435,Bangalore South,12-3,Thursday,13.25,1,1
CUST_9436,Bangalore East,10-12,Friday,4.63,3,0
CUST_9437,Bangalore East,10-12,Thursday,8.26,1,0
CUST_9438,Bangalore Central,12-3,Thursday,9.45,2,1
CUST_9439,Bangalore East,12-3,Monday,9.35,2,1
CUST_9440,Bangalore North,10-12,Tuesday,14.44,2,0
CUST_9441,Bangalore North,12-3,Wednesday,5.2,2,0
CUST_9442,Bangalore Central,10-12,Friday,5.33,1,1
CUST_9443,Bangalore North,3-5,Thursday,8.36,1,1
CUST_9444,Bangalore South,3-5,Friday,14.49,2,1
CUST_9445,Bangalore Central,3-5,Thursday,12.29,3,0
CUST_9446,Bangalore South,3-5,Wednesday,6.0,1,1
CUST_9447,Bangalore North,10-12,Friday,13.44,2,1
CUST_9448,Bangalore South,10-12,Wednesday,2.94,2,0
CUST_9449,Bangalore East,3-5,Tuesday,7.37,2,1
CUST_9450,Bangalore East,10-12,Thursday,2.07,2,1
CUST_9451,Bangalore East,12-3,Monday,11.06,2,0
CUST_9452,Bangalore North,10-12,Thursday,9.73,1,1
CUST_9453,Bangalore Central,3-5,Wednesday,1.66,2,1
CUST_9454,Bangalore North,3-5,Monday,3.04,2,1
CUST_9455,Bangalore North,3-5,Wednesday,9.24,2,0
CUST_9456,Bangalore East,12-3,Tuesday,10.17,1,1
CUST_9457,Bangalore South,3-5,Tuesday,14.75,2,1
CUST_9458,Bangalore North,10-12,Wednesday,2.7,2,0
CUST_9459,Bangalore South,12-3,Monday,11.2,2,1
CUST_9460,Bangalore East,3-5,Monday,4.44,3,1
CUST_9461,Bangalore South,3-5,Thursday,13.34,3,1
CUST_9462,Bangalore South,12-3,Wednesday,10.12,2,0
CUST_9463,Bangalore South,10-12,Tuesday,1.41,2,0
CUST_9464,Bangalore Central,10-12,Monday,14.51,2,1
CUST_9465,Bangalore North,12-3,Thursday,8.6,2,0
CUST_9466,Bangalore East,10-12,Wednesday,11.31,2,1
CUST_9467,Bangalore Central,10-12,Friday,9.65,2,0
CUST_9468,Bangalore North,10-12,Thursday,10.8,2,0
CUST_9469,Bangalore South,3-5,Tuesday,4.47,2,1
CUST_9470,Bangalore East,10-12,Wednesday,1.88,2,1
CUST_9471,Bangalore East,3-5,Tuesday,2.56,2,1
CUST_9472,Bangalore South,12-3,Friday,11.37,1,1
CUST_9473,Bangalore East,12-3,Wednesday,14.01,2,1
CUST_9474,Bangalore Central,10-12,Monday,5.43,1,0
CUST_9475,Bangalore North,10-12,Thursday,5.75,2,1
CUST_9476,Bangalore North,12-3,Wednesday,7.9,2,0
CUST_9477,Bangalore South,12-3,Monday,9.95,1,1
CUST_9478,Bangalore East,10-12,Friday,7.24,1,0
CUST_9479,Bangalore South,10-12,Tuesday,10.39,2,0
CUST_9480,Bangalore North,3-5,Tuesday,2.72,1,0
CUST_9481,Bangalore Central,12-3,Monday,13.39,1,1
CUST_9482,Bangalore Central,10-12,Thursday,3.85,2,0
CUST_9483,Bangalore East,10-12,Wednesday,1.92,2,1
CUST_9484,Bangalore East,3-5,Friday,11.28,3,0
CUST_9485,Bangalore Central,10-12,Thursday,12.44,1,0
CUST_9486,Bangalore East,10-12,Tuesday,7.05,1,0
CUST_9487,Bangalore East,3-5,Friday,7.85,1,1
CUST_9488,Bangalore Central,3-5,Thursday,6.97,2,1
CUST_9489,Bangalore North,10-12,Friday,12.07,3,1
CUST_9490,Bangalore East,10-12,Wednesday,13.9,2,0
CUST_9491,Bangalore South,10-12,Thursday,8.2,3,0
CUST_9492,Bangalore East,3-5,Wednesday,6.94,1,1
CUST_9493,Bangalore North,3-5,Monday,2.51,2,0
CUST_9494,Bangalore North,10-12,Thursday,12.01,1,1
CUST_9495,Bangalore South,10-12,Wednesday,4.47,1,0
CUST_9496,Bangalore East,10-12,Monday,5.83,3,0
CUST_9497,Bangalore East,10-12,Friday,3.29,1,1
CUST_9498,Bangalore East,12-3,Friday,5.66,3,1
CUST_9499,Bangalore South,12-3,Monday,2.27,2,1
CUST_9500,Bangalore East,3-5,Friday,9.27,1,1
CUST_9501,Bangalore Central,3-5,Friday,9.67,3,1
CUST_9502,Bangalore North,3-5,Monday,9.25,2,0
CUST_9503,Bangalore Central,12-3,Monday,4.32,1,0
CUST_9504,Bangalore East,3-5,Monday,12.96,2,1
CUST_9505,Bangalore South,10-12,Monday,2.58,1,0
CUST_9506,Bangalore North,10-12,Wednesday,2.24,3,1
CUST_9507,Bangalore South,10-12,Monday,7.64,2,0
CUST_9508,Bangalore Central,3-5,Thursday,8.35,1,0
CUST_9509,Bangalore Central,12-3,Friday,10.1,3,0
CUST_9510,Bangalore East,12-3,Friday,5.52,3,0
CUST_9511,Bangalore Central,12-3,Thursday,10.53,3,0
CUST_9512,Bangalore North,12-3,Monday,9.44,3,0
CUST_9513,Bangalore Central,3-5,Thursday,12.05,2,0
CUST_9514,Bangalore East,10-12,Friday,2.63,3,1
CUST_9515,Bangalore East,3-5,Friday,6.99,2,1
CUST_9516,Bangalore East,3-5,Tuesday,14.26,1,0
CUST_9517,Bangalore Central,3-5,Monday,10.18,2,0
CUST_9518,Bangalore South,12-3,Monday,6.97,1,0
CUST_9519,Bangalore South,10-12,Friday,1.7,2,1
CUST_9520,Bangalore South,10-12,Tuesday,10.33,2,0
CUST_9521,Bangalore South,10-12,Friday,4.7,2,1
CUST_9522,Bangalore North,12-3,Monday,10.54,2,1
CUST_9523,Bangalore East,10-12,Wednesday,8.16,2,0
CUST_9524,Bangalore East,12-3,Friday,12.87,3,0
CUST_9525,Bangalore East,3-5,Thursday,9.56,2,0
CUST_9526,Bangalore Central,12-3,Monday,1.9,2,0
CUST_9527,Bangalore East,3-5,Tuesday,2.26,2,0
CUST_9528,Bangalore East,10-12,Wednesday,13.01,1,0
CUST_9529,Bangalore East,3-5,Thursday,14.64,1,0
CUST_9530,Bangalore Central,12-3,Thursday,12.57,1,1
CUST_9531,Bangalore North,12-3,Friday,1.48,1,0
CUST_9532,Bangalore East,12-3,Monday,7.93,2,1
CUST_9533,Bangalore North,10-12,Wednesday,7.63,1,0
CUST_9534,Bangalore East,3-5,Wednesday,2.81,2,0
CUST_9535,Bangalore South,10-12,Wednesday,9.55,2,0
CUST_9536,Bangalore South,3-5,Friday,1.82,1,1
CUST_9537,Bangalore East,10-12,Monday,12.89,2,1
CUST_9538,Bangalore East,10-12,Friday,1.33,2,0
CUST_9539,Bangalore Central,3-5,Tuesday,12.37,2,0
CUST_9540,Bangalore South,12-3,Wednesday,12.89,2,1
CUST_9541,Bangalore South,10-12,Wednesday,12.91,2,0
CUST_9542,Bangalore North,3-5,Monday,8.31,1,1
CUST_9543,Bangalore East,10-12,Wednesday,9.43,1,0
CUST_9544,Bangalore South,3-5,Thursday,3.87,1,0
CUST_9545,Bangalore South,12-3,Wednesday,1.94,1,1
CUST_9546,Bangalore East,12-3,Thursday,8.38,2,1
CUST_9547,Bangalore East,12-3,Thursday,9.83,2,1
CUST_9548,Bangalore Central,12-3,Thursday,4.7,2,1
CUST_9549,Bangalore South,3-5,Friday,8.94,1,1
CUST_9550,Bangalore South,10-12,Thursday,2.46,2,1
CUST_9551,Bangalore Central,3-5,Friday,4.03,3,1
CUST_9552,Bangalore Central,3-5,Wednesday,4.4,1,0
CUST_9553,Bangalore East,12-3,Tuesday,2.64,1,0
CUST_9554,Bangalore Central,3-5,Tuesday,4.0,3,0
CUST_9555,Bangalore Central,3-5,Friday,14.02,2,0
CUST_9556,Bangalore North,12-3,Tuesday,12.64,2,0
CUST_9557,Bangalore East,12-3,Thursday,3.59,2,1
CUST_9558,Bangalore North,12-3,Friday,14.42,2,1
CUST_9559,Bangalore North,10-12,Friday,5.97,1,0
CUST_9560,Bangalore North,12-3,Tuesday,4.3,1,1
CUST_9561,Bangalore East,12-3,Wednesday,14.5,3,0
CUST_9562,Bangalore North,3-5,Friday,6.42,2,0
CUST_9563,Bangalore South,3-5,Wednesday,13.77,2,0
CUST_9564,Bangalore North,10-12,Monday,14.53,1,1
CUST_9565,Bangalore North,10-12,Tuesday,5.4,2,1
CUST_9566,Bangalore East,10-12,Wednesday,7.86,2,0
CUST_9567,Bangalore East,12-3,Monday,12.69,3,1
CUST_9568,Bangalore Central,3-5,Tuesday,7.44,2,1
CUST_9569,Bangalore North,3-5,Thursday,1.74,3,0
CUST_9570,Bangalore North,12-3,Thursday,8.04,2,0
CUST_9571,Bangalore East,3-5,Wednesday,9.95,1,1
CUST_9572,Bangalore Central,12-3,Wednesday,3.31,2,0
CUST_9573,Bangalore North,12-3,Thursday,13.93,1,0
CUST_9574,Bangalore East,10-12,Friday,6.77,2,0
CUST_9575,Bangalore South,3-5,Thursday,2.21,2,1
CUST_9576,Bangalore East,10-12,Friday,10.73,2,0
CUST_9577,Bangalore South,12-3,Thursday,12.31,1,1
CUST_9578,Bangalore South,3-5,Monday,6.95,2,0
CUST_9579,Bangalore North,3-5,Tuesday,7.51,2,0
CUST_9580,Bangalore South,3-5,Wednesday,14.79,2,1
CUST_9581,Bangalore Central,10-12,Friday,12.94,3,0
CUST_9582,Bangalore Central,10-12,Friday,1.98,3,0
CUST_9583,Bangalore East,12-3,Friday,10.79,3,1
CUST_9584,Bangalore North,3-5,Monday,8.53,1,0
CUST_9585,Bangalore East,10-12,Monday,13.42,2,1
CUST_9586,Bangalore Central,3-5,Tuesday,2.09,3,1
CUST_9587,Bangalore Central,12-3,Wednesday,6.26,1,0
CUST_9588,Bangalore Central,10-12,Friday,12.36,2,1
CUST_9589,Bangalore North,3-5,Tuesday,9.05,1,1
CUST_9590,Bangalore Central,12-3,Monday,5.36,1,0
CUST_9591,Bangalore Central,3-5,Friday,9.12,2,1
CUST_9592,Bangalore North,3-5,Friday,3.45,2,1
CUST_9593,Bangalore South,3-5,Tuesday,7.73,2,0
CUST_9594,Bangalore East,3-5,Wednesday,8.09,2,1
CUST_9595,Bangalore East,12-3,Tuesday,9.85,3,0
CUST_9596,Bangalore South,12-3,Thursday,2.2,2,0
CUST_9597,Bangalore North,10-12,Monday,14.42,3,0
CUST_9598,Bangalore South,12-3,Monday,12.51,2,0
CUST_9599,Bangalore South,3-5,Thursday,9.72,1,0
CUST_9600,Bangalore North,10-12,Wednesday,4.45,1,0
CUST_9601,Bangalore East,10-12,Wednesday,2.53,1,1
CUST_9602,Bangalore South,12-3,Wednesday,2.06,1,1
CUST_9603,Bangalore North,12-3,Monday,4.91,2,1
CUST_9604,Bangalore East,3-5,Wednesday,4.18,1,0
CUST_9605,Bangalore Central,3-5,Wednesday,9.94,1,1
CUST_9606,Bangalore South,12-3,Wednesday,13.0,1,1
CUST_9607,Bangalore South,3-5,Tuesday,3.81,1,1
CUST_9608,Bangalore North,10-12,Monday,7.88,2,0
CUST_9609,Bangalore Central,12-3,Tuesday,4.12,1,0
CUST_9610,Bangalore South,10-12,Thursday,2.31,1,0
CUST_9611,Bangalore North,3-5,Monday,12.2,2,0
CUST_9612,Bangalore South,3-5,Tuesday,7.19,2,1
CUST_9613,Bangalore North,3-5,Wednesday,7.81,2,1
CUST_9614,Bangalore South,12-3,Wednesday,4.4,2,1
CUST_9615,Bangalore East,12-3,Thursday,11.3,2,0
CUST_9616,Bangalore Central,3-5,Friday,3.26,2,1
CUST_9617,Bangalore Central,3-5,Friday,1.6,2,0
CUST_9618,Bangalore Central,3-5,Tuesday,7.18,2,0
CUST_9619,Bangalore Central,10-12,Tuesday,7.96,1,1
CUST_9620,Bangalore Central,10-12,Friday,14.86,3,1
CUST_9621,Bangalore East,3-5,Thursday,10.44,2,0
CUST_9622,Bangalore South,3-5,Monday,13.84,1,0
CUST_9623,Bangalore East,12-3,Wednesday,4.6,1,0
CUST_9624,Bangalore East,12-3,Friday,11.51,2,1
CUST_9625,Bangalore East,10-12,Thursday,7.51,2,0
CUST_9626,Bangalore North,12-3,Friday,11.39,3,0
CUST_9627,Bangalore Central,10-12,Tuesday,3.98,3,0
CUST_9628,Bangalore East,3-5,Thursday,1.39,3,0
CUST_9629,Bangalore North,3-5,Thursday,6.1,2,0
CUST_9630,Bangalore Central,10-12,Friday,5.24,2,0
CUST_9631,Bangalore North,10-12,Friday,1.47,2,0
CUST_9632,Bangalore North,12-3,Thursday,8.28,3,1
CUST_9633,Bangalore North,3-5,Thursday,8.15,3,0
CUST_9634,Bangalore South,12-3,Wednesday,1.7,2,1
CUST_9635,Bangalore South,12-3,Wednesday,14.78,2,1
CUST_9636,Bangalore Central,12-3,Thursday,14.57,1,0
CUST_9637,Bangalore East,10-12,Thursday,9.9,1,0
CUST_9638,Bangalore Central,12-3,Friday,9.47,2,0
CUST_9639,Bangalore North,12-3,Tuesday,7.45,1,0
CUST_9640,Bangalore North,10-12,Wednesday,14.07,3,1
CUST_9641,Bangalore South,3-5,Friday,4.92,2,0
CUST_9642,Bangalore North,12-3,Wednesday,7.36,1,0
CUST_9643,Bangalore Central,10-12,Wednesday,3.72,1,0
CUST_9644,Bangalore North,10-12,Wednesday,4.1,2,0
CUST_9645,Bangalore North,12-3,Thursday,3.35,1,0
CUST_9646,Bangalore North,3-5,Friday,3.18,1,1
CUST_9647,Bangalore East,3-5,Tuesday,3.33,2,1
CUST_9648,Bangalore North,3-5,Monday,2.59,3,1
CUST_9649,Bangalore East,10-12,Wednesday,13.49,3,1
CUST_9650,Bangalore Central,12-3,Thursday,2.82,1,1
CUST_9651,Bangalore Central,10-12,Wednesday,1.85,3,1
CUST_9652,Bangalore South,3-5,Tuesday,8.2,2,1
CUST_9653,Bangalore East,10-12,Wednesday,12.63,2,0
CUST_9654,Bangalore East,12-3,Wednesday,12.53,2,1
CUST_9655,Bangalore East,10-12,Friday,6.99,2,1
CUST_9656,Bangalore Central,10-12,Tuesday,2.74,1,0
CUST_9657,Bangalore South,3-5,Tuesday,6.22,2,0
CUST_9658,Bangalore South,12-3,Monday,6.49,3,0
CUST_9659,Bangalore Central,3-5,Thursday,5.6,3,0
CUST_9660,Bangalore Central,12-3,Wednesday,1.38,2,0
CUST_9661,Bangalore East,10-12,Tuesday,10.97,2,0
CUST_9662,Bangalore East,3-5,Tuesday,1.92,2,1
CUST_9663,Bangalore South,3-5,Thursday,2.3,1,0
CUST_9664,Bangalore East,10-12,Tuesday,14.55,3,0
CUST_9665,Bangalore Central,12-3,Thursday,7.12,2,1
CUST_9666,Bangalore East,12-3,Friday,2.57,1,0
CUST_9667,Bangalore North,12-3,Wednesday,9.59,1,0
CUST_9668,Bangalore Central,10-12,Tuesday,9.34,2,0
CUST_9669,Bangalore Central,10-12,Monday,4.33,1,1
CUST_9670,Bangalore North,10-12,Monday,4.19,2,0
CUST_9671,Bangalore North,10-12,Thursday,13.66,1,0
CUST_9672,Bangalore South,10-12,Monday,13.76,2,0
CUST_9673,Bangalore Central,10-12,Tuesday,6.89,3,1
CUST_9674,Bangalore South,10-12,Thursday,3.34,1,1
CUST_9675,Bangalore East,10-12,Friday,6.82,1,0
CUST_9676,Bangalore East,10-12,Tuesday,6.69,2,0
CUST_9677,Bangalore North,3-5,Thursday,7.38,2,1
CUST_9678,Bangalore Central,10-12,Wednesday,6.7,2,0
CUST_9679,Bangalore Central,12-3,Tuesday,4.2,2,1
CUST_9680,Bangalore East,10-12,Monday,10.03,1,0
CUST_9681,Bangalore East,10-12,Thursday,1.24,1,0
CUST_9682,Bangalore South,10-12,Friday,1.78,1,0
CUST_9683,Bangalore South,10-12,Monday,10.5,3,1
CUST_9684,Bangalore East,10-12,Wednesday,13.17,2,1
CUST_9685,Bangalore South,3-5,Thursday,4.41,1,0
CUST_9686,Bangalore Central,3-5,Wednesday,6.77,1,0
CUST_9687,Bangalore Central,3-5,Thursday,11.54,1,1
CUST_9688,Bangalore South,12-3,Monday,13.24,2,1
CUST_9689,Bangalore East,3-5,Monday,13.6,3,1
CUST_9690,Bangalore North,3-5,Friday,5.59,2,0
CUST_9691,Bangalore North,12-3,Friday,11.97,3,1
CUST_9692,Bangalore South,10-12,Tuesday,9.01,1,1
CUST_9693,Bangalore North,10-12,Thursday,4.94,2,1
CUST_9694,Bangalore Central,12-3,Wednesday,11.15,1,0
CUST_9695,Bangalore North,12-3,Friday,4.17,2,0
CUST_9696,Bangalore South,10-12,Friday,1.16,2,0
CUST_9697,Bangalore Central,12-3,Wednesday,1.04,1,1
CUST_9698,Bangalore East,10-12,Monday,4.18,2,0
CUST_9699,Bangalore Central,10-12,Friday,7.06,2,1
CUST_9700,Bangalore East,3-5,Friday,10.58,1,0
CUST_9701,Bangalore North,3-5,Wednesday,5.53,1,0
CUST_9702,Bangalore North,12-3,Friday,2.32,3,1
CUST_9703,Bangalore East,3-5,Thursday,3.34,3,0
CUST_9704,Bangalore Central,10-12,Monday,11.1,1,1
CUST_9705,Bangalore South,3-5,Friday,11.44,1,1
CUST_9706,Bangalore North,12-3,Tuesday,1.9,2,0
CUST_9707,Bangalore Central,3-5,Monday,11.58,2,0
CUST_9708,Bangalore Central,10-12,Monday,8.56,1,1
CUST_9709,Bangalore Central,12-3,Thursday,12.71,2,0
CUST_9710,Bangalore North,10-12,Wednesday,10.21,2,0
CUST_9711,Bangalore East,3-5,Friday,4.13,1,1
CUST_9712,Bangalore North,10-12,Wednesday,13.96,2,1
CUST_9713,Bangalore South,12-3,Wednesday,8.47,2,1
CUST_9714,Bangalore East,10-12,Wednesday,8.47,2,0
CUST_9715,Bangalore South,3-5,Monday,6.67,2,1
CUST_9716,Bangalore Central,12-3,Monday,8.87,2,1
CUST_9717,Bangalore South,12-3,Tuesday,9.57,2,1
CUST_9718,Bangalore South,3-5,Thursday,3.98,2,1
CUST_9719,Bangalore South,12-3,Thursday,7.48,2,1
CUST_9720,Bangalore East,3-5,Tuesday,11.18,3,1
CUST_9721,Bangalore East,10-12,Wednesday,15.0,2,0
CUST_9722,Bangalore North,12-3,Friday,3.3,1,1
CUST_9723,Bangalore Central,10-12,Monday,14.45,3,1
CUST_9724,Bangalore East,3-5,Tuesday,4.92,2,1
CUST_9725,Bangalore Central,3-5,Wednesday,2.72,2,1
CUST_9726,Bangalore North,12-3,Friday,3.54,1,1
CUST_9727,Bangalore East,12-3,Friday,2.62,2,0
CUST_9728,Bangalore South,10-12,Monday,11.76,2,1
CUST_9729,Bangalore Central,10-12,Friday,1.65,2,1
CUST_9730,Bangalore South,3-5,Friday,13.85,2,1
CUST_9731,Bangalore East,10-12,Friday,3.05,1,1
CUST_9732,Bangalore Central,10-12,Monday,2.72,1,1
CUST_9733,Bangalore South,3-5,Wednesday,6.44,3,1
CUST_9734,Bangalore East,12-3,Thursday,1.87,2,1
CUST_9735,Bangalore North,10-12,Thursday,12.57,2,0
CUST_9736,Bangalore North,12-3,Tuesday,13.18,1,0
CUST_9737,Bangalore Central,12-3,Wednesday,6.31,1,1
CUST_9738,Bangalore East,3-5,Monday,7.13,2,1
CUST_9739,Bangalore Central,3-5,Friday,5.19,2,1
CUST_9740,Bangalore South,3-5,Tuesday,8.55,2,0
CUST_9741,Bangalore Central,3-5,Wednesday,14.88,2,1
CUST_9742,Bangalore South,10-12,Wednesday,2.87,3,1
CUST_9743,Bangalore North,3-5,Friday,6.63,3,1
CUST_9744,Bangalore South,10-12,Friday,4.11,1,0
CUST_9745,Bangalore Central,12-3,Monday,4.33,2,0
CUST_9746,Bangalore Central,10-12,Wednesday,13.33,2,0
CUST_9747,Bangalore South,3-5,Tuesday,14.45,2,0
CUST_9748,Bangalore Central,3-5,Thursday,12.62,3,0
CUST_9749,Bangalore North,3-5,Tuesday,2.44,2,1
CUST_9750,Bangalore North,3-5,Monday,3.35,2,1
CUST_9751,Bangalore Central,3-5,Tuesday,6.04,2,0
CUST_9752,Bangalore North,10-12,Monday,13.23,2,1
CUST_9753,Bangalore North,10-12,Tuesday,11.77,2,1
CUST_9754,Bangalore South,12-3,Monday,10.59,2,0
CUST_9755,Bangalore East,3-5,Tuesday,10.47,1,0
CUST_9756,Bangalore North,3-5,Wednesday,5.96,2,0
CUST_9757,Bangalore South,10-12,Wednesday,3.32,3,0
CUST_9758,Bangalore Central,10-12,Wednesday,5.55,3,0
CUST_9759,Bangalore North,10-12,Monday,9.99,3,0
CUST_9760,Bangalore Central,3-5,Tuesday,1.43,2,0
CUST_9761,Bangalore Central,10-12,Wednesday,2.99,1,1
CUST_9762,Bangalore East,12-3,Thursday,3.89,1,0
CUST_9763,Bangalore South,12-3,Monday,14.36,2,1
CUST_9764,Bangalore Central,12-3,Monday,5.33,1,1
CUST_9765,Bangalore North,12-3,Wednesday,5.61,1,1
CUST_9766,Bangalore Central,12-3,Tuesday,7.96,2,0
CUST_9767,Bangalore North,10-12,Monday,4.83,3,1
CUST_9768,Bangalore Central,12-3,Tuesday,10.54,1,0
CUST_9769,Bangalore Central,12-3,Monday,10.1,2,0
CUST_9770,Bangalore South,3-5,Friday,13.89,2,1
CUST_9771,Bangalore South,12-3,Monday,7.73,2,0
CUST_9772,Bangalore South,12-3,Thursday,3.39,1,1
CUST_9773,Bangalore Central,10-12,Monday,14.94,3,0
CUST_9774,Bangalore East,10-12,Tuesday,5.39,2,1
CUST_9775,Bangalore South,3-5,Tuesday,12.11,3,1
CUST_9776,Bangalore South,10-12,Thursday,11.13,2,1
CUST_9777,Bangalore Central,12-3,Tuesday,3.1,1,1
CUST_9778,Bangalore East,12-3,Wednesday,8.23,2,0
CUST_9779,Bangalore East,10-12,Friday,4.19,2,0
CUST_9780,Bangalore Central,10-12,Tuesday,5.29,1,0
CUST_9781,Bangalore Central,3-5,Wednesday,3.72,2,1
CUST_9782,Bangalore East,3-5,Tuesday,12.68,1,0
CUST_9783,Bangalore Central,12-3,Wednesday,11.44,2,1
CUST_9784,Bangalore East,12-3,Wednesday,12.27,2,1
CUST_9785,Bangalore Central,10-12,Friday,9.07,3,1
CUST_9786,Bangalore South,10-12,Monday,4.72,2,0
CUST_9787,Bangalore South,3-5,Thursday,14.9,1,0
CUST_9788,Bangalore South,12-3,Friday,11.82,3,1
CUST_9789,Bangalore East,3-5,Wednesday,2.76,3,0
CUST_9790,Bangalore South,12-3,Tuesday,11.06,2,1
CUST_9791,Bangalore North,3-5,Monday,9.1,2,0
CUST_9792,Bangalore Central,12-3,Wednesday,8.77,1,0
CUST_9793,Bangalore East,12-3,Friday,10.51,2,0
CUST_9794,Bangalore South,12-3,Wednesday,8.13,3,0
CUST_9795,Bangalore East,3-5,Thursday,5.27,1,1
CUST_9796,Bangalore North,10-12,Monday,6.74,1,0
CUST_9797,Bangalore North,3-5,Wednesday,3.69,2,0
CUST_9798,Bangalore South,12-3,Thursday,10.1,3,0
CUST_9799,Bangalore East,3-5,Monday,12.83,1,1
CUST_9800,Bangalore Central,3-5,Thursday,4.67,2,1
CUST_9801,Bangalore East,12-3,Tuesday,3.62,2,1
CUST_9802,Bangalore North,10-12,Friday,13.91,1,0
CUST_9803,Bangalore South,10-12,Friday,3.42,1,1
CUST_9804,Bangalore East,12-3,Monday,10.38,2,0
CUST_9805,Bangalore Central,3-5,Friday,5.19,2,0
CUST_9806,Bangalore East,12-3,Thursday,7.18,1,1
CUST_9807,Bangalore East,12-3,Tuesday,10.96,2,0
CUST_9808,Bangalore East,10-12,Thursday,5.54,2,0
CUST_9809,Bangalore East,3-5,Friday,10.94,2,0
CUST_9810,Bangalore North,12-3,Friday,12.66,2,1
CUST_9811,Bangalore South,3-5,Monday,8.43,2,0
CUST_9812,Bangalore South,3-5,Wednesday,4.61,1,0
CUST_9813,Bangalore East,10-12,Monday,5.56,2,0
CUST_9814,Bangalore South,10-12,Monday,1.67,1,1
CUST_9815,Bangalore East,12-3,Tuesday,8.58,2,0
CUST_9816,Bangalore East,10-12,Friday,11.12,1,0
CUST_9817,Bangalore East,10-12,Wednesday,5.68,3,1
CUST_9818,Bangalore North,12-3,Tuesday,10.18,2,1
CUST_9819,Bangalore South,10-12,Tuesday,7.92,3,1
CUST_9820,Bangalore North,12-3,Thursday,4.16,1,0
CUST_9821,Bangalore East,12-3,Tuesday,3.43,1,1
CUST_9822,Bangalore North,3-5,Monday,5.64,1,0
CUST_9823,Bangalore South,3-5,Wednesday,13.67,1,1
CUST_9824,Bangalore North,12-3,Tuesday,11.76,2,1
CUST_9825,Bangalore North,12-3,Wednesday,4.17,3,1
CUST_9826,Bangalore East,12-3,Thursday,9.05,2,1
CUST_9827,Bangalore East,12-3,Tuesday,10.89,3,1
CUST_9828,Bangalore Central,12-3,Wednesday,9.75,1,0
CUST_9829,Bangalore Central,3-5,Thursday,6.61,3,0
CUST_9830,Bangalore East,12-3,Friday,11.46,1,0
CUST_9831,Bangalore Central,12-3,Tuesday,6.2,2,0
CUST_9832,Bangalore Central,12-3,Thursday,12.42,2,1
CUST_9833,Bangalore North,3-5,Thursday,12.35,3,1
CUST_9834,Bangalore North,12-3,Thursday,9.85,2,1
CUST_9835,Bangalore East,12-3,Friday,10.17,2,1
CUST_9836,Bangalore Central,10-12,Monday,8.22,1,1
CUST_9837,Bangalore East,3-5,Tuesday,8.8,2,1
CUST_9838,Bangalore South,3-5,Tuesday,14.03,2,1
CUST_9839,Bangalore Central,3-5,Tuesday,5.5,1,0
CUST_9840,Bangalore East,12-3,Thursday,7.25,2,1
CUST_9841,Bangalore East,12-3,Thursday,7.99,1,0
CUST_9842,Bangalore Central,10-12,Friday,3.19,1,0
CUST_9843,Bangalore Central,3-5,Friday,10.67,1,0
CUST_9844,Bangalore North,10-12,Thursday,5.73,1,1
CUST_9845,Bangalore East,3-5,Thursday,4.9,1,1
CUST_9846,Bangalore South,10-12,Tuesday,3.03,3,0
CUST_9847,Bangalore South,3-5,Friday,12.17,1,1
CUST_9848,Bangalore East,12-3,Friday,10.12,1,1
CUST_9849,Bangalore Central,3-5,Wednesday,13.4,1,1
CUST_9850,Bangalore East,10-12,Thursday,11.45,1,0
CUST_9851,Bangalore Central,3-5,Tuesday,2.51,2,0
CUST_9852,Bangalore North,3-5,Friday,10.93,2,1
CUST_9853,Bangalore East,10-12,Wednesday,13.29,2,1
CUST_9854,Bangalore East,3-5,Tuesday,9.56,2,0
CUST_9855,Bangalore Central,3-5,Friday,10.5,1,1
CUST_9856,Bangalore North,3-5,Wednesday,2.08,2,1
CUST_9857,Bangalore Central,10-12,Friday,6.34,2,0
CUST_9858,Bangalore Central,12-3,Thursday,12.6,3,0
CUST_9859,Bangalore North,3-5,Monday,13.78,2,1
CUST_9860,Bangalore East,3-5,Thursday,9.89,2,0
CUST_9861,Bangalore Central,12-3,Thursday,3.46,2,0
CUST_9862,Bangalore North,10-12,Tuesday,9.88,2,0
CUST_9863,Bangalore East,3-5,Tuesday,13.22,1,0
CUST_9864,Bangalore South,10-12,Monday,7.41,1,1
CUST_9865,Bangalore East,10-12,Friday,6.78,2,0
CUST_9866,Bangalore Central,3-5,Thursday,3.64,1,1
CUST_9867,Bangalore South,12-3,Friday,1.09,2,1
CUST_9868,Bangalore North,3-5,Wednesday,11.93,2,0
CUST_9869,Bangalore Central,3-5,Thursday,7.41,2,0
CUST_9870,Bangalore South,12-3,Monday,14.73,1,0
CUST_9871,Bangalore North,12-3,Wednesday,1.03,2,1
CUST_9872,Bangalore Central,12-3,Thursday,2.65,2,0
CUST_9873,Bangalore North,3-5,Monday,14.29,2,1
CUST_9874,Bangalore South,12-3,Monday,3.73,2,1
CUST_9875,Bangalore North,12-3,Wednesday,5.23,3,0
CUST_9876,Bangalore North,12-3,Monday,4.65,1,1
CUST_9877,Bangalore North,3-5,Wednesday,3.94,2,1
CUST_9878,Bangalore South,3-5,Wednesday,12.39,1,1
CUST_9879,Bangalore East,10-12,Monday,5.26,2,1
CUST_9880,Bangalore Central,12-3,Thursday,11.44,3,0
CUST_9881,Bangalore South,12-3,Tuesday,2.53,1,1
CUST_9882,Bangalore South,12-3,Tuesday,1.79,2,1
CUST_9883,Bangalore North,12-3,Friday,5.92,1,1
CUST_9884,Bangalore East,10-12,Monday,5.0,2,1
CUST_9885,Bangalore East,3-5,Tuesday,11.14,1,1
CUST_9886,Bangalore North,3-5,Friday,13.23,3,0
CUST_9887,Bangalore North,12-3,Monday,2.08,2,0
CUST_9888,Bangalore East,12-3,Friday,9.99,2,1
CUST_9889,Bangalore East,12-3,Tuesday,5.93,3,1
CUST_9890,Bangalore Central,12-3,Tuesday,12.36,3,0
CUST_9891,Bangalore South,12-3,Monday,12.67,2,0
CUST_9892,Bangalore East,3-5,Tuesday,13.58,1,1
CUST_9893,Bangalore North,3-5,Wednesday,13.0,2,0
CUST_9894,Bangalore Central,10-12,Wednesday,8.6,2,1
CUST_9895,Bangalore South,10-12,Monday,12.13,2,0
CUST_9896,Bangalore North,3-5,Wednesday,2.37,3,0
CUST_9897,Bangalore South,12-3,Monday,2.12,3,0
CUST_9898,Bangalore Central,10-12,Monday,8.35,2,1
CUST_9899,Bangalore South,10-12,Monday,2.08,3,0
CUST_9900,Bangalore Central,3-5,Wednesday,2.94,2,0
CUST_9901,Bangalore South,3-5,Wednesday,3.77,3,0
CUST_9902,Bangalore North,3-5,Friday,11.28,3,0
CUST_9903,Bangalore North,12-3,Thursday,4.33,1,1
CUST_9904,Bangalore East,3-5,Friday,7.11,2,0
CUST_9905,Bangalore South,12-3,Thursday,3.86,2,0
CUST_9906,Bangalore Central,3-5,Monday,6.37,2,1
CUST_9907,Bangalore North,3-5,Friday,9.52,2,1
CUST_9908,Bangalore North,12-3,Wednesday,4.87,3,1
CUST_9909,Bangalore Central,10-12,Wednesday,8.75,2,1
CUST_9910,Bangalore North,3-5,Monday,5.77,3,0
CUST_9911,Bangalore South,12-3,Friday,4.08,3,0
CUST_9912,Bangalore North,3-5,Wednesday,13.79,1,0
CUST_9913,Bangalore Central,12-3,Thursday,13.0,2,1
CUST_9914,Bangalore South,10-12,Monday,12.17,2,0
CUST_9915,Bangalore South,12-3,Wednesday,9.82,1,1
CUST_9916,Bangalore North,10-12,Thursday,6.45,2,0
CUST_9917,Bangalore South,3-5,Monday,2.15,2,0
CUST_9918,Bangalore South,3-5,Monday,7.44,2,0
CUST_9919,Bangalore South,12-3,Monday,6.4,2,0
CUST_9920,Bangalore South,12-3,Friday,9.94,2,1
CUST_9921,Bangalore Central,10-12,Tuesday,11.31,1,0
CUST_9922,Bangalore East,12-3,Friday,6.36,2,0
CUST_9923,Bangalore Central,12-3,Wednesday,10.23,1,0
CUST_9924,Bangalore North,10-12,Thursday,7.49,2,1
CUST_9925,Bangalore Central,3-5,Tuesday,10.33,2,0
CUST_9926,Bangalore South,10-12,Friday,1.94,2,0
CUST_9927,Bangalore East,3-5,Monday,12.82,2,0
CUST_9928,Bangalore East,10-12,Monday,1.29,2,0
CUST_9929,Bangalore South,3-5,Friday,10.51,2,1
CUST_9930,Bangalore North,3-5,Thursday,11.48,1,1
CUST_9931,Bangalore South,3-5,Thursday,3.41,1,0
CUST_9932,Bangalore East,3-5,Wednesday,1.37,1,0
CUST_9933,Bangalore South,3-5,Friday,6.22,2,1
CUST_9934,Bangalore East,10-12,Monday,11.22,2,1
CUST_9935,Bangalore South,12-3,Wednesday,5.08,2,0
CUST_9936,Bangalore South,3-5,Wednesday,5.67,1,0
CUST_9937,Bangalore South,10-12,Thursday,1.28,1,0
CUST_9938,Bangalore Central,3-5,Monday,8.42,1,1
CUST_9939,Bangalore North,12-3,Thursday,9.65,2,0
CUST_9940,Bangalore South,12-3,Thursday,8.9,1,1
CUST_9941,Bangalore South,12-3,Friday,10.86,1,0
CUST_9942,Bangalore East,10-12,Thursday,3.89,1,1
CUST_9943,Bangalore East,10-12,Thursday,5.59,3,1
CUST_9944,Bangalore North,12-3,Wednesday,11.25,3,0
CUST_9945,Bangalore North,12-3,Wednesday,1.98,1,1
CUST_9946,Bangalore South,3-5,Friday,11.98,3,0
CUST_9947,Bangalore North,3-5,Wednesday,9.11,2,0
CUST_9948,Bangalore Central,12-3,Tuesday,4.68,2,1
CUST_9949,Bangalore Central,3-5,Wednesday,7.09,1,1
CUST_9950,Bangalore East,12-3,Friday,12.6,1,1
CUST_9951,Bangalore East,12-3,Tuesday,11.82,3,0
CUST_9952,Bangalore South,12-3,Tuesday,13.08,1,0
CUST_9953,Bangalore South,3-5,Monday,2.54,2,1
CUST_9954,Bangalore South,10-12,Tuesday,9.11,2,0
CUST_9955,Bangalore East,10-12,Friday,3.83,2,0
CUST_9956,Bangalore East,3-5,Wednesday,8.3,3,0
CUST_9957,Bangalore South,10-12,Thursday,1.24,3,0
CUST_9958,Bangalore East,12-3,Thursday,12.95,2,0
CUST_9959,Bangalore East,10-12,Friday,10.05,1,1
CUST_9960,Bangalore East,12-3,Thursday,10.75,3,0
CUST_9961,Bangalore East,3-5,Monday,8.25,1,1
CUST_9962,Bangalore Central,12-3,Monday,5.62,2,0
CUST_9963,Bangalore North,3-5,Tuesday,5.91,3,0
CUST_9964,Bangalore East,12-3,Thursday,10.91,2,0
CUST_9965,Bangalore East,10-12,Tuesday,13.19,2,1
CUST_9966,Bangalore East,12-3,Thursday,3.72,1,1
CUST_9967,Bangalore South,3-5,Wednesday,12.46,2,1
CUST_9968,Bangalore South,3-5,Thursday,6.82,1,0
CUST_9969,Bangalore Central,12-3,Wednesday,7.97,3,0
CUST_9970,Bangalore South,12-3,Tuesday,3.06,2,1
CUST_9971,Bangalore East,10-12,Monday,5.43,1,0
CUST_9972,Bangalore South,12-3,Wednesday,5.53,1,0
CUST_9973,Bangalore East,12-3,Thursday,14.64,2,0
CUST_9974,Bangalore South,10-12,Monday,7.22,2,0
CUST_9975,Bangalore South,10-12,Wednesday,6.78,1,1
CUST_9976,Bangalore Central,12-3,Tuesday,8.16,2,0
CUST_9977,Bangalore South,3-5,Tuesday,12.82,2,1
CUST_9978,Bangalore South,3-5,Tuesday,2.48,1,0
CUST_9979,Bangalore East,3-5,Tuesday,13.81,2,1
CUST_9980,Bangalore Central,10-12,Monday,3.49,3,0
CUST_9981,Bangalore East,12-3,Wednesday,7.33,2,1
CUST_9982,Bangalore South,10-12,Tuesday,7.71,2,1
CUST_9983,Bangalore Central,10-12,Thursday,14.27,3,1
CUST_9984,Bangalore North,3-5,Wednesday,2.67,3,1
CUST_9985,Bangalore North,3-5,Tuesday,4.95,2,0
CUST_9986,Bangalore South,12-3,Thursday,4.9,2,0
CUST_9987,Bangalore Central,3-5,Thursday,5.15,3,1
CUST_9988,Bangalore East,3-5,Friday,14.9,1,1
CUST_9989,Bangalore Central,10-12,Tuesday,5.06,2,1
CUST_9990,Bangalore South,12-3,Thursday,13.37,2,1
CUST_9991,Bangalore East,10-12,Friday,13.88,2,0
CUST_9992,Bangalore North,3-5,Friday,8.52,1,0
CUST_9993,Bangalore East,10-12,Tuesday,14.51,2,0
CUST_9994,Bangalore East,12-3,Monday,4.88,3,0
CUST_9995,Bangalore North,12-3,Tuesday,4.68,2,0
CUST_9996,Bangalore North,10-12,Monday,11.21,3,1
CUST_9997,Bangalore East,10-12,Tuesday,8.65,2,0
CUST_9998,Bangalore North,12-3,Thursday,10.64,1,1
CUST_9999,Bangalore Central,3-5,Wednesday,8.22,2,0
CUST_10000,Bangalore North,12-3,Thursday,8.45,1,1
CUST_10001,Bangalore North,10-12,Wednesday,3.64,2,0
CUST_10002,Bangalore Central,12-3,Friday,9.72,3,0
CUST_10003,Bangalore South,3-5,Monday,1.43,2,1
CUST_10004,Bangalore South,10-12,Friday,8.32,1,1
CUST_10005,Bangalore South,10-12,Thursday,6.58,2,0
CUST_10006,Bangalore Central,3-5,Tuesday,5.71,3,0
CUST_10007,Bangalore Central,12-3,Thursday,8.02,1,1
CUST_10008,Bangalore North,3-5,Friday,5.73,1,0
CUST_10009,Bangalore North,10-12,Wednesday,4.26,1,1
CUST_10010,Bangalore North,3-5,Thursday,5.06,2,0
CUST_10011,Bangalore North,12-3,Thursday,3.87,3,0
CUST_10012,Bangalore South,3-5,Tuesday,2.86,2,1
CUST_10013,Bangalore North,3-5,Thursday,10.5,3,1
CUST_10014,Bangalore South,12-3,Monday,6.06,2,0
CUST_10015,Bangalore East,12-3,Monday,5.22,3,0
CUST_10016,Bangalore Central,12-3,Monday,3.33,3,1
CUST_10017,Bangalore North,12-3,Wednesday,11.77,3,0
CUST_10018,Bangalore East,12-3,Friday,5.26,1,1
CUST_10019,Bangalore East,3-5,Wednesday,14.56,2,0
CUST_10020,Bangalore Central,12-3,Friday,4.97,3,0
CUST_10021,Bangalore East,3-5,Monday,10.73,2,1
CUST_10022,Bangalore North,3-5,Thursday,11.06,2,1
CUST_10023,Bangalore North,3-5,Wednesday,6.45,3,0
CUST_10024,Bangalore East,12-3,Tuesday,7.93,1,0
CUST_10025,Bangalore North,10-12,Tuesday,6.22,2,0
CUST_10026,Bangalore South,10-12,Monday,3.72,1,1
CUST_10027,Bangalore East,12-3,Thursday,10.87,1,0
CUST_10028,Bangalore Central,3-5,Tuesday,4.8,3,0
CUST_10029,Bangalore South,3-5,Monday,5.36,1,1
CUST_10030,Bangalore East,12-3,Thursday,7.7,2,0
CUST_10031,Bangalore East,12-3,Wednesday,10.26,2,0
CUST_10032,Bangalore South,12-3,Wednesday,3.08,2,0
CUST_10033,Bangalore Central,10-12,Monday,12.88,2,1
CUST_10034,Bangalore South,10-12,Friday,3.59,1,0
CUST_10035,Bangalore South,12-3,Wednesday,6.49,1,1
CUST_10036,Bangalore East,10-12,Monday,2.43,2,0
CUST_10037,Bangalore South,12-3,Friday,11.2,2,0
CUST_10038,Bangalore Central,3-5,Wednesday,7.69,3,0
CUST_10039,Bangalore Central,12-3,Wednesday,11.32,1,0
CUST_10040,Bangalore East,12-3,Thursday,2.46,3,1
CUST_10041,Bangalore Central,10-12,Tuesday,4.4,2,1
CUST_10042,Bangalore South,12-3,Friday,8.82,1,0
CUST_10043,Bangalore East,12-3,Tuesday,7.82,2,1
CUST_10044,Bangalore Central,3-5,Monday,9.46,3,0
CUST_10045,Bangalore North,12-3,Tuesday,8.09,3,0
CUST_10046,Bangalore East,3-5,Tuesday,5.8,2,1
CUST_10047,Bangalore North,3-5,Tuesday,2.05,1,1
CUST_10048,Bangalore Central,10-12,Monday,6.33,1,1
CUST_10049,Bangalore South,10-12,Thursday,9.71,3,1
CUST_10050,Bangalore Central,12-3,Thursday,11.67,2,0
CUST_10051,Bangalore Central,12-3,Thursday,14.65,2,1
CUST_10052,Bangalore South,10-12,Friday,9.37,2,1
CUST_10053,Bangalore North,10-12,Thursday,3.42,2,1
CUST_10054,Bangalore South,10-12,Friday,7.94,2,0
CUST_10055,Bangalore South,12-3,Monday,6.13,2,0
CUST_10056,Bangalore North,12-3,Thursday,5.64,2,0
CUST_10057,Bangalore East,3-5,Tuesday,7.36,1,0
CUST_10058,Bangalore North,12-3,Friday,2.72,2,1
CUST_10059,Bangalore East,10-12,Friday,5.89,2,1
CUST_10060,Bangalore Central,10-12,Friday,9.27,1,0
CUST_10061,Bangalore Central,3-5,Friday,5.48,2,0
CUST_10062,Bangalore South,10-12,Friday,6.88,2,1
CUST_10063,Bangalore North,10-12,Tuesday,6.4,1,0
CUST_10064,Bangalore South,10-12,Wednesday,2.35,3,0
CUST_10065,Bangalore South,3-5,Monday,7.49,2,1
CUST_10066,Bangalore East,12-3,Wednesday,12.83,2,0
CUST_10067,Bangalore South,12-3,Tuesday,5.49,3,1
CUST_10068,Bangalore Central,10-12,Friday,6.73,3,1
CUST_10069,Bangalore South,12-3,Friday,7.16,1,1
CUST_10070,Bangalore South,12-3,Tuesday,1.77,3,1
CUST_10071,Bangalore North,3-5,Wednesday,3.11,1,1
CUST_10072,Bangalore Central,3-5,Friday,5.57,2,0
CUST_10073,Bangalore East,12-3,Tuesday,6.88,1,1
CUST_10074,Bangalore Central,12-3,Friday,8.84,2,1
CUST_10075,Bangalore South,10-12,Monday,8.94,3,0
CUST_10076,Bangalore North,10-12,Friday,5.59,2,0
CUST_10077,Bangalore South,12-3,Monday,11.13,3,1
CUST_10078,Bangalore North,10-12,Thursday,8.19,2,1
CUST_10079,Bangalore Central,3-5,Thursday,13.55,1,0
CUST_10080,Bangalore Central,3-5,Monday,9.63,2,0
CUST_10081,Bangalore East,12-3,Wednesday,11.51,2,1
CUST_10082,Bangalore Central,12-3,Monday,4.89,1,0
CUST_10083,Bangalore Central,3-5,Friday,10.84,3,1
CUST_10084,Bangalore South,3-5,Monday,8.15,3,0
CUST_10085,Bangalore Central,12-3,Thursday,6.87,2,0
CUST_10086,Bangalore Central,12-3,Wednesday,14.22,2,1
CUST_10087,Bangalore East,10-12,Thursday,5.58,1,0
CUST_10088,Bangalore East,10-12,Wednesday,10.19,1,1
CUST_10089,Bangalore South,3-5,Monday,6.39,1,1
CUST_10090,Bangalore South,10-12,Wednesday,8.59,2,0
CUST_10091,Bangalore South,10-12,Tuesday,1.34,2,0
CUST_10092,Bangalore North,12-3,Monday,1.06,1,0
CUST_10093,Bangalore East,12-3,Thursday,6.96,2,1
CUST_10094,Bangalore Central,12-3,Tuesday,6.9,2,0
CUST_10095,Bangalore South,10-12,Thursday,9.45,1,1
CUST_10096,Bangalore Central,12-3,Thursday,12.1,2,1
CUST_10097,Bangalore North,10-12,Monday,2.07,2,1
CUST_10098,Bangalore East,12-3,Monday,4.6,2,1
CUST_10099,Bangalore Central,10-12,Thursday,13.0,3,1
CUST_10100,Bangalore Central,3-5,Monday,11.24,3,0
CUST_10101,Bangalore East,12-3,Monday,7.81,1,0
CUST_10102,Bangalore East,12-3,Friday,12.28,1,0
CUST_10103,Bangalore Central,10-12,Wednesday,5.28,2,1
CUST_10104,Bangalore Central,3-5,Tuesday,1.02,1,0
CUST_10105,Bangalore East,10-12,Tuesday,7.91,1,0
CUST_10106,Bangalore Central,10-12,Wednesday,12.29,2,1
CUST_10107,Bangalore East,3-5,Tuesday,6.09,2,0
CUST_10108,Bangalore North,3-5,Friday,1.84,2,1
CUST_10109,Bangalore East,12-3,Friday,3.9,3,1
CUST_10110,Bangalore North,12-3,Friday,11.56,3,0
CUST_10111,Bangalore South,3-5,Tuesday,10.72,1,1
CUST_10112,Bangalore East,12-3,Thursday,5.59,2,0
CUST_10113,Bangalore East,12-3,Friday,12.94,3,0
CUST_10114,Bangalore Central,3-5,Friday,4.1,1,1
CUST_10115,Bangalore East,3-5,Tuesday,14.14,1,1
CUST_10116,Bangalore South,3-5,Monday,9.24,1,0
CUST_10117,Bangalore North,10-12,Tuesday,11.56,2,0
CUST_10118,Bangalore Central,3-5,Monday,1.69,3,1
CUST_10119,Bangalore Central,3-5,Tuesday,14.43,2,0
CUST_10120,Bangalore Central,3-5,Monday,7.05,3,0
CUST_10121,Bangalore North,12-3,Thursday,13.3,3,1
CUST_10122,Bangalore South,12-3,Thursday,12.92,1,1
CUST_10123,Bangalore South,12-3,Friday,1.74,1,0
CUST_10124,Bangalore North,12-3,Tuesday,11.87,2,0
CUST_10125,Bangalore Central,10-12,Monday,2.6,1,0
CUST_10126,Bangalore North,10-12,Monday,14.42,2,1
CUST_10127,Bangalore Central,3-5,Monday,2.61,2,1
CUST_10128,Bangalore East,3-5,Friday,10.89,2,0
CUST_10129,Bangalore South,12-3,Tuesday,3.25,2,0
CUST_10130,Bangalore Central,3-5,Friday,12.28,2,0
CUST_10131,Bangalore East,10-12,Tuesday,2.76,1,1
CUST_10132,Bangalore North,12-3,Friday,3.6,1,1
CUST_10133,Bangalore East,10-12,Thursday,12.95,2,1
CUST_10134,Bangalore South,12-3,Wednesday,12.41,2,0
CUST_10135,Bangalore North,10-12,Monday,8.83,3,0
CUST_10136,Bangalore South,10-12,Tuesday,2.94,1,0
CUST_10137,Bangalore North,3-5,Monday,9.68,1,0
CUST_10138,Bangalore North,3-5,Tuesday,3.87,1,1
CUST_10139,Bangalore Central,3-5,Tuesday,12.49,1,1
CUST_10140,Bangalore South,3-5,Tuesday,4.29,1,1
CUST_10141,Bangalore South,3-5,Thursday,5.73,2,0
CUST_10142,Bangalore South,10-12,Friday,14.76,2,1
CUST_10143,Bangalore North,3-5,Monday,6.74,1,0
CUST_10144,Bangalore East,10-12,Friday,12.96,2,1
CUST_10145,Bangalore East,12-3,Monday,7.17,3,0
CUST_10146,Bangalore Central,10-12,Friday,3.05,1,0
CUST_10147,Bangalore North,12-3,Friday,6.19,1,0
CUST_10148,Bangalore East,3-5,Wednesday,2.92,2,1
CUST_10149,Bangalore North,12-3,Wednesday,2.25,2,0
CUST_10150,Bangalore East,3-5,Tuesday,2.57,2,0
CUST_10151,Bangalore East,12-3,Tuesday,8.49,2,0
CUST_10152,Bangalore South,3-5,Wednesday,9.6,2,0
CUST_10153,Bangalore Central,10-12,Wednesday,8.01,2,0
CUST_10154,Bangalore Central,10-12,Thursday,11.53,2,1
CUST_10155,Bangalore East,10-12,Monday,6.79,2,1
CUST_10156,Bangalore Central,10-12,Tuesday,6.37,2,1
CUST_10157,Bangalore North,3-5,Monday,1.88,2,0
CUST_10158,Bangalore Central,3-5,Wednesday,7.03,2,1
CUST_10159,Bangalore North,12-3,Friday,9.39,1,1
CUST_10160,Bangalore East,3-5,Thursday,13.68,2,1
CUST_10161,Bangalore North,10-12,Tuesday,3.31,2,0
CUST_10162,Bangalore North,3-5,Friday,10.92,3,0
CUST_10163,Bangalore North,12-3,Wednesday,13.84,2,0
CUST_10164,Bangalore South,10-12,Monday,2.61,1,1
CUST_10165,Bangalore Central,3-5,Monday,10.68,3,0
CUST_10166,Bangalore East,10-12,Wednesday,2.63,2,1
CUST_10167,Bangalore Central,10-12,Thursday,9.74,3,1
CUST_10168,Bangalore East,10-12,Monday,13.51,2,0
CUST_10169,Bangalore South,3-5,Tuesday,9.66,3,0
CUST_10170,Bangalore East,10-12,Friday,5.07,1,1
CUST_10171,Bangalore North,10-12,Tuesday,14.29,2,1
CUST_10172,Bangalore Central,3-5,Thursday,7.47,2,1
CUST_10173,Bangalore Central,3-5,Thursday,2.05,3,1
CUST_10174,Bangalore Central,10-12,Tuesday,1.33,2,0
CUST_10175,Bangalore Central,12-3,Friday,13.3,2,0
CUST_10176,Bangalore North,3-5,Friday,6.93,2,1
CUST_10177,Bangalore South,3-5,Wednesday,2.87,3,1
CUST_10178,Bangalore South,12-3,Wednesday,11.04,1,0
CUST_10179,Bangalore South,12-3,Thursday,6.08,2,0
CUST_10180,Bangalore Central,3-5,Wednesday,3.48,2,0
CUST_10181,Bangalore Central,12-3,Tuesday,6.91,3,0
CUST_10182,Bangalore East,10-12,Tuesday,3.36,2,0
CUST_10183,Bangalore South,10-12,Wednesday,14.8,3,0
CUST_10184,Bangalore Central,10-12,Friday,8.28,3,1
CUST_10185,Bangalore South,10-12,Tuesday,10.4,2,0
CUST_10186,Bangalore Central,12-3,Thursday,5.26,1,0
CUST_10187,Bangalore Central,10-12,Wednesday,4.29,2,1
CUST_10188,Bangalore South,3-5,Thursday,6.18,2,0
CUST_10189,Bangalore North,3-5,Wednesday,7.69,3,1
CUST_10190,Bangalore Central,3-5,Friday,4.22,1,0
CUST_10191,Bangalore South,12-3,Friday,14.53,3,1
CUST_10192,Bangalore South,12-3,Tuesday,1.4,2,1
CUST_10193,Bangalore South,12-3,Monday,5.19,2,0
CUST_10194,Bangalore South,12-3,Friday,11.45,3,1
CUST_10195,Bangalore South,12-3,Wednesday,14.74,3,0
CUST_10196,Bangalore Central,10-12,Tuesday,3.55,2,0
CUST_10197,Bangalore North,10-12,Wednesday,9.64,2,1
CUST_10198,Bangalore East,12-3,Wednesday,12.4,2,1
CUST_10199,Bangalore East,12-3,Thursday,9.58,1,0
CUST_10200,Bangalore East,3-5,Monday,2.14,3,0
CUST_10201,Bangalore East,10-12,Monday,6.05,2,1
CUST_10202,Bangalore North,12-3,Friday,14.56,3,0
CUST_10203,Bangalore South,12-3,Thursday,1.01,2,1
CUST_10204,Bangalore East,3-5,Friday,7.08,3,0
CUST_10205,Bangalore Central,12-3,Thursday,7.71,2,0
CUST_10206,Bangalore Central,12-3,Tuesday,4.25,2,1
CUST_10207,Bangalore East,12-3,Wednesday,6.33,3,1
CUST_10208,Bangalore Central,10-12,Friday,3.98,2,1
CUST_10209,Bangalore South,12-3,Wednesday,5.31,1,0
CUST_10210,Bangalore North,10-12,Monday,5.09,3,1
CUST_10211,Bangalore North,3-5,Monday,7.99,1,0
CUST_10212,Bangalore East,12-3,Monday,7.57,1,0
CUST_10213,Bangalore Central,10-12,Wednesday,2.93,2,1
CUST_10214,Bangalore East,3-5,Thursday,12.5,3,0
CUST_10215,Bangalore South,12-3,Monday,6.48,2,0
CUST_10216,Bangalore South,12-3,Thursday,2.37,1,0
CUST_10217,Bangalore Central,12-3,Wednesday,10.93,2,0
CUST_10218,Bangalore Central,12-3,Friday,11.68,2,1
CUST_10219,Bangalore Central,3-5,Monday,13.12,1,1
CUST_10220,Bangalore East,3-5,Friday,1.67,1,0
CUST_10221,Bangalore East,10-12,Friday,10.73,3,1
CUST_10222,Bangalore East,12-3,Tuesday,10.88,3,1
CUST_10223,Bangalore South,10-12,Friday,12.27,1,0
CUST_10224,Bangalore East,3-5,Friday,9.31,2,1
CUST_10225,Bangalore South,3-5,Tuesday,14.35,2,1
CUST_10226,Bangalore North,12-3,Wednesday,7.76,2,1
CUST_10227,Bangalore South,3-5,Wednesday,13.07,2,1
CUST_10228,Bangalore North,10-12,Wednesday,10.12,1,0
CUST_10229,Bangalore North,3-5,Tuesday,8.95,1,1
CUST_10230,Bangalore East,10-12,Thursday,7.87,1,0
CUST_10231,Bangalore North,3-5,Wednesday,1.17,3,1
CUST_10232,Bangalore North,12-3,Monday,6.4,1,0
CUST_10233,Bangalore North,12-3,Thursday,7.36,2,0
CUST_10234,Bangalore North,10-12,Monday,10.98,1,0
CUST_10235,Bangalore East,10-12,Wednesday,11.05,2,0
CUST_10236,Bangalore Central,10-12,Tuesday,14.27,1,0
CUST_10237,Bangalore Central,10-12,Friday,6.81,2,0
CUST_10238,Bangalore East,10-12,Wednesday,7.53,1,0
CUST_10239,Bangalore South,10-12,Tuesday,8.28,3,0
CUST_10240,Bangalore East,3-5,Thursday,7.88,1,1
CUST_10241,Bangalore North,3-5,Friday,7.66,1,1
CUST_10242,Bangalore Central,3-5,Tuesday,2.25,1,1
CUST_10243,Bangalore East,10-12,Tuesday,12.57,2,1
CUST_10244,Bangalore East,10-12,Thursday,3.56,3,0
CUST_10245,Bangalore East,12-3,Wednesday,10.19,1,1
CUST_10246,Bangalore Central,12-3,Thursday,12.17,2,0
CUST_10247,Bangalore Central,10-12,Thursday,3.7,2,1
CUST_10248,Bangalore East,3-5,Friday,9.54,2,0
CUST_10249,Bangalore South,3-5,Wednesday,6.69,3,1
CUST_10250,Bangalore East,3-5,Friday,13.27,3,0
CUST_10251,Bangalore North,12-3,Thursday,9.68,1,1
CUST_10252,Bangalore East,10-12,Friday,3.16,2,1
CUST_10253,Bangalore East,10-12,Wednesday,2.72,1,0
CUST_10254,Bangalore East,3-5,Tuesday,14.83,2,0
CUST_10255,Bangalore South,10-12,Thursday,14.86,2,0
CUST_10256,Bangalore East,3-5,Friday,12.65,1,1
CUST_10257,Bangalore South,12-3,Thursday,6.92,1,0
CUST_10258,Bangalore North,12-3,Friday,14.31,1,0
CUST_10259,Bangalore East,12-3,Friday,5.45,1,1
CUST_10260,Bangalore East,10-12,Wednesday,14.43,2,0
CUST_10261,Bangalore North,10-12,Friday,3.1,1,1
CUST_10262,Bangalore East,12-3,Friday,2.89,1,1
CUST_10263,Bangalore East,10-12,Monday,9.64,3,1
CUST_10264,Bangalore South,10-12,Friday,1.59,2,0
CUST_10265,Bangalore South,3-5,Tuesday,6.82,3,0
CUST_10266,Bangalore Central,10-12,Monday,9.66,2,0
CUST_10267,Bangalore Central,3-5,Friday,1.84,3,0
CUST_10268,Bangalore North,12-3,Friday,11.35,2,1
CUST_10269,Bangalore South,12-3,Monday,5.97,2,0
CUST_10270,Bangalore South,3-5,Monday,4.25,1,0
CUST_10271,Bangalore Central,12-3,Wednesday,3.35,1,1
CUST_10272,Bangalore South,3-5,Thursday,5.77,2,0
CUST_10273,Bangalore East,10-12,Monday,3.87,3,1
CUST_10274,Bangalore South,12-3,Monday,6.49,2,1
CUST_10275,Bangalore East,3-5,Wednesday,7.73,2,0
CUST_10276,Bangalore East,10-12,Monday,12.2,2,0
CUST_10277,Bangalore Central,12-3,Wednesday,13.18,2,1
CUST_10278,Bangalore East,3-5,Thursday,7.79,2,0
CUST_10279,Bangalore South,3-5,Monday,8.22,1,1
CUST_10280,Bangalore South,3-5,Thursday,1.38,3,0
CUST_10281,Bangalore East,10-12,Wednesday,13.05,2,1
CUST_10282,Bangalore Central,12-3,Thursday,9.61,1,0
CUST_10283,Bangalore South,10-12,Thursday,9.56,3,1
CUST_10284,Bangalore East,10-12,Thursday,6.44,2,1
CUST_10285,Bangalore North,3-5,Monday,13.32,2,1
CUST_10286,Bangalore South,3-5,Friday,12.89,2,0
CUST_10287,Bangalore East,3-5,Monday,3.9,2,0
CUST_10288,Bangalore Central,12-3,Thursday,1.93,3,0
CUST_10289,Bangalore North,3-5,Wednesday,12.61,3,1
CUST_10290,Bangalore South,3-5,Thursday,5.25,1,0
CUST_10291,Bangalore South,12-3,Friday,11.59,2,1
CUST_10292,Bangalore East,3-5,Thursday,4.84,3,0
CUST_10293,Bangalore South,3-5,Tuesday,11.36,1,1
CUST_10294,Bangalore South,12-3,Friday,1.65,2,0
CUST_10295,Bangalore North,3-5,Thursday,1.19,1,1
CUST_10296,Bangalore South,3-5,Monday,6.58,3,1
CUST_10297,Bangalore North,10-12,Friday,6.11,3,0
CUST_10298,Bangalore North,10-12,Tuesday,1.8,1,1
CUST_10299,Bangalore Central,10-12,Friday,9.59,2,0
CUST_10300,Bangalore Central,12-3,Thursday,13.66,1,0
CUST_10301,Bangalore East,12-3,Thursday,2.55,1,0
CUST_10302,Bangalore North,3-5,Tuesday,1.67,3,0
CUST_10303,Bangalore North,10-12,Wednesday,5.33,3,0
CUST_10304,Bangalore North,3-5,Friday,7.53,3,0
CUST_10305,Bangalore Central,12-3,Thursday,12.68,1,1
CUST_10306,Bangalore East,3-5,Friday,1.87,2,0
CUST_10307,Bangalore Central,12-3,Monday,12.61,2,1
CUST_10308,Bangalore South,3-5,Monday,10.59,2,0
CUST_10309,Bangalore South,12-3,Thursday,6.98,2,1
CUST_10310,Bangalore East,3-5,Tuesday,14.23,2,0
CUST_10311,Bangalore East,3-5,Monday,6.45,3,0
CUST_10312,Bangalore North,3-5,Friday,1.62,3,1
CUST_10313,Bangalore South,12-3,Thursday,5.56,3,0
CUST_10314,Bangalore East,3-5,Wednesday,11.16,1,0
CUST_10315,Bangalore South,12-3,Tuesday,2.47,2,0
CUST_10316,Bangalore South,3-5,Wednesday,7.55,1,0
CUST_10317,Bangalore South,3-5,Friday,13.18,2,0
CUST_10318,Bangalore Central,3-5,Wednesday,1.42,1,0
CUST_10319,Bangalore East,3-5,Wednesday,9.64,1,1
CUST_10320,Bangalore South,3-5,Monday,7.58,3,1
CUST_10321,Bangalore South,12-3,Friday,11.16,2,1
CUST_10322,Bangalore Central,12-3,Tuesday,11.35,1,1
CUST_10323,Bangalore Central,3-5,Tuesday,13.4,2,0
CUST_10324,Bangalore East,12-3,Wednesday,2.09,3,1
CUST_10325,Bangalore East,10-12,Friday,2.06,2,1
CUST_10326,Bangalore North,10-12,Thursday,10.08,1,0
CUST_10327,Bangalore South,10-12,Friday,14.49,2,0
CUST_10328,Bangalore Central,3-5,Friday,10.53,3,0
CUST_10329,Bangalore North,10-12,Monday,13.3,2,1
CUST_10330,Bangalore Central,10-12,Tuesday,4.33,2,1
CUST_10331,Bangalore South,12-3,Thursday,3.78,1,1
CUST_10332,Bangalore Central,10-12,Tuesday,4.6,3,0
CUST_10333,Bangalore South,10-12,Tuesday,6.73,2,1
CUST_10334,Bangalore South,12-3,Tuesday,2.87,2,0
CUST_10335,Bangalore Central,3-5,Wednesday,1.34,1,1
CUST_10336,Bangalore North,10-12,Tuesday,12.65,2,0
CUST_10337,Bangalore South,10-12,Wednesday,11.13,1,1
CUST_10338,Bangalore Central,10-12,Tuesday,10.59,2,0
CUST_10339,Bangalore North,10-12,Monday,8.66,1,0
CUST_10340,Bangalore Central,12-3,Tuesday,14.7,1,0
CUST_10341,Bangalore North,12-3,Friday,5.94,2,1
CUST_10342,Bangalore Central,10-12,Wednesday,9.05,1,1
CUST_10343,Bangalore Central,3-5,Tuesday,10.44,1,1
CUST_10344,Bangalore Central,12-3,Thursday,12.11,1,1
CUST_10345,Bangalore North,12-3,Tuesday,3.0,2,0
CUST_10346,Bangalore North,10-12,Wednesday,7.92,3,0
CUST_10347,Bangalore East,10-12,Wednesday,14.16,3,0
CUST_10348,Bangalore Central,10-12,Tuesday,2.33,3,0
CUST_10349,Bangalore South,12-3,Tuesday,14.84,2,1
CUST_10350,Bangalore South,3-5,Wednesday,8.8,1,0
CUST_10351,Bangalore Central,10-12,Thursday,6.43,1,1
CUST_10352,Bangalore Central,10-12,Thursday,7.26,1,1
CUST_10353,Bangalore South,3-5,Monday,5.06,1,0
CUST_10354,Bangalore Central,10-12,Thursday,13.28,1,0
CUST_10355,Bangalore Central,12-3,Tuesday,13.57,3,0
CUST_10356,Bangalore South,3-5,Tuesday,6.96,1,1
CUST_10357,Bangalore Central,12-3,Friday,4.65,1,1
CUST_10358,Bangalore East,10-12,Friday,4.17,2,1
CUST_10359,Bangalore South,3-5,Tuesday,4.92,2,0
CUST_10360,Bangalore Central,12-3,Monday,9.62,2,0
CUST_10361,Bangalore South,12-3,Tuesday,9.83,1,1
CUST_10362,Bangalore Central,10-12,Monday,13.91,2,0
CUST_10363,Bangalore North,12-3,Wednesday,7.08,3,1
CUST_10364,Bangalore East,10-12,Friday,10.3,2,1
CUST_10365,Bangalore East,10-12,Thursday,2.8,2,1
CUST_10366,Bangalore South,12-3,Thursday,3.37,1,0
CUST_10367,Bangalore East,10-12,Monday,10.22,1,1
CUST_10368,Bangalore South,3-5,Wednesday,6.45,3,0
CUST_10369,Bangalore South,10-12,Wednesday,10.12,1,0
CUST_10370,Bangalore East,12-3,Thursday,4.38,3,1
CUST_10371,Bangalore North,12-3,Wednesday,14.14,1,1
CUST_10372,Bangalore East,10-12,Monday,10.3,2,0
CUST_10373,Bangalore North,10-12,Monday,14.31,1,1
CUST_10374,Bangalore Central,3-5,Monday,8.17,1,0
CUST_10375,Bangalore South,3-5,Monday,10.83,2,0
CUST_10376,Bangalore North,10-12,Wednesday,8.98,2,0
CUST_10377,Bangalore Central,10-12,Tuesday,3.16,2,1
CUST_10378,Bangalore Central,10-12,Wednesday,13.33,3,0
CUST_10379,Bangalore South,12-3,Friday,10.89,2,1
CUST_10380,Bangalore Central,3-5,Thursday,3.98,3,1
CUST_10381,Bangalore East,3-5,Wednesday,8.59,2,0
CUST_10382,Bangalore East,3-5,Tuesday,9.48,2,1
CUST_10383,Bangalore South,3-5,Monday,12.48,2,1
CUST_10384,Bangalore East,12-3,Friday,10.82,2,0
CUST_10385,Bangalore East,10-12,Friday,11.63,1,1
CUST_10386,Bangalore South,3-5,Wednesday,4.15,1,1
CUST_10387,Bangalore Central,12-3,Tuesday,10.41,2,1
CUST_10388,Bangalore East,10-12,Wednesday,12.29,1,1
CUST_10389,Bangalore South,12-3,Wednesday,7.83,2,0
CUST_10390,Bangalore North,10-12,Wednesday,7.63,2,0
CUST_10391,Bangalore Central,3-5,Tuesday,6.08,1,1
CUST_10392,Bangalore East,12-3,Tuesday,5.84,1,1
CUST_10393,Bangalore East,3-5,Friday,4.14,3,1
CUST_10394,Bangalore Central,3-5,Thursday,14.21,2,1
CUST_10395,Bangalore South,3-5,Wednesday,14.28,2,0
CUST_10396,Bangalore Central,10-12,Wednesday,13.2,2,0
CUST_10397,Bangalore South,3-5,Tuesday,5.82,1,0
CUST_10398,Bangalore Central,10-12,Tuesday,13.15,1,0
CUST_10399,Bangalore Central,3-5,Friday,14.36,3,1
CUST_10400,Bangalore North,10-12,Monday,14.18,1,1
CUST_10401,Bangalore South,10-12,Friday,6.35,2,0
CUST_10402,Bangalore South,10-12,Wednesday,5.04,2,0
CUST_10403,Bangalore North,10-12,Wednesday,2.7,2,0
CUST_10404,Bangalore East,10-12,Thursday,2.38,2,1
CUST_10405,Bangalore Central,10-12,Tuesday,3.73,1,1
CUST_10406,Bangalore North,10-12,Monday,8.49,1,1
CUST_10407,Bangalore Central,10-12,Friday,7.42,2,1
CUST_10408,Bangalore South,10-12,Tuesday,4.35,1,1
CUST_10409,Bangalore North,3-5,Tuesday,12.04,1,0
CUST_10410,Bangalore Central,3-5,Thursday,12.76,1,1
CUST_10411,Bangalore Central,12-3,Monday,14.99,2,0
CUST_10412,Bangalore East,10-12,Friday,9.72,1,1
CUST_10413,Bangalore East,3-5,Thursday,2.59,2,1
CUST_10414,Bangalore South,12-3,Monday,11.62,2,0
CUST_10415,Bangalore North,3-5,Monday,11.44,1,0
CUST_10416,Bangalore South,12-3,Monday,3.17,2,1
CUST_10417,Bangalore East,3-5,Friday,12.9,3,1
CUST_10418,Bangalore Central,3-5,Friday,4.65,3,1
CUST_10419,Bangalore East,12-3,Tuesday,4.87,1,0
CUST_10420,Bangalore South,10-12,Wednesday,2.08,2,0
CUST_10421,Bangalore North,12-3,Tuesday,7.58,1,1
CUST_10422,Bangalore East,12-3,Friday,13.72,2,1
CUST_10423,Bangalore East,12-3,Friday,7.3,2,1
CUST_10424,Bangalore East,3-5,Wednesday,13.52,3,0
CUST_10425,Bangalore Central,12-3,Wednesday,13.06,2,0
CUST_10426,Bangalore South,12-3,Wednesday,9.65,3,1
CUST_10427,Bangalore South,12-3,Tuesday,3.07,2,0
CUST_10428,Bangalore South,12-3,Monday,4.14,3,1
CUST_10429,Bangalore East,12-3,Thursday,2.93,2,1
CUST_10430,Bangalore North,12-3,Monday,13.54,1,0
CUST_10431,Bangalore North,3-5,Thursday,9.84,2,1
CUST_10432,Bangalore East,12-3,Thursday,9.24,1,1
CUST_10433,Bangalore East,12-3,Thursday,10.39,2,1
CUST_10434,Bangalore North,12-3,Wednesday,12.2,3,1
CUST_10435,Bangalore South,10-12,Monday,9.73,1,1
CUST_10436,Bangalore North,10-12,Monday,8.55,2,1
CUST_10437,Bangalore North,12-3,Monday,13.95,1,1
CUST_10438,Bangalore South,10-12,Thursday,6.4,1,1
CUST_10439,Bangalore Central,3-5,Thursday,7.3,2,0
CUST_10440,Bangalore North,3-5,Monday,7.16,2,0
CUST_10441,Bangalore North,3-5,Wednesday,12.52,2,1
CUST_10442,Bangalore South,12-3,Thursday,9.17,2,0
CUST_10443,Bangalore East,10-12,Tuesday,13.85,2,0
CUST_10444,Bangalore Central,12-3,Monday,6.62,2,0
CUST_10445,Bangalore Central,10-12,Thursday,11.44,3,0
CUST_10446,Bangalore East,3-5,Thursday,5.61,2,1
CUST_10447,Bangalore North,3-5,Friday,6.73,3,0
CUST_10448,Bangalore Central,3-5,Monday,2.97,2,0
CUST_10449,Bangalore North,3-5,Thursday,10.89,2,1
CUST_10450,Bangalore East,12-3,Tuesday,3.24,1,0
CUST_10451,Bangalore Central,10-12,Tuesday,6.25,2,1
CUST_10452,Bangalore North,10-12,Wednesday,9.79,2,1
CUST_10453,Bangalore Central,12-3,Friday,1.98,1,0
CUST_10454,Bangalore East,3-5,Tuesday,6.91,2,1
CUST_10455,Bangalore East,3-5,Wednesday,4.97,2,1
CUST_10456,Bangalore East,3-5,Tuesday,3.91,2,0
CUST_10457,Bangalore Central,3-5,Thursday,1.15,1,0
CUST_10458,Bangalore East,12-3,Tuesday,2.56,3,0
CUST_10459,Bangalore South,12-3,Monday,12.79,2,0
CUST_10460,Bangalore North,12-3,Friday,8.7,2,1
CUST_10461,Bangalore East,3-5,Tuesday,8.52,2,0
CUST_10462,Bangalore East,12-3,Monday,11.91,2,1
CUST_10463,Bangalore Central,10-12,Wednesday,10.22,3,1
CUST_10464,Bangalore Central,12-3,Friday,2.56,2,0
CUST_10465,Bangalore East,12-3,Tuesday,2.49,1,0
CUST_10466,Bangalore South,12-3,Friday,10.77,2,0
CUST_10467,Bangalore South,12-3,Wednesday,5.98,2,1
CUST_10468,Bangalore North,12-3,Tuesday,7.24,1,1
CUST_10469,Bangalore Central,12-3,Thursday,13.41,2,0
CUST_10470,Bangalore South,3-5,Monday,4.51,3,1
CUST_10471,Bangalore Central,10-12,Monday,9.61,1,1
CUST_10472,Bangalore North,10-12,Monday,9.82,1,0
CUST_10473,Bangalore Central,12-3,Tuesday,3.79,3,1
CUST_10474,Bangalore North,3-5,Tuesday,1.27,2,0
CUST_10475,Bangalore North,12-3,Tuesday,11.96,2,0
CUST_10476,Bangalore North,3-5,Tuesday,4.34,1,0
CUST_10477,Bangalore East,12-3,Friday,6.01,1,1
CUST_10478,Bangalore Central,12-3,Thursday,13.83,2,1
CUST_10479,Bangalore Central,10-12,Friday,5.66,2,0
CUST_10480,Bangalore North,10-12,Monday,14.89,1,1
CUST_10481,Bangalore Central,12-3,Friday,8.63,3,1
CUST_10482,Bangalore South,10-12,Tuesday,8.19,2,0
CUST_10483,Bangalore North,3-5,Monday,11.06,2,1
CUST_10484,Bangalore Central,12-3,Monday,12.88,3,1
CUST_10485,Bangalore Central,10-12,Monday,3.31,2,1
CUST_10486,Bangalore South,12-3,Wednesday,11.06,1,1
CUST_10487,Bangalore East,10-12,Friday,9.37,3,1
CUST_10488,Bangalore North,3-5,Wednesday,13.61,3,0
CUST_10489,Bangalore South,3-5,Wednesday,1.55,1,1
CUST_10490,Bangalore East,12-3,Wednesday,13.92,2,0
CUST_10491,Bangalore Central,3-5,Thursday,2.31,2,1
CUST_10492,Bangalore South,10-12,Friday,3.99,3,0
CUST_10493,Bangalore East,12-3,Thursday,7.75,1,0
CUST_10494,Bangalore Central,12-3,Monday,4.6,3,1
CUST_10495,Bangalore Central,12-3,Tuesday,8.6,1,1
CUST_10496,Bangalore South,12-3,Tuesday,2.07,2,0
CUST_10497,Bangalore South,3-5,Tuesday,11.71,1,1
CUST_10498,Bangalore North,3-5,Tuesday,9.12,2,1
CUST_10499,Bangalore Central,12-3,Thursday,4.16,3,0
CUST_10500,Bangalore North,10-12,Wednesday,13.96,1,0
CUST_10501,Bangalore East,10-12,Thursday,12.51,2,0
CUST_10502,Bangalore Central,10-12,Friday,12.8,2,1
CUST_10503,Bangalore East,10-12,Tuesday,14.76,1,0
CUST_10504,Bangalore Central,12-3,Tuesday,3.96,1,0
CUST_10505,Bangalore North,3-5,Monday,11.02,1,1
CUST_10506,Bangalore Central,12-3,Friday,3.42,2,0
CUST_10507,Bangalore North,10-12,Monday,10.37,2,1
CUST_10508,Bangalore North,12-3,Tuesday,13.35,1,1
CUST_10509,Bangalore South,10-12,Thursday,12.21,2,0
CUST_10510,Bangalore East,10-12,Wednesday,7.4,2,1
CUST_10511,Bangalore Central,12-3,Monday,7.81,2,1
CUST_10512,Bangalore Central,12-3,Friday,5.61,2,0
CUST_10513,Bangalore Central,10-12,Monday,1.63,2,1
CUST_10514,Bangalore East,3-5,Wednesday,14.37,2,0
CUST_10515,Bangalore North,3-5,Tuesday,8.73,1,1
CUST_10516,Bangalore South,10-12,Wednesday,1.31,2,1
CUST_10517,Bangalore Central,10-12,Wednesday,13.68,3,0
CUST_10518,Bangalore Central,10-12,Tuesday,9.3,2,0
CUST_10519,Bangalore South,12-3,Monday,10.18,3,1
CUST_10520,Bangalore North,12-3,Wednesday,6.02,2,0
CUST_10521,Bangalore North,12-3,Friday,9.69,3,0
CUST_10522,Bangalore South,10-12,Friday,9.15,2,1
CUST_10523,Bangalore South,3-5,Wednesday,14.54,3,0
CUST_10524,Bangalore North,12-3,Tuesday,3.93,2,1
CUST_10525,Bangalore South,12-3,Monday,1.83,3,0
CUST_10526,Bangalore Central,10-12,Wednesday,14.92,1,0
CUST_10527,Bangalore South,10-12,Tuesday,2.04,1,0
CUST_10528,Bangalore Central,3-5,Friday,9.02,3,1
CUST_10529,Bangalore South,12-3,Tuesday,4.98,2,1
CUST_10530,Bangalore Central,3-5,Wednesday,9.31,3,0
CUST_10531,Bangalore Central,3-5,Thursday,10.17,2,1
CUST_10532,Bangalore Central,3-5,Thursday,4.18,3,1
CUST_10533,Bangalore Central,10-12,Thursday,4.32,2,1
CUST_10534,Bangalore South,10-12,Friday,2.52,2,1
CUST_10535,Bangalore South,10-12,Tuesday,2.04,3,1
CUST_10536,Bangalore South,10-12,Tuesday,1.22,2,1
CUST_10537,Bangalore South,3-5,Friday,10.32,2,1
CUST_10538,Bangalore Central,12-3,Tuesday,14.24,2,0
CUST_10539,Bangalore Central,3-5,Wednesday,9.84,1,1
CUST_10540,Bangalore South,3-5,Friday,3.79,1,0
CUST_10541,Bangalore East,12-3,Monday,14.14,2,1
CUST_10542,Bangalore South,12-3,Thursday,4.75,2,0
CUST_10543,Bangalore North,3-5,Friday,12.38,3,0
CUST_10544,Bangalore Central,12-3,Tuesday,10.55,2,0
CUST_10545,Bangalore Central,3-5,Thursday,11.97,2,0
CUST_10546,Bangalore East,10-12,Friday,7.61,1,0
CUST_10547,Bangalore North,12-3,Friday,13.69,3,1
CUST_10548,Bangalore South,12-3,Friday,2.64,1,1
CUST_10549,Bangalore South,10-12,Friday,3.24,2,0
CUST_10550,Bangalore North,12-3,Monday,6.65,3,1
CUST_10551,Bangalore South,10-12,Friday,8.06,2,0
CUST_10552,Bangalore East,3-5,Friday,8.41,2,1
CUST_10553,Bangalore Central,12-3,Thursday,1.78,2,1
CUST_10554,Bangalore Central,3-5,Thursday,2.85,2,0
CUST_10555,Bangalore East,3-5,Monday,13.18,1,1
CUST_10556,Bangalore North,12-3,Friday,14.39,2,1
CUST_10557,Bangalore North,10-12,Monday,7.14,2,1
CUST_10558,Bangalore Central,3-5,Wednesday,9.17,1,0
CUST_10559,Bangalore Central,3-5,Thursday,9.88,3,0
CUST_10560,Bangalore East,3-5,Friday,11.07,2,1
CUST_10561,Bangalore North,3-5,Wednesday,1.93,2,0
CUST_10562,Bangalore Central,3-5,Wednesday,6.74,2,0
CUST_10563,Bangalore Central,10-12,Thursday,11.94,2,1
CUST_10564,Bangalore North,12-3,Wednesday,12.91,2,1
CUST_10565,Bangalore Central,12-3,Wednesday,12.55,2,0
CUST_10566,Bangalore East,12-3,Monday,9.44,1,1
CUST_10567,Bangalore Central,12-3,Monday,7.87,2,0
CUST_10568,Bangalore East,10-12,Wednesday,3.0,2,0
CUST_10569,Bangalore North,3-5,Tuesday,13.49,3,1
CUST_10570,Bangalore South,10-12,Thursday,14.31,2,0
CUST_10571,Bangalore Central,12-3,Thursday,9.07,2,0
CUST_10572,Bangalore Central,10-12,Monday,9.91,2,0
CUST_10573,Bangalore North,3-5,Monday,6.57,3,1
CUST_10574,Bangalore East,3-5,Friday,7.49,1,0
CUST_10575,Bangalore South,10-12,Thursday,10.02,1,0
CUST_10576,Bangalore South,12-3,Friday,3.43,1,1
CUST_10577,Bangalore North,3-5,Thursday,11.95,3,1
CUST_10578,Bangalore North,12-3,Friday,10.97,2,1
CUST_10579,Bangalore South,10-12,Thursday,7.96,1,0
CUST_10580,Bangalore South,12-3,Friday,10.05,2,0
CUST_10581,Bangalore Central,12-3,Thursday,3.81,2,0
CUST_10582,Bangalore Central,10-12,Friday,10.27,2,1
CUST_10583,Bangalore North,3-5,Thursday,9.22,3,0
CUST_10584,Bangalore South,12-3,Monday,1.69,2,1
CUST_10585,Bangalore Central,12-3,Wednesday,10.75,1,1
CUST_10586,Bangalore Central,3-5,Wednesday,11.16,2,1
CUST_10587,Bangalore Central,12-3,Tuesday,11.84,2,1
CUST_10588,Bangalore South,3-5,Tuesday,5.75,2,1
CUST_10589,Bangalore East,10-12,Friday,14.86,2,0
CUST_10590,Bangalore Central,12-3,Monday,11.94,2,1
CUST_10591,Bangalore Central,3-5,Friday,13.66,2,0
CUST_10592,Bangalore Central,10-12,Tuesday,6.94,1,1
CUST_10593,Bangalore Central,10-12,Monday,10.69,1,0
CUST_10594,Bangalore Central,3-5,Tuesday,11.13,2,0
CUST_10595,Bangalore Central,3-5,Wednesday,14.83,2,1
CUST_10596,Bangalore Central,10-12,Monday,11.63,3,1
CUST_10597,Bangalore South,12-3,Monday,13.23,2,1
CUST_10598,Bangalore Central,12-3,Tuesday,2.83,1,0
CUST_10599,Bangalore North,3-5,Friday,12.18,1,1
CUST_10600,Bangalore Central,10-12,Wednesday,9.63,3,1
CUST_10601,Bangalore Central,3-5,Tuesday,1.0,3,1
CUST_10602,Bangalore East,12-3,Thursday,8.99,1,0
CUST_10603,Bangalore North,3-5,Tuesday,9.23,2,0
CUST_10604,Bangalore Central,10-12,Friday,8.7,2,0
CUST_10605,Bangalore Central,3-5,Thursday,14.31,1,0
CUST_10606,Bangalore East,3-5,Thursday,2.31,1,1
CUST_10607,Bangalore North,3-5,Monday,5.93,1,1
CUST_10608,Bangalore South,3-5,Friday,14.52,2,0
CUST_10609,Bangalore North,10-12,Tuesday,9.32,1,1
CUST_10610,Bangalore South,3-5,Wednesday,10.89,1,1
CUST_10611,Bangalore North,10-12,Tuesday,13.98,1,0
CUST_10612,Bangalore South,10-12,Tuesday,8.83,1,1
CUST_10613,Bangalore East,12-3,Thursday,7.21,1,0
CUST_10614,Bangalore North,3-5,Thursday,8.14,3,0
CUST_10615,Bangalore South,10-12,Tuesday,10.6,2,0
CUST_10616,Bangalore Central,10-12,Monday,2.1,2,1
CUST_10617,Bangalore South,3-5,Wednesday,9.0,2,1
CUST_10618,Bangalore North,10-12,Friday,1.94,3,0
CUST_10619,Bangalore South,10-12,Wednesday,3.21,1,1
CUST_10620,Bangalore North,12-3,Thursday,5.7,2,0
CUST_10621,Bangalore South,12-3,Thursday,14.12,1,0
CUST_10622,Bangalore Central,12-3,Monday,2.28,2,0
CUST_10623,Bangalore East,12-3,Wednesday,9.65,3,0
CUST_10624,Bangalore South,12-3,Monday,10.92,3,1
CUST_10625,Bangalore Central,10-12,Monday,11.08,1,1
CUST_10626,Bangalore North,10-12,Monday,2.24,2,0
CUST_10627,Bangalore North,12-3,Tuesday,10.85,2,1
CUST_10628,Bangalore South,12-3,Wednesday,13.97,1,1
CUST_10629,Bangalore South,3-5,Tuesday,9.34,2,1
CUST_10630,Bangalore North,12-3,Friday,2.02,3,1
CUST_10631,Bangalore South,12-3,Wednesday,11.22,1,1
CUST_10632,Bangalore North,12-3,Thursday,2.94,1,1
CUST_10633,Bangalore North,10-12,Friday,12.18,1,1
CUST_10634,Bangalore Central,3-5,Thursday,5.68,2,1
CUST_10635,Bangalore East,12-3,Wednesday,12.61,2,0
CUST_10636,Bangalore East,3-5,Monday,3.33,1,1
CUST_10637,Bangalore North,3-5,Thursday,13.64,3,0
CUST_10638,Bangalore East,3-5,Friday,6.59,2,1
CUST_10639,Bangalore Central,10-12,Friday,7.73,2,0
CUST_10640,Bangalore East,12-3,Thursday,1.07,3,0
CUST_10641,Bangalore East,12-3,Monday,12.05,1,0
CUST_10642,Bangalore Central,3-5,Thursday,8.06,1,0
CUST_10643,Bangalore East,10-12,Tuesday,13.34,1,1
CUST_10644,Bangalore East,10-12,Wednesday,13.94,1,1
CUST_10645,Bangalore North,12-3,Friday,12.33,2,1
CUST_10646,Bangalore Central,12-3,Tuesday,14.2,1,1
CUST_10647,Bangalore South,10-12,Tuesday,12.21,2,1
CUST_10648,Bangalore Central,10-12,Thursday,14.69,2,1
CUST_10649,Bangalore East,10-12,Thursday,7.92,1,1
CUST_10650,Bangalore North,3-5,Thursday,9.49,1,0
CUST_10651,Bangalore North,3-5,Thursday,5.6,3,0
CUST_10652,Bangalore East,10-12,Monday,8.49,3,0
CUST_10653,Bangalore South,10-12,Monday,1.7,2,0
CUST_10654,Bangalore East,12-3,Friday,3.84,1,0
CUST_10655,Bangalore South,12-3,Thursday,4.99,2,1
CUST_10656,Bangalore Central,12-3,Monday,7.61,2,0
CUST_10657,Bangalore Central,3-5,Friday,5.83,3,1
CUST_10658,Bangalore Central,3-5,Wednesday,9.37,2,1
CUST_10659,Bangalore South,10-12,Monday,6.8,2,1
CUST_10660,Bangalore South,3-5,Thursday,13.62,2,1
CUST_10661,Bangalore North,3-5,Wednesday,8.37,1,1
CUST_10662,Bangalore South,12-3,Tuesday,2.77,2,1
CUST_10663,Bangalore North,12-3,Wednesday,10.52,1,0
CUST_10664,Bangalore South,12-3,Thursday,5.01,3,1
CUST_10665,Bangalore Central,12-3,Friday,1.96,1,1
CUST_10666,Bangalore North,3-5,Tuesday,9.6,2,0
CUST_10667,Bangalore Central,12-3,Friday,5.11,2,0
CUST_10668,Bangalore East,10-12,Thursday,12.27,2,1
CUST_10669,Bangalore East,10-12,Wednesday,5.79,3,0
CUST_10670,Bangalore Central,3-5,Friday,14.83,2,0
CUST_10671,Bangalore Central,10-12,Tuesday,10.77,2,1
CUST_10672,Bangalore Central,12-3,Thursday,1.46,2,0
CUST_10673,Bangalore North,12-3,Monday,7.13,3,0
CUST_10674,Bangalore Central,10-12,Wednesday,5.6,2,0
CUST_10675,Bangalore East,10-12,Monday,2.15,1,0
CUST_10676,Bangalore North,12-3,Friday,5.59,3,1
CUST_10677,Bangalore South,12-3,Wednesday,10.76,2,1
CUST_10678,Bangalore East,12-3,Tuesday,6.96,2,1
CUST_10679,Bangalore Central,10-12,Monday,9.43,1,0
CUST_10680,Bangalore Central,10-12,Monday,13.98,2,1
CUST_10681,Bangalore North,3-5,Friday,7.24,1,0
CUST_10682,Bangalore East,10-12,Wednesday,8.93,1,1
CUST_10683,Bangalore Central,12-3,Wednesday,13.08,2,1
CUST_10684,Bangalore South,12-3,Thursday,8.01,2,1
CUST_10685,Bangalore North,3-5,Monday,8.35,1,0
CUST_10686,Bangalore Central,10-12,Thursday,2.21,3,1
CUST_10687,Bangalore Central,12-3,Monday,14.27,2,0
CUST_10688,Bangalore South,3-5,Monday,7.6,1,1
CUST_10689,Bangalore North,3-5,Thursday,11.12,3,0
CUST_10690,Bangalore Central,10-12,Thursday,2.76,2,0
CUST_10691,Bangalore South,12-3,Thursday,9.72,1,0
CUST_10692,Bangalore Central,3-5,Monday,2.56,1,1
CUST_10693,Bangalore Central,12-3,Thursday,10.5,2,1
CUST_10694,Bangalore Central,12-3,Friday,7.4,2,0
CUST_10695,Bangalore Central,3-5,Wednesday,4.7,2,1
CUST_10696,Bangalore North,10-12,Wednesday,1.6,2,1
CUST_10697,Bangalore South,10-12,Monday,4.49,1,0
CUST_10698,Bangalore East,10-12,Thursday,13.49,2,1
CUST_10699,Bangalore East,12-3,Tuesday,12.93,3,0
CUST_10700,Bangalore South,3-5,Monday,12.9,1,1
CUST_10701,Bangalore South,3-5,Tuesday,2.07,2,0
CUST_10702,Bangalore East,3-5,Friday,10.29,2,0
CUST_10703,Bangalore North,10-12,Tuesday,14.5,1,1
CUST_10704,Bangalore South,12-3,Monday,2.17,2,0
CUST_10705,Bangalore East,3-5,Wednesday,14.89,2,1
CUST_10706,Bangalore East,12-3,Friday,7.35,1,1
CUST_10707,Bangalore Central,3-5,Thursday,6.43,2,1
CUST_10708,Bangalore East,10-12,Wednesday,3.3,2,1
CUST_10709,Bangalore South,12-3,Friday,10.24,2,1
CUST_10710,Bangalore South,3-5,Thursday,5.52,2,1
CUST_10711,Bangalore East,12-3,Wednesday,4.08,1,0
CUST_10712,Bangalore North,3-5,Monday,12.92,1,1
CUST_10713,Bangalore North,3-5,Monday,5.11,2,1
CUST_10714,Bangalore East,3-5,Thursday,13.83,2,1
CUST_10715,Bangalore Central,10-12,Wednesday,3.33,1,1
CUST_10716,Bangalore North,10-12,Tuesday,1.58,2,1
CUST_10717,Bangalore Central,3-5,Thursday,2.06,2,1
CUST_10718,Bangalore East,3-5,Tuesday,13.58,3,0
CUST_10719,Bangalore South,12-3,Thursday,10.54,2,1
CUST_10720,Bangalore Central,3-5,Thursday,8.34,3,0
CUST_10721,Bangalore East,12-3,Tuesday,12.85,2,0
CUST_10722,Bangalore East,3-5,Monday,7.51,3,0
CUST_10723,Bangalore Central,12-3,Tuesday,9.3,2,0
CUST_10724,Bangalore East,3-5,Wednesday,14.2,2,1
CUST_10725,Bangalore Central,12-3,Tuesday,11.62,2,0
CUST_10726,Bangalore East,12-3,Monday,7.97,2,0
CUST_10727,Bangalore North,3-5,Wednesday,14.74,2,1
CUST_10728,Bangalore South,12-3,Friday,3.93,1,0
CUST_10729,Bangalore East,12-3,Tuesday,12.42,2,1
CUST_10730,Bangalore North,12-3,Thursday,4.53,2,1
CUST_10731,Bangalore Central,12-3,Wednesday,3.16,3,0
CUST_10732,Bangalore East,12-3,Friday,10.75,3,1
CUST_10733,Bangalore South,10-12,Tuesday,2.95,1,0
CUST_10734,Bangalore North,3-5,Monday,9.11,1,0
CUST_10735,Bangalore South,12-3,Tuesday,3.29,2,1
CUST_10736,Bangalore South,12-3,Friday,1.9,3,0
CUST_10737,Bangalore South,10-12,Monday,11.88,1,0
CUST_10738,Bangalore South,10-12,Friday,9.73,3,1
CUST_10739,Bangalore Central,3-5,Monday,6.78,2,0
CUST_10740,Bangalore North,12-3,Friday,5.35,2,0
CUST_10741,Bangalore North,10-12,Wednesday,2.73,3,1
CUST_10742,Bangalore East,10-12,Thursday,6.98,2,1
CUST_10743,Bangalore Central,3-5,Monday,3.43,1,1
CUST_10744,Bangalore East,3-5,Tuesday,9.79,3,0
CUST_10745,Bangalore East,12-3,Tuesday,13.76,2,0
CUST_10746,Bangalore East,10-12,Thursday,10.0,2,1
CUST_10747,Bangalore East,12-3,Thursday,13.98,1,0
CUST_10748,Bangalore South,12-3,Tuesday,2.06,2,1
CUST_10749,Bangalore Central,10-12,Friday,14.13,2,1
CUST_10750,Bangalore South,12-3,Tuesday,1.5,1,0
CUST_10751,Bangalore North,12-3,Tuesday,7.42,1,1
CUST_10752,Bangalore Central,12-3,Tuesday,1.43,3,0
CUST_10753,Bangalore East,10-12,Friday,11.34,2,1
CUST_10754,Bangalore North,10-12,Friday,8.39,2,1
CUST_10755,Bangalore Central,3-5,Wednesday,2.72,1,0
CUST_10756,Bangalore Central,3-5,Wednesday,8.45,3,0
CUST_10757,Bangalore East,10-12,Tuesday,12.69,1,0
CUST_10758,Bangalore South,12-3,Friday,7.61,1,0
CUST_10759,Bangalore South,3-5,Tuesday,14.33,1,1
CUST_10760,Bangalore Central,12-3,Friday,11.7,2,0
CUST_10761,Bangalore East,12-3,Monday,9.24,1,0
CUST_10762,Bangalore South,3-5,Monday,9.95,2,0
CUST_10763,Bangalore South,12-3,Friday,14.96,2,0
CUST_10764,Bangalore East,12-3,Thursday,12.23,2,0
CUST_10765,Bangalore South,12-3,Monday,9.03,3,0
CUST_10766,Bangalore East,10-12,Monday,6.28,1,1
CUST_10767,Bangalore East,3-5,Thursday,10.86,2,0
CUST_10768,Bangalore Central,12-3,Tuesday,7.66,3,1
CUST_10769,Bangalore Central,10-12,Thursday,14.44,2,0
CUST_10770,Bangalore South,3-5,Thursday,9.1,1,0
CUST_10771,Bangalore Central,3-5,Thursday,7.49,2,0
CUST_10772,Bangalore Central,12-3,Thursday,9.06,2,0
CUST_10773,Bangalore Central,3-5,Friday,13.86,2,1
CUST_10774,Bangalore North,3-5,Friday,10.33,2,0
CUST_10775,Bangalore South,3-5,Friday,13.31,3,0
CUST_10776,Bangalore South,3-5,Wednesday,4.61,2,0
CUST_10777,Bangalore East,12-3,Thursday,11.65,2,0
CUST_10778,Bangalore North,3-5,Friday,13.73,1,0
CUST_10779,Bangalore Central,12-3,Friday,4.19,1,1
CUST_10780,Bangalore North,12-3,Tuesday,4.01,2,0
CUST_10781,Bangalore North,12-3,Wednesday,2.04,2,0
CUST_10782,Bangalore East,10-12,Thursday,10.42,1,1
CUST_10783,Bangalore Central,10-12,Monday,3.08,2,1
CUST_10784,Bangalore North,10-12,Wednesday,5.84,1,1
CUST_10785,Bangalore Central,3-5,Friday,12.65,1,0
CUST_10786,Bangalore South,10-12,Wednesday,9.83,2,0
CUST_10787,Bangalore North,3-5,Monday,11.72,2,1
CUST_10788,Bangalore Central,12-3,Wednesday,14.79,2,0
CUST_10789,Bangalore Central,10-12,Friday,2.94,2,1
CUST_10790,Bangalore Central,12-3,Wednesday,7.87,2,0
CUST_10791,Bangalore Central,3-5,Tuesday,6.6,1,0
CUST_10792,Bangalore East,12-3,Thursday,2.85,2,1
CUST_10793,Bangalore East,12-3,Friday,9.99,1,0
CUST_10794,Bangalore East,10-12,Friday,11.37,2,1
CUST_10795,Bangalore East,10-12,Wednesday,3.39,1,1
CUST_10796,Bangalore North,12-3,Monday,13.62,2,1
CUST_10797,Bangalore East,12-3,Tuesday,13.18,1,1
CUST_10798,Bangalore Central,10-12,Wednesday,2.85,2,1
CUST_10799,Bangalore South,3-5,Tuesday,8.19,2,0
CUST_10800,Bangalore North,3-5,Monday,5.98,1,0
CUST_10801,Bangalore East,10-12,Monday,8.43,2,1
CUST_10802,Bangalore East,12-3,Thursday,12.5,1,1
CUST_10803,Bangalore East,3-5,Wednesday,8.72,2,1
CUST_10804,Bangalore East,12-3,Tuesday,7.2,2,0
CUST_10805,Bangalore North,12-3,Tuesday,3.34,1,0
CUST_10806,Bangalore South,10-12,Tuesday,9.07,1,0
CUST_10807,Bangalore South,12-3,Thursday,7.54,1,0
CUST_10808,Bangalore East,10-12,Thursday,8.59,1,0
CUST_10809,Bangalore South,3-5,Thursday,8.66,2,1
CUST_10810,Bangalore East,10-12,Thursday,10.3,3,0
CUST_10811,Bangalore Central,3-5,Wednesday,12.6,3,0
CUST_10812,Bangalore South,12-3,Friday,4.3,2,0
CUST_10813,Bangalore South,12-3,Monday,13.79,2,1
CUST_10814,Bangalore South,10-12,Tuesday,13.78,1,0
CUST_10815,Bangalore North,3-5,Friday,1.71,3,0
CUST_10816,Bangalore South,12-3,Monday,5.43,3,0
CUST_10817,Bangalore Central,12-3,Thursday,4.86,2,0
CUST_10818,Bangalore North,12-3,Tuesday,12.19,3,1
CUST_10819,Bangalore North,10-12,Thursday,14.86,2,0
CUST_10820,Bangalore South,10-12,Tuesday,9.09,2,0
CUST_10821,Bangalore North,12-3,Tuesday,4.39,1,1
CUST_10822,Bangalore North,12-3,Monday,9.78,2,1
CUST_10823,Bangalore East,12-3,Tuesday,6.91,2,0
CUST_10824,Bangalore South,3-5,Monday,1.99,1,0
CUST_10825,Bangalore North,12-3,Friday,10.05,3,1
CUST_10826,Bangalore North,12-3,Tuesday,11.1,2,1
CUST_10827,Bangalore North,3-5,Friday,13.29,1,0
CUST_10828,Bangalore North,12-3,Wednesday,11.42,2,0
CUST_10829,Bangalore Central,10-12,Friday,11.39,2,1
CUST_10830,Bangalore South,3-5,Monday,12.94,3,0
CUST_10831,Bangalore South,10-12,Wednesday,14.54,3,1
CUST_10832,Bangalore South,10-12,Friday,11.57,1,1
CUST_10833,Bangalore Central,10-12,Tuesday,14.33,2,1
CUST_10834,Bangalore East,12-3,Monday,8.68,2,1
CUST_10835,Bangalore Central,10-12,Friday,12.07,3,1
CUST_10836,Bangalore South,12-3,Tuesday,7.81,1,1
CUST_10837,Bangalore North,12-3,Friday,13.28,3,0
CUST_10838,Bangalore North,3-5,Wednesday,7.72,1,0
CUST_10839,Bangalore East,10-12,Wednesday,6.6,2,1
CUST_10840,Bangalore North,10-12,Friday,5.86,1,1
CUST_10841,Bangalore North,12-3,Friday,2.07,2,1
CUST_10842,Bangalore Central,12-3,Wednesday,2.87,2,1
CUST_10843,Bangalore East,12-3,Monday,1.5,3,1
CUST_10844,Bangalore North,10-12,Friday,4.76,3,0
CUST_10845,Bangalore South,3-5,Tuesday,3.89,2,1
CUST_10846,Bangalore Central,12-3,Thursday,12.95,2,1
CUST_10847,Bangalore Central,3-5,Tuesday,11.78,2,0
CUST_10848,Bangalore Central,12-3,Tuesday,12.53,3,1
CUST_10849,Bangalore Central,10-12,Thursday,2.98,3,0
CUST_10850,Bangalore North,12-3,Friday,10.74,1,0
CUST_10851,Bangalore South,3-5,Tuesday,11.23,1,1
CUST_10852,Bangalore Central,10-12,Tuesday,9.82,3,1
CUST_10853,Bangalore South,12-3,Tuesday,4.3,2,1
CUST_10854,Bangalore North,10-12,Wednesday,4.99,2,1
CUST_10855,Bangalore East,10-12,Wednesday,11.65,2,0
CUST_10856,Bangalore East,3-5,Friday,5.33,2,1
CUST_10857,Bangalore East,12-3,Friday,7.33,1,0
CUST_10858,Bangalore East,10-12,Monday,4.9,2,1
CUST_10859,Bangalore East,3-5,Tuesday,12.85,2,0
CUST_10860,Bangalore North,10-12,Wednesday,1.17,2,1
CUST_10861,Bangalore South,12-3,Friday,4.12,2,1
CUST_10862,Bangalore Central,10-12,Friday,14.06,3,0
CUST_10863,Bangalore Central,10-12,Monday,4.33,2,0
CUST_10864,Bangalore East,3-5,Wednesday,5.56,3,0
CUST_10865,Bangalore South,12-3,Thursday,9.19,1,0
CUST_10866,Bangalore South,10-12,Thursday,4.51,3,1
CUST_10867,Bangalore North,10-12,Tuesday,1.35,2,0
CUST_10868,Bangalore North,10-12,Thursday,9.36,3,0
CUST_10869,Bangalore Central,3-5,Wednesday,14.19,2,1
CUST_10870,Bangalore Central,10-12,Friday,3.89,1,1
CUST_10871,Bangalore South,10-12,Wednesday,14.31,2,0
CUST_10872,Bangalore South,3-5,Tuesday,7.34,3,1
CUST_10873,Bangalore East,10-12,Wednesday,5.21,2,0
CUST_10874,Bangalore East,10-12,Friday,13.45,2,1
CUST_10875,Bangalore Central,12-3,Wednesday,7.6,2,0
CUST_10876,Bangalore South,3-5,Monday,9.2,3,1
CUST_10877,Bangalore East,3-5,Tuesday,12.11,2,1
CUST_10878,Bangalore South,10-12,Wednesday,9.31,2,0
CUST_10879,Bangalore South,12-3,Tuesday,6.75,2,0
CUST_10880,Bangalore South,3-5,Friday,1.82,1,1
CUST_10881,Bangalore South,10-12,Tuesday,9.83,1,1
CUST_10882,Bangalore Central,10-12,Wednesday,4.27,1,0
CUST_10883,Bangalore Central,12-3,Friday,3.78,1,0
CUST_10884,Bangalore Central,12-3,Monday,1.23,1,1
CUST_10885,Bangalore Central,12-3,Friday,1.26,3,0
CUST_10886,Bangalore Central,10-12,Tuesday,7.26,2,1
CUST_10887,Bangalore South,10-12,Friday,12.8,1,1
CUST_10888,Bangalore North,12-3,Monday,12.11,2,0
CUST_10889,Bangalore East,10-12,Tuesday,12.34,2,1
CUST_10890,Bangalore East,10-12,Wednesday,4.87,1,0
CUST_10891,Bangalore North,10-12,Thursday,5.3,3,0
CUST_10892,Bangalore South,10-12,Wednesday,1.28,1,0
CUST_10893,Bangalore Central,10-12,Tuesday,6.67,2,0
CUST_10894,Bangalore South,3-5,Friday,4.81,2,0
CUST_10895,Bangalore North,12-3,Monday,13.16,1,0
CUST_10896,Bangalore North,3-5,Tuesday,11.68,2,0
CUST_10897,Bangalore South,10-12,Wednesday,6.55,2,1
CUST_10898,Bangalore Central,12-3,Monday,5.61,3,1
CUST_10899,Bangalore South,12-3,Wednesday,13.6,1,0
CUST_10900,Bangalore East,3-5,Friday,3.53,2,1
CUST_10901,Bangalore East,3-5,Friday,14.54,3,0
CUST_10902,Bangalore South,12-3,Tuesday,13.64,2,1
CUST_10903,Bangalore North,10-12,Friday,12.94,2,0
CUST_10904,Bangalore East,10-12,Monday,8.72,3,0
CUST_10905,Bangalore North,12-3,Monday,4.96,1,1
CUST_10906,Bangalore Central,3-5,Monday,6.11,2,0
CUST_10907,Bangalore Central,10-12,Friday,3.96,1,0
CUST_10908,Bangalore East,3-5,Thursday,10.46,3,0
CUST_10909,Bangalore East,3-5,Friday,9.09,1,0
CUST_10910,Bangalore North,3-5,Monday,6.98,1,1
CUST_10911,Bangalore Central,3-5,Tuesday,11.27,3,1
CUST_10912,Bangalore East,10-12,Tuesday,14.14,1,1
CUST_10913,Bangalore Central,3-5,Monday,9.55,2,0
CUST_10914,Bangalore South,3-5,Tuesday,3.32,2,0
CUST_10915,Bangalore East,3-5,Wednesday,2.67,1,0
CUST_10916,Bangalore Central,12-3,Wednesday,11.1,2,1
CUST_10917,Bangalore Central,10-12,Friday,9.12,1,0
CUST_10918,Bangalore North,12-3,Tuesday,10.69,3,1
CUST_10919,Bangalore South,3-5,Thursday,4.49,1,1
CUST_10920,Bangalore North,10-12,Thursday,1.64,2,0
CUST_10921,Bangalore South,12-3,Monday,7.15,1,1
CUST_10922,Bangalore East,12-3,Monday,14.72,2,1
CUST_10923,Bangalore East,3-5,Wednesday,8.8,2,1
CUST_10924,Bangalore Central,10-12,Friday,12.87,2,1
CUST_10925,Bangalore South,10-12,Monday,1.81,2,1
CUST_10926,Bangalore South,3-5,Friday,11.34,3,1
CUST_10927,Bangalore East,3-5,Thursday,3.09,1,1
CUST_10928,Bangalore South,12-3,Friday,11.98,1,0
CUST_10929,Bangalore Central,10-12,Thursday,11.21,3,1
CUST_10930,Bangalore Central,10-12,Wednesday,1.19,1,1
CUST_10931,Bangalore East,10-12,Monday,6.25,1,1
CUST_10932,Bangalore North,10-12,Wednesday,7.85,2,0
CUST_10933,Bangalore North,3-5,Monday,4.28,2,0
CUST_10934,Bangalore South,3-5,Thursday,8.77,1,1
CUST_10935,Bangalore Central,10-12,Wednesday,6.27,2,0
CUST_10936,Bangalore South,10-12,Thursday,13.13,2,0
CUST_10937,Bangalore North,12-3,Tuesday,1.33,1,1
CUST_10938,Bangalore South,12-3,Tuesday,7.38,2,0
CUST_10939,Bangalore East,10-12,Thursday,11.17,2,1
CUST_10940,Bangalore East,3-5,Tuesday,4.72,2,0
CUST_10941,Bangalore North,10-12,Thursday,13.17,3,0
CUST_10942,Bangalore East,12-3,Thursday,4.31,3,0
CUST_10943,Bangalore North,12-3,Tuesday,3.9,1,0
CUST_10944,Bangalore East,3-5,Thursday,13.85,2,0
CUST_10945,Bangalore North,12-3,Wednesday,8.89,1,1
CUST_10946,Bangalore North,10-12,Wednesday,9.99,1,1
CUST_10947,Bangalore North,3-5,Wednesday,1.06,2,1
CUST_10948,Bangalore South,10-12,Tuesday,10.78,1,1
CUST_10949,Bangalore South,12-3,Tuesday,12.29,3,0
CUST_10950,Bangalore South,3-5,Friday,6.66,2,1
CUST_10951,Bangalore North,10-12,Tuesday,6.8,1,1
CUST_10952,Bangalore South,10-12,Thursday,2.36,2,1
CUST_10953,Bangalore East,3-5,Monday,9.8,1,0
CUST_10954,Bangalore Central,12-3,Thursday,4.02,2,1
CUST_10955,Bangalore East,12-3,Monday,3.45,2,1
CUST_10956,Bangalore South,10-12,Monday,2.69,2,1
CUST_10957,Bangalore East,10-12,Friday,8.95,1,0
CUST_10958,Bangalore North,10-12,Wednesday,14.19,2,0
CUST_10959,Bangalore South,10-12,Friday,11.75,1,0
CUST_10960,Bangalore South,3-5,Monday,5.33,2,0
CUST_10961,Bangalore Central,3-5,Friday,11.68,2,1
CUST_10962,Bangalore North,10-12,Monday,2.62,2,0
CUST_10963,Bangalore Central,12-3,Friday,11.39,3,0
CUST_10964,Bangalore North,3-5,Wednesday,7.5,2,1
CUST_10965,Bangalore Central,3-5,Friday,10.02,2,0
CUST_10966,Bangalore South,10-12,Thursday,3.35,3,1
CUST_10967,Bangalore North,3-5,Monday,10.66,2,1
CUST_10968,Bangalore East,3-5,Thursday,12.8,2,0
CUST_10969,Bangalore East,12-3,Friday,7.66,3,0
CUST_10970,Bangalore Central,3-5,Friday,9.11,3,1
CUST_10971,Bangalore Central,3-5,Tuesday,7.87,2,0
CUST_10972,Bangalore South,10-12,Thursday,12.83,2,1
CUST_10973,Bangalore Central,12-3,Friday,7.61,2,0
CUST_10974,Bangalore South,10-12,Friday,4.86,1,1
CUST_10975,Bangalore North,10-12,Wednesday,7.34,1,0
CUST_10976,Bangalore Central,10-12,Friday,10.55,3,1
CUST_10977,Bangalore South,12-3,Monday,8.31,2,0
CUST_10978,Bangalore East,12-3,Monday,8.2,1,0
CUST_10979,Bangalore East,10-12,Monday,13.39,2,1
CUST_10980,Bangalore North,10-12,Thursday,13.44,2,1
CUST_10981,Bangalore East,3-5,Wednesday,5.51,3,1
CUST_10982,Bangalore South,12-3,Wednesday,4.63,2,0
CUST_10983,Bangalore North,12-3,Wednesday,8.13,1,1
CUST_10984,Bangalore Central,3-5,Monday,13.66,2,0
CUST_10985,Bangalore North,3-5,Wednesday,7.5,2,0
CUST_10986,Bangalore Central,3-5,Friday,1.69,2,1
CUST_10987,Bangalore Central,12-3,Thursday,14.7,1,0
CUST_10988,Bangalore Central,3-5,Tuesday,4.74,1,1
CUST_10989,Bangalore East,12-3,Thursday,12.77,2,1
CUST_10990,Bangalore South,12-3,Friday,6.35,2,1
CUST_10991,Bangalore South,12-3,Friday,10.82,2,0
CUST_10992,Bangalore North,12-3,Tuesday,4.21,1,1
CUST_10993,Bangalore Central,10-12,Monday,7.9,3,1
CUST_10994,Bangalore North,3-5,Thursday,1.9,2,1
CUST_10995,Bangalore Central,3-5,Friday,9.9,2,1
CUST_10996,Bangalore Central,12-3,Monday,6.89,2,0
CUST_10997,Bangalore East,3-5,Wednesday,7.67,2,0
CUST_10998,Bangalore North,12-3,Wednesday,1.91,2,1
CUST_10999,Bangalore Central,3-5,Thursday,13.23,2,1
CUST_11000,Bangalore Central,3-5,Monday,7.62,2,1
CUST_11001,Bangalore North,3-5,Monday,8.59,1,0
CUST_11002,Bangalore Central,3-5,Monday,7.27,2,0
CUST_11003,Bangalore Central,12-3,Wednesday,2.47,1,1
CUST_11004,Bangalore East,12-3,Monday,11.46,2,1
CUST_11005,Bangalore East,12-3,Friday,5.13,2,0
CUST_11006,Bangalore East,10-12,Thursday,5.04,3,0
CUST_11007,Bangalore North,3-5,Thursday,10.12,2,1
CUST_11008,Bangalore North,12-3,Friday,5.99,2,1
CUST_11009,Bangalore South,12-3,Friday,5.3,1,0
CUST_11010,Bangalore South,3-5,Tuesday,11.79,1,0
CUST_11011,Bangalore South,10-12,Wednesday,13.99,2,1
CUST_11012,Bangalore South,3-5,Friday,1.02,2,1
CUST_11013,Bangalore North,12-3,Monday,6.77,3,1
CUST_11014,Bangalore North,3-5,Friday,7.28,3,0
CUST_11015,Bangalore North,3-5,Friday,9.32,2,0
CUST_11016,Bangalore Central,3-5,Friday,9.02,1,0
CUST_11017,Bangalore East,12-3,Tuesday,5.26,2,0
CUST_11018,Bangalore South,12-3,Thursday,12.67,2,0
CUST_11019,Bangalore South,3-5,Wednesday,4.26,1,1
CUST_11020,Bangalore North,3-5,Wednesday,2.26,1,0
CUST_11021,Bangalore Central,10-12,Tuesday,12.76,2,1
CUST_11022,Bangalore East,12-3,Wednesday,11.44,2,0
CUST_11023,Bangalore East,12-3,Thursday,2.09,3,0
CUST_11024,Bangalore South,3-5,Tuesday,7.86,3,0
CUST_11025,Bangalore South,12-3,Tuesday,3.34,1,1
CUST_11026,Bangalore South,12-3,Tuesday,12.62,1,0
CUST_11027,Bangalore South,3-5,Monday,14.91,3,1
CUST_11028,Bangalore East,3-5,Wednesday,4.59,3,1
CUST_11029,Bangalore North,12-3,Wednesday,2.15,3,1
CUST_11030,Bangalore East,10-12,Friday,7.52,1,0
CUST_11031,Bangalore South,12-3,Monday,10.11,3,1
CUST_11032,Bangalore East,10-12,Friday,8.97,3,0
CUST_11033,Bangalore Central,3-5,Monday,3.27,1,1
CUST_11034,Bangalore North,12-3,Monday,9.15,2,1
CUST_11035,Bangalore South,12-3,Tuesday,11.69,2,0
CUST_11036,Bangalore North,12-3,Thursday,9.65,3,0
CUST_11037,Bangalore Central,12-3,Tuesday,4.24,1,0
CUST_11038,Bangalore North,12-3,Thursday,2.63,2,0
CUST_11039,Bangalore North,10-12,Friday,3.16,2,0
CUST_11040,Bangalore East,3-5,Friday,14.32,2,0
CUST_11041,Bangalore Central,12-3,Thursday,2.2,1,1
CUST_11042,Bangalore South,10-12,Wednesday,1.24,2,1
CUST_11043,Bangalore North,10-12,Tuesday,4.28,3,1
CUST_11044,Bangalore North,12-3,Wednesday,3.99,2,0
CUST_11045,Bangalore Central,3-5,Wednesday,8.65,3,1
CUST_11046,Bangalore East,10-12,Tuesday,11.12,2,0
CUST_11047,Bangalore Central,12-3,Wednesday,9.53,1,1
CUST_11048,Bangalore South,10-12,Monday,2.9,2,1
CUST_11049,Bangalore Central,10-12,Thursday,5.89,2,1
CUST_11050,Bangalore North,10-12,Thursday,9.64,2,0
CUST_11051,Bangalore East,3-5,Friday,9.14,2,0
CUST_11052,Bangalore East,12-3,Tuesday,12.24,2,0
CUST_11053,Bangalore Central,12-3,Friday,14.0,2,1
CUST_11054,Bangalore Central,12-3,Monday,11.81,2,0
CUST_11055,Bangalore North,3-5,Friday,5.32,2,0
CUST_11056,Bangalore South,10-12,Friday,13.99,1,1
CUST_11057,Bangalore Central,3-5,Monday,3.69,2,0
CUST_11058,Bangalore North,3-5,Wednesday,3.92,2,1
CUST_11059,Bangalore North,12-3,Monday,10.53,2,0
CUST_11060,Bangalore North,12-3,Thursday,10.23,2,0
CUST_11061,Bangalore East,12-3,Tuesday,9.88,2,1
CUST_11062,Bangalore Central,12-3,Thursday,4.07,1,0
CUST_11063,Bangalore East,12-3,Tuesday,13.37,2,0
CUST_11064,Bangalore East,3-5,Thursday,7.16,1,0
CUST_11065,Bangalore North,3-5,Monday,3.33,3,1
CUST_11066,Bangalore Central,3-5,Monday,12.26,1,1
CUST_11067,Bangalore Central,10-12,Monday,11.74,1,0
CUST_11068,Bangalore Central,12-3,Tuesday,5.85,3,0
CUST_11069,Bangalore Central,10-12,Wednesday,10.91,1,0
CUST_11070,Bangalore Central,3-5,Tuesday,7.68,2,0
CUST_11071,Bangalore South,3-5,Thursday,4.92,1,0
CUST_11072,Bangalore South,10-12,Monday,4.79,2,1
CUST_11073,Bangalore Central,3-5,Thursday,6.95,2,1
CUST_11074,Bangalore North,12-3,Monday,4.34,2,1
CUST_11075,Bangalore North,12-3,Thursday,5.36,2,1
CUST_11076,Bangalore North,3-5,Tuesday,8.86,3,1
CUST_11077,Bangalore South,12-3,Tuesday,8.13,1,1
CUST_11078,Bangalore East,10-12,Wednesday,1.15,3,0
CUST_11079,Bangalore East,12-3,Wednesday,12.21,3,0
CUST_11080,Bangalore North,12-3,Thursday,14.93,2,1
CUST_11081,Bangalore North,3-5,Friday,13.93,2,0
CUST_11082,Bangalore South,12-3,Monday,4.9,3,0
CUST_11083,Bangalore North,10-12,Wednesday,6.54,2,1
CUST_11084,Bangalore North,10-12,Monday,14.65,2,0
CUST_11085,Bangalore North,12-3,Wednesday,2.9,1,0
CUST_11086,Bangalore East,12-3,Monday,8.64,2,0
CUST_11087,Bangalore South,10-12,Friday,11.42,3,1
CUST_11088,Bangalore South,3-5,Friday,5.59,2,1
CUST_11089,Bangalore East,12-3,Friday,1.85,3,1
CUST_11090,Bangalore Central,10-12,Thursday,1.31,3,0
CUST_11091,Bangalore Central,12-3,Wednesday,3.2,2,1
CUST_11092,Bangalore East,12-3,Wednesday,7.2,3,1
CUST_11093,Bangalore Central,12-3,Thursday,14.86,3,0
CUST_11094,Bangalore East,3-5,Tuesday,12.59,2,0
CUST_11095,Bangalore Central,12-3,Monday,2.6,1,1
CUST_11096,Bangalore North,10-12,Thursday,7.05,1,0
CUST_11097,Bangalore East,10-12,Tuesday,11.86,1,0
CUST_11098,Bangalore East,10-12,Wednesday,14.86,3,1
CUST_11099,Bangalore East,12-3,Monday,8.38,3,1
CUST_11100,Bangalore South,3-5,Thursday,12.34,2,1
CUST_11101,Bangalore South,12-3,Monday,11.46,1,1
CUST_11102,Bangalore Central,3-5,Tuesday,14.23,2,0
CUST_11103,Bangalore North,10-12,Tuesday,10.74,2,0
CUST_11104,Bangalore North,12-3,Monday,8.16,3,1
CUST_11105,Bangalore North,10-12,Wednesday,4.3,2,1
CUST_11106,Bangalore East,12-3,Wednesday,13.03,1,1
CUST_11107,Bangalore North,12-3,Friday,7.88,2,1
CUST_11108,Bangalore South,10-12,Wednesday,13.4,2,0
CUST_11109,Bangalore Central,10-12,Friday,9.57,2,0
CUST_11110,Bangalore Central,12-3,Wednesday,4.03,1,1
CUST_11111,Bangalore Central,3-5,Monday,5.36,2,0
CUST_11112,Bangalore Central,3-5,Friday,1.4,2,1
CUST_11113,Bangalore Central,12-3,Wednesday,2.12,2,1
CUST_11114,Bangalore East,3-5,Thursday,12.04,1,1
CUST_11115,Bangalore North,12-3,Friday,14.37,1,1
CUST_11116,Bangalore North,10-12,Thursday,1.31,1,0
CUST_11117,Bangalore Central,12-3,Monday,7.06,3,0
CUST_11118,Bangalore East,3-5,Monday,6.84,1,1
CUST_11119,Bangalore Central,3-5,Monday,14.66,3,0
CUST_11120,Bangalore East,3-5,Wednesday,3.4,2,1
CUST_11121,Bangalore South,3-5,Thursday,2.58,2,1
CUST_11122,Bangalore Central,10-12,Wednesday,8.84,2,1
CUST_11123,Bangalore North,3-5,Thursday,13.33,2,1
CUST_11124,Bangalore North,3-5,Friday,11.78,1,1
CUST_11125,Bangalore North,3-5,Friday,9.35,1,0
CUST_11126,Bangalore Central,3-5,Wednesday,5.19,3,0
CUST_11127,Bangalore North,10-12,Monday,5.0,1,1
CUST_11128,Bangalore Central,10-12,Wednesday,13.99,2,1
CUST_11129,Bangalore East,10-12,Thursday,8.8,2,1
CUST_11130,Bangalore East,10-12,Tuesday,10.01,1,0
CUST_11131,Bangalore Central,12-3,Monday,3.79,2,0
CUST_11132,Bangalore South,3-5,Monday,6.66,3,1
CUST_11133,Bangalore Central,3-5,Monday,13.89,3,1
CUST_11134,Bangalore North,10-12,Monday,7.09,2,0
CUST_11135,Bangalore East,3-5,Wednesday,9.0,1,1
CUST_11136,Bangalore Central,3-5,Tuesday,13.49,1,0
CUST_11137,Bangalore East,10-12,Tuesday,14.7,1,1
CUST_11138,Bangalore North,10-12,Thursday,2.94,3,1
CUST_11139,Bangalore East,3-5,Thursday,13.14,2,1
CUST_11140,Bangalore South,12-3,Friday,8.74,1,1
CUST_11141,Bangalore Central,12-3,Monday,2.63,2,1
CUST_11142,Bangalore Central,3-5,Thursday,4.08,1,1
CUST_11143,Bangalore Central,10-12,Friday,6.96,2,0
CUST_11144,Bangalore East,12-3,Thursday,6.8,1,1
CUST_11145,Bangalore South,10-12,Tuesday,7.75,2,0
CUST_11146,Bangalore Central,12-3,Wednesday,4.29,1,0
CUST_11147,Bangalore South,10-12,Wednesday,3.51,1,1
CUST_11148,Bangalore North,10-12,Wednesday,14.59,3,1
CUST_11149,Bangalore South,12-3,Friday,5.64,1,1
CUST_11150,Bangalore North,12-3,Thursday,11.53,2,1
CUST_11151,Bangalore North,10-12,Monday,4.41,2,1
CUST_11152,Bangalore South,3-5,Tuesday,2.73,1,1
CUST_11153,Bangalore Central,3-5,Monday,13.6,2,0
CUST_11154,Bangalore North,12-3,Wednesday,3.4,1,0
CUST_11155,Bangalore Central,10-12,Thursday,5.78,1,0
CUST_11156,Bangalore East,10-12,Monday,5.76,1,0
CUST_11157,Bangalore North,10-12,Thursday,6.89,1,1
CUST_11158,Bangalore Central,12-3,Wednesday,14.63,1,0
CUST_11159,Bangalore North,3-5,Wednesday,8.57,2,0
CUST_11160,Bangalore South,3-5,Tuesday,6.13,1,0
CUST_11161,Bangalore North,10-12,Friday,5.0,3,1
CUST_11162,Bangalore North,3-5,Friday,12.77,2,1
CUST_11163,Bangalore East,10-12,Monday,1.65,1,1
CUST_11164,Bangalore East,12-3,Friday,8.01,1,1
CUST_11165,Bangalore North,12-3,Monday,9.1,2,0
CUST_11166,Bangalore East,12-3,Monday,14.71,1,1
CUST_11167,Bangalore North,10-12,Wednesday,6.67,2,0
CUST_11168,Bangalore North,10-12,Monday,4.77,2,0
CUST_11169,Bangalore North,10-12,Thursday,1.53,3,1
CUST_11170,Bangalore Central,10-12,Thursday,10.43,2,1
CUST_11171,Bangalore North,3-5,Thursday,5.6,2,1
CUST_11172,Bangalore North,10-12,Tuesday,9.4,2,1
CUST_11173,Bangalore South,10-12,Thursday,1.84,2,0
CUST_11174,Bangalore East,12-3,Monday,4.24,2,0
CUST_11175,Bangalore Central,10-12,Monday,12.63,2,1
CUST_11176,Bangalore East,10-12,Thursday,3.29,2,1
CUST_11177,Bangalore South,3-5,Tuesday,9.21,1,1
CUST_11178,Bangalore South,3-5,Wednesday,5.93,3,0
CUST_11179,Bangalore Central,3-5,Thursday,6.97,2,0
CUST_11180,Bangalore East,12-3,Wednesday,14.45,2,1
CUST_11181,Bangalore North,12-3,Friday,13.3,1,0
CUST_11182,Bangalore South,10-12,Wednesday,13.89,1,0
CUST_11183,Bangalore Central,3-5,Friday,14.27,2,0
CUST_11184,Bangalore Central,10-12,Monday,8.81,3,1
CUST_11185,Bangalore South,3-5,Monday,5.47,2,0
CUST_11186,Bangalore East,10-12,Monday,1.84,2,0
CUST_11187,Bangalore East,12-3,Wednesday,1.21,2,1
CUST_11188,Bangalore Central,12-3,Monday,6.76,2,0
CUST_11189,Bangalore East,3-5,Monday,7.43,2,1
CUST_11190,Bangalore South,12-3,Monday,14.13,3,0
CUST_11191,Bangalore Central,3-5,Wednesday,9.73,1,0
CUST_11192,Bangalore North,10-12,Wednesday,2.64,1,0
CUST_11193,Bangalore Central,12-3,Friday,1.65,1,0
CUST_11194,Bangalore South,12-3,Friday,3.44,3,0
CUST_11195,Bangalore South,10-12,Friday,10.45,3,1
CUST_11196,Bangalore North,10-12,Monday,3.18,2,1
CUST_11197,Bangalore East,3-5,Friday,8.85,2,0
CUST_11198,Bangalore Central,10-12,Tuesday,11.39,3,1
CUST_11199,Bangalore South,12-3,Monday,13.97,2,1
CUST_11200,Bangalore South,10-12,Thursday,13.35,3,0
CUST_11201,Bangalore North,10-12,Thursday,13.56,2,0
CUST_11202,Bangalore Central,3-5,Monday,2.51,1,1
CUST_11203,Bangalore East,3-5,Wednesday,8.61,2,1
CUST_11204,Bangalore Central,3-5,Tuesday,3.78,2,0
CUST_11205,Bangalore East,10-12,Friday,9.54,2,0
CUST_11206,Bangalore East,12-3,Wednesday,7.12,2,0
CUST_11207,Bangalore East,12-3,Monday,6.69,3,1
CUST_11208,Bangalore South,10-12,Thursday,7.16,3,0
CUST_11209,Bangalore South,3-5,Monday,1.54,2,0
CUST_11210,Bangalore North,3-5,Monday,12.22,2,0
CUST_11211,Bangalore North,3-5,Friday,11.58,2,0
CUST_11212,Bangalore Central,12-3,Thursday,9.5,2,1
CUST_11213,Bangalore North,10-12,Monday,2.64,1,1
CUST_11214,Bangalore South,3-5,Tuesday,6.46,3,0
CUST_11215,Bangalore Central,12-3,Thursday,11.01,2,0
CUST_11216,Bangalore East,3-5,Thursday,11.85,2,0
CUST_11217,Bangalore North,3-5,Thursday,11.96,2,1
CUST_11218,Bangalore North,10-12,Friday,6.54,2,0
CUST_11219,Bangalore North,10-12,Thursday,9.16,1,0
CUST_11220,Bangalore East,3-5,Thursday,10.39,2,0
CUST_11221,Bangalore South,10-12,Tuesday,4.55,2,1
CUST_11222,Bangalore North,3-5,Wednesday,11.66,1,1
CUST_11223,Bangalore South,12-3,Friday,8.02,1,1
CUST_11224,Bangalore Central,12-3,Wednesday,5.56,1,0
CUST_11225,Bangalore East,3-5,Monday,11.16,3,1
CUST_11226,Bangalore Central,12-3,Thursday,9.48,2,1
CUST_11227,Bangalore East,12-3,Wednesday,9.27,2,1
CUST_11228,Bangalore Central,3-5,Wednesday,1.3,2,1
CUST_11229,Bangalore North,12-3,Monday,4.96,2,0
CUST_11230,Bangalore Central,10-12,Wednesday,2.02,3,1
CUST_11231,Bangalore East,12-3,Monday,4.07,2,0
CUST_11232,Bangalore North,10-12,Thursday,4.09,2,1
CUST_11233,Bangalore East,12-3,Wednesday,10.04,2,0
CUST_11234,Bangalore East,12-3,Monday,6.39,1,1
CUST_11235,Bangalore South,3-5,Wednesday,9.34,1,0
CUST_11236,Bangalore South,3-5,Wednesday,4.84,3,0
CUST_11237,Bangalore Central,10-12,Wednesday,13.13,1,0
CUST_11238,Bangalore Central,12-3,Monday,11.7,3,0
CUST_11239,Bangalore East,10-12,Thursday,4.21,2,0
CUST_11240,Bangalore North,3-5,Wednesday,8.62,2,0
CUST_11241,Bangalore South,3-5,Tuesday,3.49,3,0
CUST_11242,Bangalore East,3-5,Thursday,13.25,2,1
CUST_11243,Bangalore South,12-3,Thursday,1.31,3,0
CUST_11244,Bangalore Central,12-3,Monday,10.29,2,1
CUST_11245,Bangalore South,10-12,Friday,14.81,2,0
CUST_11246,Bangalore South,12-3,Wednesday,7.43,2,0
CUST_11247,Bangalore North,12-3,Tuesday,1.9,2,0
CUST_11248,Bangalore East,10-12,Wednesday,14.44,2,1
CUST_11249,Bangalore East,12-3,Wednesday,7.16,1,1
CUST_11250,Bangalore South,3-5,Friday,4.0,3,0
CUST_11251,Bangalore South,3-5,Monday,9.11,3,0
CUST_11252,Bangalore Central,10-12,Friday,14.2,1,1
CUST_11253,Bangalore North,10-12,Thursday,4.27,2,1
CUST_11254,Bangalore South,3-5,Thursday,6.27,1,1
CUST_11255,Bangalore North,10-12,Friday,7.18,1,0
CUST_11256,Bangalore East,10-12,Wednesday,6.73,2,1
CUST_11257,Bangalore South,12-3,Thursday,3.72,3,1
CUST_11258,Bangalore North,10-12,Wednesday,3.43,3,0
CUST_11259,Bangalore North,3-5,Tuesday,10.13,2,0
CUST_11260,Bangalore South,12-3,Thursday,3.31,2,0
CUST_11261,Bangalore Central,12-3,Wednesday,1.54,1,0
CUST_11262,Bangalore North,10-12,Thursday,6.9,3,0
CUST_11263,Bangalore North,12-3,Thursday,4.57,3,1
CUST_11264,Bangalore Central,3-5,Thursday,5.66,2,0
CUST_11265,Bangalore East,10-12,Thursday,4.51,2,1
CUST_11266,Bangalore South,12-3,Wednesday,5.08,2,0
CUST_11267,Bangalore North,12-3,Wednesday,3.01,3,1
CUST_11268,Bangalore East,12-3,Friday,4.98,1,0
CUST_11269,Bangalore South,10-12,Friday,8.37,2,0
CUST_11270,Bangalore East,3-5,Thursday,9.56,3,0
CUST_11271,Bangalore South,3-5,Monday,8.92,1,1
CUST_11272,Bangalore North,10-12,Friday,3.17,2,0
CUST_11273,Bangalore South,3-5,Tuesday,9.43,3,1
CUST_11274,Bangalore North,10-12,Monday,10.53,1,0
CUST_11275,Bangalore South,12-3,Monday,4.37,1,1
CUST_11276,Bangalore Central,12-3,Monday,8.02,2,1
CUST_11277,Bangalore East,3-5,Friday,6.83,1,1
CUST_11278,Bangalore East,3-5,Thursday,2.64,1,0
CUST_11279,Bangalore South,3-5,Monday,14.27,2,0
CUST_11280,Bangalore Central,10-12,Tuesday,12.51,2,0
CUST_11281,Bangalore Central,12-3,Thursday,8.22,1,1
CUST_11282,Bangalore Central,3-5,Thursday,7.84,3,1
CUST_11283,Bangalore South,3-5,Monday,10.73,1,0
CUST_11284,Bangalore North,12-3,Tuesday,1.64,2,0
CUST_11285,Bangalore East,10-12,Thursday,3.69,2,0
CUST_11286,Bangalore South,10-12,Friday,1.33,1,1
CUST_11287,Bangalore South,10-12,Thursday,9.85,2,0
CUST_11288,Bangalore North,10-12,Monday,1.92,3,1
CUST_11289,Bangalore North,3-5,Monday,2.67,2,0
CUST_11290,Bangalore North,12-3,Thursday,1.56,2,0
CUST_11291,Bangalore North,3-5,Thursday,7.55,2,0
CUST_11292,Bangalore East,12-3,Wednesday,7.47,3,1
CUST_11293,Bangalore South,10-12,Thursday,4.59,2,1
CUST_11294,Bangalore South,12-3,Thursday,14.2,3,1
CUST_11295,Bangalore East,10-12,Thursday,8.18,2,0
CUST_11296,Bangalore North,10-12,Friday,7.7,2,0
CUST_11297,Bangalore Central,12-3,Friday,12.55,3,0
CUST_11298,Bangalore North,3-5,Thursday,4.95,3,0
CUST_11299,Bangalore North,12-3,Tuesday,9.08,2,0
CUST_11300,Bangalore East,10-12,Wednesday,4.77,2,0
CUST_11301,Bangalore North,12-3,Thursday,14.11,2,1
CUST_11302,Bangalore North,12-3,Monday,4.39,3,0
CUST_11303,Bangalore Central,3-5,Monday,3.54,1,0
CUST_11304,Bangalore Central,3-5,Tuesday,10.74,2,1
CUST_11305,Bangalore South,10-12,Wednesday,10.22,2,1
CUST_11306,Bangalore Central,3-5,Thursday,10.62,3,1
CUST_11307,Bangalore North,10-12,Monday,7.4,1,0
CUST_11308,Bangalore North,10-12,Monday,7.03,2,0
CUST_11309,Bangalore South,3-5,Wednesday,2.27,3,1
CUST_11310,Bangalore South,12-3,Thursday,2.32,1,0
CUST_11311,Bangalore North,10-12,Tuesday,14.23,2,0
CUST_11312,Bangalore South,10-12,Monday,4.82,2,1
CUST_11313,Bangalore South,12-3,Monday,10.92,2,1
CUST_11314,Bangalore Central,3-5,Monday,2.79,3,0
CUST_11315,Bangalore North,12-3,Wednesday,13.42,2,0
CUST_11316,Bangalore East,10-12,Tuesday,3.31,3,1
CUST_11317,Bangalore Central,10-12,Monday,9.97,3,0
CUST_11318,Bangalore East,10-12,Wednesday,3.43,2,0
CUST_11319,Bangalore South,3-5,Friday,2.71,1,0
CUST_11320,Bangalore Central,12-3,Tuesday,8.52,2,1
CUST_11321,Bangalore North,12-3,Friday,9.47,2,0
CUST_11322,Bangalore North,12-3,Monday,8.42,1,0
CUST_11323,Bangalore Central,3-5,Tuesday,9.93,2,1
CUST_11324,Bangalore Central,12-3,Wednesday,12.07,2,0
CUST_11325,Bangalore North,12-3,Thursday,1.19,1,1
CUST_11326,Bangalore Central,3-5,Monday,7.32,2,1
CUST_11327,Bangalore North,3-5,Monday,10.46,2,1
CUST_11328,Bangalore Central,12-3,Wednesday,4.31,2,1
CUST_11329,Bangalore Central,3-5,Wednesday,14.07,3,0
CUST_11330,Bangalore Central,10-12,Monday,8.92,3,0
CUST_11331,Bangalore North,3-5,Wednesday,10.5,1,1
CUST_11332,Bangalore East,3-5,Thursday,7.48,1,1
CUST_11333,Bangalore Central,12-3,Wednesday,14.22,2,0
CUST_11334,Bangalore Central,12-3,Wednesday,3.21,1,1
CUST_11335,Bangalore South,12-3,Friday,7.64,3,1
CUST_11336,Bangalore North,10-12,Tuesday,5.99,2,0
CUST_11337,Bangalore South,10-12,Tuesday,6.58,2,1
CUST_11338,Bangalore East,3-5,Monday,12.73,2,1
CUST_11339,Bangalore East,12-3,Thursday,3.59,2,0
CUST_11340,Bangalore Central,10-12,Thursday,13.89,1,0
CUST_11341,Bangalore East,10-12,Friday,12.68,2,1
CUST_11342,Bangalore Central,12-3,Monday,6.97,2,0
CUST_11343,Bangalore East,10-12,Thursday,4.84,1,0
CUST_11344,Bangalore North,12-3,Tuesday,11.26,3,1
CUST_11345,Bangalore North,10-12,Friday,14.04,3,1
CUST_11346,Bangalore Central,10-12,Monday,6.11,2,1
CUST_11347,Bangalore South,10-12,Friday,9.42,1,0
CUST_11348,Bangalore North,3-5,Thursday,6.81,1,1
CUST_11349,Bangalore South,3-5,Thursday,11.85,1,1
CUST_11350,Bangalore Central,3-5,Friday,14.72,1,1
CUST_11351,Bangalore South,12-3,Wednesday,2.99,3,0
CUST_11352,Bangalore Central,3-5,Wednesday,3.83,2,1
CUST_11353,Bangalore Central,10-12,Monday,1.49,2,1
CUST_11354,Bangalore East,12-3,Tuesday,2.43,2,1
CUST_11355,Bangalore Central,10-12,Thursday,9.13,1,1
CUST_11356,Bangalore East,12-3,Monday,3.02,3,0
CUST_11357,Bangalore Central,12-3,Wednesday,3.6,1,0
CUST_11358,Bangalore Central,10-12,Friday,9.38,1,1
CUST_11359,Bangalore Central,3-5,Friday,13.29,2,1
CUST_11360,Bangalore East,12-3,Wednesday,7.16,1,0
CUST_11361,Bangalore South,10-12,Monday,11.6,2,1
CUST_11362,Bangalore North,10-12,Wednesday,14.98,1,1
CUST_11363,Bangalore East,10-12,Thursday,5.08,2,1
CUST_11364,Bangalore South,12-3,Thursday,8.3,2,1
CUST_11365,Bangalore Central,12-3,Friday,10.77,3,0
CUST_11366,Bangalore North,10-12,Monday,9.21,1,0
CUST_11367,Bangalore Central,10-12,Wednesday,9.26,2,1
CUST_11368,Bangalore Central,3-5,Thursday,2.46,3,1
CUST_11369,Bangalore North,3-5,Thursday,6.96,1,1
CUST_11370,Bangalore South,3-5,Friday,10.63,2,0
CUST_11371,Bangalore South,3-5,Thursday,4.75,2,0
CUST_11372,Bangalore North,12-3,Tuesday,7.26,2,1
CUST_11373,Bangalore Central,12-3,Friday,3.61,1,1
CUST_11374,Bangalore South,3-5,Monday,5.95,2,1
CUST_11375,Bangalore North,3-5,Friday,8.39,3,1
CUST_11376,Bangalore South,3-5,Wednesday,11.12,3,1
CUST_11377,Bangalore South,10-12,Thursday,6.04,2,0
CUST_11378,Bangalore South,10-12,Wednesday,2.69,1,0
CUST_11379,Bangalore North,10-12,Monday,8.04,1,1
CUST_11380,Bangalore North,12-3,Thursday,3.76,3,1
CUST_11381,Bangalore East,3-5,Wednesday,1.88,3,0
CUST_11382,Bangalore South,12-3,Friday,4.63,2,1
CUST_11383,Bangalore East,3-5,Friday,2.23,3,1
CUST_11384,Bangalore Central,12-3,Friday,14.97,3,1
CUST_11385,Bangalore Central,12-3,Friday,11.09,2,0
CUST_11386,Bangalore East,10-12,Thursday,12.76,2,0
CUST_11387,Bangalore South,12-3,Tuesday,10.95,1,1
CUST_11388,Bangalore South,3-5,Monday,8.92,2,1
CUST_11389,Bangalore East,10-12,Friday,10.73,2,0
CUST_11390,Bangalore Central,10-12,Thursday,1.67,1,1
CUST_11391,Bangalore North,12-3,Friday,2.52,3,1
CUST_11392,Bangalore Central,12-3,Tuesday,11.13,3,1
CUST_11393,Bangalore Central,3-5,Monday,11.61,2,0
CUST_11394,Bangalore Central,12-3,Thursday,11.09,2,1
CUST_11395,Bangalore South,10-12,Wednesday,10.06,2,1
CUST_11396,Bangalore East,12-3,Wednesday,14.69,2,1
CUST_11397,Bangalore East,12-3,Tuesday,1.73,2,0
CUST_11398,Bangalore North,10-12,Friday,11.88,3,1
CUST_11399,Bangalore South,10-12,Thursday,3.6,2,1
CUST_11400,Bangalore North,10-12,Wednesday,3.58,3,0
CUST_11401,Bangalore East,10-12,Thursday,10.02,2,1
CUST_11402,Bangalore North,3-5,Monday,9.95,1,1
CUST_11403,Bangalore South,3-5,Wednesday,3.54,2,0
CUST_11404,Bangalore East,10-12,Thursday,2.0,1,0
CUST_11405,Bangalore Central,3-5,Friday,7.07,2,0
CUST_11406,Bangalore North,12-3,Tuesday,13.37,2,1
CUST_11407,Bangalore South,10-12,Monday,3.12,1,0
CUST_11408,Bangalore East,10-12,Tuesday,14.49,2,1
CUST_11409,Bangalore North,10-12,Monday,14.03,3,0
CUST_11410,Bangalore South,3-5,Wednesday,14.77,1,0
CUST_11411,Bangalore East,10-12,Monday,2.11,2,0
CUST_11412,Bangalore Central,10-12,Friday,6.19,1,0
CUST_11413,Bangalore North,3-5,Thursday,9.93,1,1
CUST_11414,Bangalore East,3-5,Thursday,2.86,2,0
CUST_11415,Bangalore North,3-5,Friday,3.49,1,1
CUST_11416,Bangalore North,3-5,Wednesday,1.35,3,1
CUST_11417,Bangalore Central,3-5,Tuesday,13.0,2,1
CUST_11418,Bangalore South,10-12,Wednesday,9.53,2,0
CUST_11419,Bangalore North,3-5,Thursday,3.12,3,0
CUST_11420,Bangalore North,10-12,Tuesday,3.76,2,1
CUST_11421,Bangalore East,12-3,Wednesday,14.15,3,0
CUST_11422,Bangalore Central,3-5,Friday,4.53,2,1
CUST_11423,Bangalore South,12-3,Friday,1.26,3,1
CUST_11424,Bangalore North,10-12,Tuesday,14.93,3,0
CUST_11425,Bangalore Central,3-5,Wednesday,6.53,2,0
CUST_11426,Bangalore East,12-3,Friday,13.07,3,1
CUST_11427,Bangalore Central,12-3,Monday,9.41,2,0
CUST_11428,Bangalore North,3-5,Wednesday,8.01,2,1
CUST_11429,Bangalore North,10-12,Tuesday,14.12,2,1
CUST_11430,Bangalore East,12-3,Monday,5.61,1,1
CUST_11431,Bangalore South,10-12,Thursday,4.06,1,1
CUST_11432,Bangalore East,12-3,Thursday,6.7,2,0
CUST_11433,Bangalore Central,12-3,Thursday,11.0,2,0
CUST_11434,Bangalore Central,3-5,Friday,14.35,2,0
CUST_11435,Bangalore East,12-3,Monday,2.65,3,1
CUST_11436,Bangalore North,10-12,Friday,4.73,2,1
CUST_11437,Bangalore East,3-5,Tuesday,10.97,3,0
CUST_11438,Bangalore North,12-3,Thursday,5.39,2,0
CUST_11439,Bangalore South,10-12,Wednesday,6.45,1,1
CUST_11440,Bangalore Central,3-5,Tuesday,12.72,2,0
CUST_11441,Bangalore Central,10-12,Tuesday,8.11,2,0
CUST_11442,Bangalore Central,12-3,Monday,13.17,1,0
CUST_11443,Bangalore Central,12-3,Friday,3.5,1,0
CUST_11444,Bangalore South,12-3,Tuesday,4.62,2,0
CUST_11445,Bangalore South,10-12,Tuesday,4.35,2,0
CUST_11446,Bangalore North,10-12,Monday,12.06,2,0
CUST_11447,Bangalore North,10-12,Thursday,2.44,1,0
CUST_11448,Bangalore North,10-12,Monday,2.54,2,0
CUST_11449,Bangalore East,3-5,Monday,4.42,2,0
CUST_11450,Bangalore Central,12-3,Tuesday,4.07,2,1
CUST_11451,Bangalore North,12-3,Thursday,12.04,1,1
CUST_11452,Bangalore East,12-3,Thursday,11.0,1,0
CUST_11453,Bangalore Central,12-3,Wednesday,5.81,2,0
CUST_11454,Bangalore East,12-3,Thursday,14.2,2,0
CUST_11455,Bangalore North,10-12,Wednesday,5.51,3,1
CUST_11456,Bangalore East,3-5,Tuesday,13.99,1,1
CUST_11457,Bangalore South,10-12,Wednesday,12.8,1,1
CUST_11458,Bangalore North,3-5,Friday,3.61,1,0
CUST_11459,Bangalore South,3-5,Friday,9.88,1,0
CUST_11460,Bangalore North,12-3,Wednesday,11.97,3,0
CUST_11461,Bangalore Central,3-5,Wednesday,8.9,2,1
CUST_11462,Bangalore Central,10-12,Thursday,2.41,2,0
CUST_11463,Bangalore North,10-12,Tuesday,12.75,2,0
CUST_11464,Bangalore East,3-5,Wednesday,10.18,2,1
CUST_11465,Bangalore North,12-3,Monday,13.28,3,1
CUST_11466,Bangalore North,12-3,Wednesday,9.92,2,1
CUST_11467,Bangalore North,3-5,Wednesday,7.23,2,0
CUST_11468,Bangalore Central,3-5,Wednesday,4.78,2,1
CUST_11469,Bangalore North,12-3,Tuesday,2.9,2,0
CUST_11470,Bangalore North,3-5,Monday,1.87,3,1
CUST_11471,Bangalore East,10-12,Tuesday,8.4,2,0
CUST_11472,Bangalore South,12-3,Monday,8.97,2,0
CUST_11473,Bangalore North,12-3,Tuesday,5.72,2,1
CUST_11474,Bangalore North,12-3,Tuesday,13.97,1,1
CUST_11475,Bangalore East,10-12,Wednesday,3.57,3,1
CUST_11476,Bangalore North,3-5,Thursday,5.11,2,1
CUST_11477,Bangalore South,10-12,Thursday,4.8,1,0
CUST_11478,Bangalore North,3-5,Monday,11.87,2,0
CUST_11479,Bangalore South,3-5,Tuesday,4.89,2,0
CUST_11480,Bangalore South,3-5,Wednesday,6.24,2,1
CUST_11481,Bangalore East,12-3,Friday,7.82,1,1
CUST_11482,Bangalore North,10-12,Wednesday,12.37,3,1
CUST_11483,Bangalore East,12-3,Monday,14.53,3,1
CUST_11484,Bangalore North,10-12,Tuesday,1.16,1,1
CUST_11485,Bangalore South,3-5,Friday,10.49,2,0
CUST_11486,Bangalore Central,3-5,Wednesday,12.27,2,1
CUST_11487,Bangalore North,10-12,Tuesday,3.3,2,0
CUST_11488,Bangalore South,12-3,Wednesday,2.0,2,1
CUST_11489,Bangalore North,10-12,Friday,10.92,3,0
CUST_11490,Bangalore Central,12-3,Thursday,4.52,1,1
CUST_11491,Bangalore North,12-3,Wednesday,4.56,1,0
CUST_11492,Bangalore North,3-5,Friday,9.55,2,1
CUST_11493,Bangalore North,12-3,Monday,2.08,2,0
CUST_11494,Bangalore South,10-12,Wednesday,14.36,2,0
CUST_11495,Bangalore South,3-5,Monday,9.95,3,1
CUST_11496,Bangalore East,12-3,Tuesday,14.56,2,0
CUST_11497,Bangalore North,12-3,Thursday,5.64,3,0
CUST_11498,Bangalore South,3-5,Wednesday,6.05,2,0
CUST_11499,Bangalore Central,3-5,Thursday,10.09,1,0
CUST_11500,Bangalore East,10-12,Monday,11.01,1,1
CUST_11501,Bangalore Central,3-5,Friday,8.1,2,1
CUST_11502,Bangalore East,3-5,Friday,4.74,2,1
CUST_11503,Bangalore East,3-5,Friday,2.21,2,0
CUST_11504,Bangalore South,10-12,Wednesday,1.21,2,1
CUST_11505,Bangalore North,3-5,Thursday,12.36,1,1
CUST_11506,Bangalore North,12-3,Thursday,3.92,1,1
CUST_11507,Bangalore Central,12-3,Wednesday,1.73,3,1
CUST_11508,Bangalore East,12-3,Tuesday,13.5,3,0
CUST_11509,Bangalore South,10-12,Tuesday,13.84,2,1
CUST_11510,Bangalore East,3-5,Tuesday,6.52,1,1
CUST_11511,Bangalore South,12-3,Tuesday,3.14,2,1
CUST_11512,Bangalore South,10-12,Monday,4.35,1,1
CUST_11513,Bangalore East,10-12,Thursday,3.9,2,0
CUST_11514,Bangalore North,10-12,Tuesday,11.86,1,1
CUST_11515,Bangalore East,10-12,Monday,9.75,2,0
CUST_11516,Bangalore South,10-12,Thursday,6.41,2,0
CUST_11517,Bangalore East,12-3,Wednesday,7.13,2,0
CUST_11518,Bangalore North,12-3,Monday,14.49,2,0
CUST_11519,Bangalore Central,12-3,Tuesday,3.23,1,1
CUST_11520,Bangalore South,12-3,Wednesday,1.02,2,1
CUST_11521,Bangalore Central,3-5,Friday,3.97,2,0
CUST_11522,Bangalore North,3-5,Monday,13.59,1,0
CUST_11523,Bangalore Central,3-5,Friday,5.47,1,1
CUST_11524,Bangalore Central,3-5,Friday,1.6,1,0
CUST_11525,Bangalore South,12-3,Thursday,11.82,1,0
CUST_11526,Bangalore North,10-12,Tuesday,1.44,2,1
CUST_11527,Bangalore North,10-12,Monday,1.19,2,1
CUST_11528,Bangalore Central,3-5,Thursday,11.22,3,0
CUST_11529,Bangalore Central,3-5,Friday,6.68,3,1
CUST_11530,Bangalore East,10-12,Monday,8.21,2,1
CUST_11531,Bangalore North,12-3,Tuesday,4.68,1,0
CUST_11532,Bangalore East,12-3,Tuesday,10.88,3,0
CUST_11533,Bangalore North,12-3,Wednesday,10.76,2,1
CUST_11534,Bangalore East,12-3,Thursday,10.18,3,0
CUST_11535,Bangalore South,10-12,Wednesday,8.9,1,0
CUST_11536,Bangalore East,12-3,Wednesday,14.71,1,0
CUST_11537,Bangalore South,12-3,Friday,14.63,2,1
CUST_11538,Bangalore North,12-3,Monday,6.87,1,0
CUST_11539,Bangalore South,10-12,Monday,3.12,1,0
CUST_11540,Bangalore North,10-12,Friday,14.48,2,0
CUST_11541,Bangalore East,12-3,Tuesday,1.77,2,0
CUST_11542,Bangalore East,10-12,Monday,13.52,2,0
CUST_11543,Bangalore North,12-3,Monday,8.7,1,1
CUST_11544,Bangalore South,10-12,Thursday,12.84,2,1
CUST_11545,Bangalore East,3-5,Friday,10.87,1,1
CUST_11546,Bangalore North,12-3,Friday,1.82,3,1
CUST_11547,Bangalore North,10-12,Thursday,8.75,2,1
CUST_11548,Bangalore Central,12-3,Monday,13.72,2,0
CUST_11549,Bangalore East,3-5,Tuesday,6.09,2,0
CUST_11550,Bangalore Central,10-12,Monday,14.38,1,0
CUST_11551,Bangalore North,10-12,Tuesday,4.78,1,1
CUST_11552,Bangalore Central,12-3,Thursday,7.59,1,0
CUST_11553,Bangalore North,3-5,Thursday,2.6,1,0
CUST_11554,Bangalore East,3-5,Monday,10.57,3,1
CUST_11555,Bangalore South,10-12,Monday,9.15,2,1
CUST_11556,Bangalore South,3-5,Wednesday,8.48,2,0
CUST_11557,Bangalore East,3-5,Thursday,11.32,2,1
CUST_11558,Bangalore North,12-3,Monday,1.24,1,1
CUST_11559,Bangalore Central,12-3,Tuesday,14.51,3,0
CUST_11560,Bangalore East,3-5,Friday,10.4,2,0
CUST_11561,Bangalore South,10-12,Wednesday,11.72,3,0
CUST_11562,Bangalore South,10-12,Friday,9.73,2,1
CUST_11563,Bangalore East,12-3,Tuesday,7.51,1,1
CUST_11564,Bangalore North,3-5,Friday,6.85,3,0
CUST_11565,Bangalore East,3-5,Wednesday,7.6,1,0
CUST_11566,Bangalore South,12-3,Wednesday,1.63,2,0
CUST_11567,Bangalore Central,3-5,Friday,9.34,2,0
CUST_11568,Bangalore North,12-3,Friday,13.3,2,1
CUST_11569,Bangalore North,12-3,Wednesday,10.13,1,1
CUST_11570,Bangalore South,10-12,Wednesday,1.06,2,0
CUST_11571,Bangalore Central,12-3,Thursday,1.27,3,0
CUST_11572,Bangalore Central,12-3,Wednesday,13.71,2,1
CUST_11573,Bangalore Central,3-5,Wednesday,4.43,2,1
CUST_11574,Bangalore Central,3-5,Thursday,14.75,2,0
CUST_11575,Bangalore Central,10-12,Monday,6.99,3,1
CUST_11576,Bangalore East,3-5,Tuesday,10.86,1,0
CUST_11577,Bangalore Central,10-12,Wednesday,14.52,2,1
CUST_11578,Bangalore Central,12-3,Thursday,6.51,2,0
CUST_11579,Bangalore South,3-5,Thursday,1.02,2,1
CUST_11580,Bangalore East,3-5,Thursday,7.77,2,0
CUST_11581,Bangalore North,3-5,Thursday,13.29,2,1
CUST_11582,Bangalore North,3-5,Thursday,10.55,2,1
CUST_11583,Bangalore Central,10-12,Tuesday,14.85,3,1
CUST_11584,Bangalore East,10-12,Monday,10.22,2,0
CUST_11585,Bangalore North,12-3,Friday,13.93,3,1
CUST_11586,Bangalore Central,10-12,Friday,8.45,2,0
CUST_11587,Bangalore East,3-5,Monday,9.45,2,1
CUST_11588,Bangalore North,3-5,Wednesday,8.25,1,1
CUST_11589,Bangalore East,10-12,Thursday,5.81,2,0
CUST_11590,Bangalore Central,3-5,Thursday,7.62,1,1
CUST_11591,Bangalore East,12-3,Tuesday,7.99,1,0
CUST_11592,Bangalore East,3-5,Monday,8.51,2,0
CUST_11593,Bangalore South,10-12,Thursday,4.89,1,0
CUST_11594,Bangalore Central,3-5,Monday,7.39,3,0
CUST_11595,Bangalore South,3-5,Tuesday,7.01,2,1
CUST_11596,Bangalore Central,12-3,Monday,6.69,3,0
CUST_11597,Bangalore East,10-12,Friday,1.36,1,0
CUST_11598,Bangalore South,10-12,Monday,5.22,2,1
CUST_11599,Bangalore South,10-12,Friday,11.93,2,1
CUST_11600,Bangalore South,12-3,Monday,2.86,2,1
CUST_11601,Bangalore East,12-3,Wednesday,2.27,3,0
CUST_11602,Bangalore East,12-3,Friday,13.57,1,0
CUST_11603,Bangalore East,12-3,Thursday,3.94,2,0
CUST_11604,Bangalore North,3-5,Friday,5.75,1,0
CUST_11605,Bangalore East,3-5,Monday,2.25,3,1
CUST_11606,Bangalore East,12-3,Wednesday,3.2,3,1
CUST_11607,Bangalore South,3-5,Tuesday,1.02,2,1
CUST_11608,Bangalore North,10-12,Tuesday,9.26,2,1
CUST_11609,Bangalore North,10-12,Monday,12.8,3,0
CUST_11610,Bangalore Central,3-5,Thursday,6.8,2,1
CUST_11611,Bangalore Central,10-12,Friday,7.24,2,0
CUST_11612,Bangalore Central,3-5,Tuesday,8.72,1,0
CUST_11613,Bangalore Central,12-3,Friday,1.54,2,1
CUST_11614,Bangalore North,10-12,Friday,10.2,2,1
CUST_11615,Bangalore South,12-3,Friday,6.16,2,0
CUST_11616,Bangalore East,12-3,Tuesday,7.18,3,0
CUST_11617,Bangalore South,12-3,Monday,7.38,2,1
CUST_11618,Bangalore East,3-5,Friday,6.29,2,1
CUST_11619,Bangalore South,3-5,Wednesday,11.38,1,1
CUST_11620,Bangalore Central,10-12,Friday,12.67,2,1
CUST_11621,Bangalore North,10-12,Tuesday,2.53,1,1
CUST_11622,Bangalore Central,3-5,Friday,13.75,1,1
CUST_11623,Bangalore East,12-3,Thursday,8.74,3,1
CUST_11624,Bangalore East,10-12,Wednesday,13.71,2,1
CUST_11625,Bangalore South,3-5,Thursday,6.32,2,0
CUST_11626,Bangalore South,10-12,Tuesday,6.05,1,1
CUST_11627,Bangalore North,3-5,Monday,5.7,3,0
CUST_11628,Bangalore North,3-5,Wednesday,4.69,2,1
CUST_11629,Bangalore East,10-12,Monday,3.92,2,1
CUST_11630,Bangalore East,12-3,Wednesday,4.51,2,1
CUST_11631,Bangalore Central,12-3,Thursday,10.97,2,0
CUST_11632,Bangalore Central,12-3,Tuesday,8.65,2,0
CUST_11633,Bangalore East,12-3,Thursday,9.62,2,1
CUST_11634,Bangalore Central,10-12,Tuesday,6.45,3,0
CUST_11635,Bangalore North,3-5,Wednesday,6.36,3,0
CUST_11636,Bangalore South,3-5,Thursday,12.16,2,0
CUST_11637,Bangalore North,12-3,Wednesday,10.05,1,1
CUST_11638,Bangalore Central,3-5,Friday,13.82,1,0
CUST_11639,Bangalore South,10-12,Thursday,7.78,2,0
CUST_11640,Bangalore North,3-5,Friday,6.58,1,0
CUST_11641,Bangalore South,3-5,Tuesday,3.71,3,1
CUST_11642,Bangalore South,10-12,Friday,14.25,3,0
CUST_11643,Bangalore East,3-5,Friday,13.03,2,0
CUST_11644,Bangalore Central,12-3,Friday,6.89,2,1
CUST_11645,Bangalore North,12-3,Friday,11.5,2,1
CUST_11646,Bangalore North,10-12,Tuesday,5.59,1,0
CUST_11647,Bangalore Central,10-12,Tuesday,3.97,2,1
CUST_11648,Bangalore Central,10-12,Wednesday,11.84,1,1
CUST_11649,Bangalore Central,3-5,Monday,4.46,3,0
CUST_11650,Bangalore North,3-5,Thursday,4.63,1,1
CUST_11651,Bangalore South,12-3,Tuesday,14.65,2,0
CUST_11652,Bangalore East,3-5,Thursday,5.3,1,1
CUST_11653,Bangalore North,10-12,Thursday,9.53,2,1
CUST_11654,Bangalore North,12-3,Monday,5.66,1,1
CUST_11655,Bangalore Central,3-5,Monday,2.16,2,1
CUST_11656,Bangalore Central,10-12,Friday,13.78,2,1
CUST_11657,Bangalore South,10-12,Wednesday,2.12,2,0
CUST_11658,Bangalore North,3-5,Friday,6.91,3,1
CUST_11659,Bangalore Central,3-5,Monday,14.77,3,0
CUST_11660,Bangalore South,12-3,Thursday,10.44,3,0
CUST_11661,Bangalore Central,3-5,Monday,1.9,2,0
CUST_11662,Bangalore South,12-3,Tuesday,11.08,3,1
CUST_11663,Bangalore East,10-12,Monday,12.62,3,1
CUST_11664,Bangalore South,12-3,Wednesday,14.26,2,1
CUST_11665,Bangalore East,10-12,Wednesday,13.46,2,1
CUST_11666,Bangalore South,3-5,Thursday,13.03,1,1
CUST_11667,Bangalore South,12-3,Friday,3.03,1,1
CUST_11668,Bangalore South,3-5,Wednesday,12.57,1,0
CUST_11669,Bangalore North,12-3,Friday,4.08,1,0
CUST_11670,Bangalore North,10-12,Tuesday,2.39,1,1
CUST_11671,Bangalore East,10-12,Wednesday,6.2,2,0
CUST_11672,Bangalore East,3-5,Wednesday,14.08,2,1
CUST_11673,Bangalore North,3-5,Monday,1.67,2,0
CUST_11674,Bangalore East,3-5,Wednesday,4.14,2,1
CUST_11675,Bangalore Central,3-5,Monday,10.73,1,1
CUST_11676,Bangalore North,3-5,Thursday,11.21,2,0
CUST_11677,Bangalore East,3-5,Tuesday,6.91,2,1
CUST_11678,Bangalore East,12-3,Wednesday,3.15,2,0
CUST_11679,Bangalore South,10-12,Thursday,4.57,1,1
CUST_11680,Bangalore North,3-5,Tuesday,10.68,2,1
CUST_11681,Bangalore Central,10-12,Thursday,13.59,2,1
CUST_11682,Bangalore East,12-3,Tuesday,4.56,2,0
CUST_11683,Bangalore Central,12-3,Thursday,5.72,2,1
CUST_11684,Bangalore Central,3-5,Tuesday,3.88,3,0
CUST_11685,Bangalore South,12-3,Thursday,9.17,2,1
CUST_11686,Bangalore Central,3-5,Wednesday,10.81,2,0
CUST_11687,Bangalore Central,10-12,Tuesday,13.15,2,1
CUST_11688,Bangalore North,12-3,Wednesday,4.78,1,0
CUST_11689,Bangalore South,3-5,Friday,7.06,2,0
CUST_11690,Bangalore Central,10-12,Wednesday,12.64,1,1
CUST_11691,Bangalore North,10-12,Monday,3.76,1,0
CUST_11692,Bangalore South,3-5,Wednesday,10.82,2,1
CUST_11693,Bangalore North,10-12,Monday,13.63,2,1
CUST_11694,Bangalore Central,3-5,Wednesday,8.54,2,1
CUST_11695,Bangalore Central,12-3,Thursday,6.44,2,0
CUST_11696,Bangalore North,3-5,Tuesday,7.42,1,0
CUST_11697,Bangalore East,10-12,Friday,1.39,2,0
CUST_11698,Bangalore East,3-5,Monday,3.84,3,0
CUST_11699,Bangalore North,10-12,Tuesday,10.18,1,0
CUST_11700,Bangalore East,10-12,Friday,4.41,1,1
CUST_11701,Bangalore South,12-3,Wednesday,7.96,2,0
CUST_11702,Bangalore Central,10-12,Friday,3.26,2,0
CUST_11703,Bangalore East,3-5,Wednesday,11.62,3,0
CUST_11704,Bangalore East,3-5,Wednesday,9.09,1,1
CUST_11705,Bangalore East,10-12,Tuesday,4.12,1,0
CUST_11706,Bangalore North,12-3,Monday,8.31,3,1
CUST_11707,Bangalore East,10-12,Friday,5.53,2,0
CUST_11708,Bangalore South,10-12,Friday,14.0,2,1
CUST_11709,Bangalore Central,3-5,Thursday,2.58,1,1
CUST_11710,Bangalore Central,12-3,Friday,6.76,2,0
CUST_11711,Bangalore East,3-5,Thursday,8.1,1,1
CUST_11712,Bangalore Central,12-3,Wednesday,12.03,2,0
CUST_11713,Bangalore Central,10-12,Monday,13.36,3,0
CUST_11714,Bangalore Central,3-5,Friday,4.72,3,1
CUST_11715,Bangalore North,3-5,Wednesday,5.26,2,1
CUST_11716,Bangalore East,3-5,Monday,9.14,2,0
CUST_11717,Bangalore North,10-12,Friday,7.59,2,1
CUST_11718,Bangalore South,3-5,Thursday,13.83,2,0
CUST_11719,Bangalore North,12-3,Friday,14.48,2,0
CUST_11720,Bangalore East,10-12,Friday,2.8,2,1
CUST_11721,Bangalore North,10-12,Monday,3.09,2,1
CUST_11722,Bangalore North,12-3,Wednesday,6.26,1,1
CUST_11723,Bangalore East,12-3,Tuesday,4.98,2,1
CUST_11724,Bangalore Central,10-12,Thursday,3.63,2,0
CUST_11725,Bangalore Central,3-5,Monday,1.57,3,1
CUST_11726,Bangalore Central,3-5,Friday,1.54,2,1
CUST_11727,Bangalore North,12-3,Monday,3.6,3,0
CUST_11728,Bangalore Central,10-12,Friday,3.54,3,0
CUST_11729,Bangalore Central,3-5,Wednesday,3.72,1,1
CUST_11730,Bangalore East,3-5,Wednesday,13.16,3,1
CUST_11731,Bangalore East,3-5,Thursday,1.09,2,1
CUST_11732,Bangalore East,3-5,Friday,3.5,1,1
CUST_11733,Bangalore Central,12-3,Tuesday,4.51,2,0
CUST_11734,Bangalore North,10-12,Monday,2.42,3,0
CUST_11735,Bangalore East,10-12,Thursday,6.33,1,1
CUST_11736,Bangalore South,3-5,Wednesday,6.19,1,1
CUST_11737,Bangalore South,10-12,Monday,2.15,3,0
CUST_11738,Bangalore North,12-3,Wednesday,11.9,2,0
CUST_11739,Bangalore South,10-12,Tuesday,7.17,3,1
CUST_11740,Bangalore Central,10-12,Friday,12.47,2,1
CUST_11741,Bangalore South,10-12,Thursday,4.44,1,0
CUST_11742,Bangalore Central,3-5,Wednesday,1.36,2,0
CUST_11743,Bangalore Central,10-12,Monday,14.77,2,0
CUST_11744,Bangalore South,12-3,Monday,3.13,1,0
CUST_11745,Bangalore North,10-12,Thursday,12.76,2,1
CUST_11746,Bangalore South,3-5,Friday,7.23,2,1
CUST_11747,Bangalore East,10-12,Wednesday,10.54,3,1
CUST_11748,Bangalore North,12-3,Tuesday,4.65,1,0
CUST_11749,Bangalore East,3-5,Wednesday,4.85,2,0
CUST_11750,Bangalore North,10-12,Wednesday,4.12,1,0
CUST_11751,Bangalore Central,12-3,Thursday,7.3,2,0
CUST_11752,Bangalore North,10-12,Tuesday,2.48,2,1
CUST_11753,Bangalore North,10-12,Wednesday,12.35,2,1
CUST_11754,Bangalore Central,10-12,Monday,10.35,3,1
CUST_11755,Bangalore East,12-3,Friday,13.94,2,0
CUST_11756,Bangalore North,3-5,Monday,10.02,2,1
CUST_11757,Bangalore Central,12-3,Thursday,9.79,2,1
CUST_11758,Bangalore North,12-3,Tuesday,13.51,2,1
CUST_11759,Bangalore South,3-5,Friday,7.16,2,0
CUST_11760,Bangalore North,10-12,Thursday,10.81,1,0
CUST_11761,Bangalore South,12-3,Tuesday,2.07,1,1
CUST_11762,Bangalore South,10-12,Wednesday,5.82,1,1
CUST_11763,Bangalore North,12-3,Tuesday,8.14,1,0
CUST_11764,Bangalore Central,12-3,Friday,8.76,2,0
CUST_11765,Bangalore South,10-12,Thursday,6.46,1,0
CUST_11766,Bangalore East,10-12,Thursday,4.55,2,1
CUST_11767,Bangalore East,3-5,Tuesday,13.36,3,1
CUST_11768,Bangalore Central,10-12,Friday,2.44,3,0
CUST_11769,Bangalore South,12-3,Tuesday,2.78,3,1
CUST_11770,Bangalore Central,10-12,Wednesday,9.08,3,0
CUST_11771,Bangalore East,12-3,Friday,8.35,2,1
CUST_11772,Bangalore South,12-3,Thursday,1.42,3,0
CUST_11773,Bangalore South,10-12,Tuesday,7.16,2,1
CUST_11774,Bangalore East,3-5,Thursday,12.56,3,1
CUST_11775,Bangalore Central,3-5,Wednesday,11.61,1,1
CUST_11776,Bangalore North,12-3,Thursday,1.99,1,0
CUST_11777,Bangalore East,12-3,Wednesday,14.12,2,0
CUST_11778,Bangalore South,3-5,Tuesday,14.0,1,1
CUST_11779,Bangalore South,10-12,Tuesday,2.28,1,0
CUST_11780,Bangalore Central,10-12,Wednesday,12.83,2,1
CUST_11781,Bangalore South,3-5,Tuesday,10.98,1,0
CUST_11782,Bangalore East,10-12,Thursday,10.47,2,1
CUST_11783,Bangalore East,12-3,Tuesday,13.15,1,1
CUST_11784,Bangalore East,10-12,Wednesday,2.92,2,1
CUST_11785,Bangalore Central,3-5,Wednesday,12.88,2,1
CUST_11786,Bangalore North,10-12,Tuesday,4.18,1,1
CUST_11787,Bangalore North,12-3,Thursday,6.92,3,0
CUST_11788,Bangalore South,3-5,Thursday,1.53,1,0
CUST_11789,Bangalore East,3-5,Thursday,7.67,2,0
CUST_11790,Bangalore South,3-5,Thursday,11.71,2,0
CUST_11791,Bangalore Central,10-12,Monday,10.87,2,0
CUST_11792,Bangalore North,3-5,Friday,7.83,3,0
CUST_11793,Bangalore North,3-5,Thursday,11.75,2,1
CUST_11794,Bangalore East,3-5,Tuesday,2.72,2,1
CUST_11795,Bangalore East,10-12,Thursday,3.05,2,1
CUST_11796,Bangalore North,10-12,Tuesday,4.17,3,0
CUST_11797,Bangalore East,12-3,Wednesday,9.66,2,1
CUST_11798,Bangalore South,12-3,Monday,14.55,1,1
CUST_11799,Bangalore South,3-5,Monday,3.29,1,1
CUST_11800,Bangalore North,12-3,Thursday,6.65,2,0
CUST_11801,Bangalore Central,10-12,Wednesday,3.91,3,1
CUST_11802,Bangalore North,12-3,Thursday,8.64,1,1
CUST_11803,Bangalore Central,3-5,Tuesday,9.02,2,0
CUST_11804,Bangalore East,3-5,Tuesday,12.93,2,1
CUST_11805,Bangalore Central,10-12,Tuesday,12.47,1,0
CUST_11806,Bangalore Central,3-5,Friday,8.48,2,1
CUST_11807,Bangalore Central,12-3,Monday,5.07,1,1
CUST_11808,Bangalore South,10-12,Thursday,10.56,1,1
CUST_11809,Bangalore Central,3-5,Monday,7.24,2,0
CUST_11810,Bangalore North,12-3,Monday,11.97,1,0
CUST_11811,Bangalore South,10-12,Friday,4.73,2,0
CUST_11812,Bangalore East,3-5,Friday,11.62,2,0
CUST_11813,Bangalore East,10-12,Monday,10.93,1,1
CUST_11814,Bangalore North,12-3,Wednesday,1.46,2,0
CUST_11815,Bangalore South,10-12,Tuesday,9.35,2,0
CUST_11816,Bangalore East,10-12,Friday,1.92,1,1
CUST_11817,Bangalore North,3-5,Tuesday,10.82,3,0
CUST_11818,Bangalore South,10-12,Thursday,13.0,1,0
CUST_11819,Bangalore South,10-12,Tuesday,12.58,1,0
CUST_11820,Bangalore Central,3-5,Friday,13.42,2,1
CUST_11821,Bangalore North,12-3,Wednesday,10.68,2,0
CUST_11822,Bangalore North,3-5,Tuesday,11.03,3,0
CUST_11823,Bangalore South,3-5,Monday,11.19,1,1
CUST_11824,Bangalore North,10-12,Wednesday,4.64,2,0
CUST_11825,Bangalore North,3-5,Wednesday,14.18,2,0
CUST_11826,Bangalore North,12-3,Monday,12.79,1,0
CUST_11827,Bangalore South,12-3,Monday,7.26,2,0
CUST_11828,Bangalore South,3-5,Thursday,5.73,2,0
CUST_11829,Bangalore South,12-3,Friday,12.69,1,1
CUST_11830,Bangalore Central,12-3,Tuesday,5.18,3,0
CUST_11831,Bangalore South,10-12,Tuesday,3.97,3,0
CUST_11832,Bangalore East,10-12,Wednesday,10.8,1,1
CUST_11833,Bangalore East,12-3,Monday,10.86,3,0
CUST_11834,Bangalore East,12-3,Friday,8.56,1,0
CUST_11835,Bangalore South,3-5,Wednesday,12.26,2,0
CUST_11836,Bangalore East,12-3,Monday,2.95,3,0
CUST_11837,Bangalore East,12-3,Thursday,6.83,2,0
CUST_11838,Bangalore South,12-3,Tuesday,11.15,3,0
CUST_11839,Bangalore East,12-3,Friday,5.11,2,1
CUST_11840,Bangalore East,3-5,Wednesday,5.69,1,0
CUST_11841,Bangalore North,3-5,Thursday,9.59,1,0
CUST_11842,Bangalore East,12-3,Friday,10.83,2,1
CUST_11843,Bangalore South,10-12,Monday,8.28,2,0
CUST_11844,Bangalore Central,12-3,Tuesday,5.08,2,1
CUST_11845,Bangalore East,3-5,Thursday,1.89,2,1
CUST_11846,Bangalore Central,3-5,Tuesday,8.59,1,1
CUST_11847,Bangalore South,12-3,Friday,13.53,1,0
CUST_11848,Bangalore Central,3-5,Monday,2.52,2,0
CUST_11849,Bangalore Central,12-3,Wednesday,4.67,2,1
CUST_11850,Bangalore North,10-12,Friday,2.09,2,1
CUST_11851,Bangalore Central,10-12,Thursday,2.85,3,1
CUST_11852,Bangalore Central,3-5,Monday,5.88,2,0
CUST_11853,Bangalore South,12-3,Monday,14.34,1,0
CUST_11854,Bangalore North,10-12,Friday,6.08,2,0
CUST_11855,Bangalore East,12-3,Monday,2.69,3,0
CUST_11856,Bangalore South,3-5,Monday,12.36,3,0
CUST_11857,Bangalore Central,12-3,Thursday,8.79,2,0
CUST_11858,Bangalore East,10-12,Monday,3.45,1,0
CUST_11859,Bangalore Central,10-12,Wednesday,11.84,1,0
CUST_11860,Bangalore East,12-3,Wednesday,3.03,2,1
CUST_11861,Bangalore North,10-12,Monday,8.93,2,0
CUST_11862,Bangalore North,3-5,Wednesday,9.51,1,1
CUST_11863,Bangalore Central,12-3,Thursday,7.89,3,1
CUST_11864,Bangalore East,3-5,Friday,2.19,2,1
CUST_11865,Bangalore Central,12-3,Friday,13.29,2,0
CUST_11866,Bangalore South,10-12,Tuesday,4.17,1,0
CUST_11867,Bangalore Central,3-5,Monday,9.99,2,1
CUST_11868,Bangalore South,10-12,Monday,11.18,2,1
CUST_11869,Bangalore North,12-3,Wednesday,14.33,1,0
CUST_11870,Bangalore South,10-12,Friday,1.81,3,1
CUST_11871,Bangalore Central,12-3,Tuesday,3.13,3,1
CUST_11872,Bangalore East,12-3,Friday,11.0,1,1
CUST_11873,Bangalore North,10-12,Wednesday,6.52,2,0
CUST_11874,Bangalore North,12-3,Wednesday,14.73,2,0
CUST_11875,Bangalore Central,3-5,Thursday,2.22,1,1
CUST_11876,Bangalore South,12-3,Wednesday,7.9,2,0
CUST_11877,Bangalore East,3-5,Thursday,4.95,2,1
CUST_11878,Bangalore South,10-12,Wednesday,4.12,3,1
CUST_11879,Bangalore North,3-5,Wednesday,2.96,1,0
CUST_11880,Bangalore East,10-12,Friday,1.35,1,1
CUST_11881,Bangalore North,12-3,Friday,12.3,2,0
CUST_11882,Bangalore East,10-12,Thursday,5.44,2,0
CUST_11883,Bangalore East,12-3,Friday,11.44,2,0
CUST_11884,Bangalore North,3-5,Tuesday,1.01,1,1
CUST_11885,Bangalore East,3-5,Thursday,6.67,1,1
CUST_11886,Bangalore North,3-5,Thursday,4.68,1,0
CUST_11887,Bangalore South,10-12,Monday,14.69,3,0
CUST_11888,Bangalore East,10-12,Tuesday,13.6,2,1
CUST_11889,Bangalore North,12-3,Friday,5.02,1,0
CUST_11890,Bangalore North,3-5,Tuesday,6.31,2,0
CUST_11891,Bangalore North,3-5,Thursday,2.14,2,0
CUST_11892,Bangalore Central,12-3,Friday,4.12,3,0
CUST_11893,Bangalore East,10-12,Thursday,11.51,2,1
CUST_11894,Bangalore South,12-3,Monday,2.63,2,0
CUST_11895,Bangalore South,3-5,Friday,4.9,3,0
CUST_11896,Bangalore Central,3-5,Thursday,7.66,2,1
CUST_11897,Bangalore East,10-12,Friday,6.31,2,0
CUST_11898,Bangalore Central,3-5,Tuesday,7.17,3,1
CUST_11899,Bangalore South,12-3,Monday,9.42,1,0
CUST_11900,Bangalore Central,10-12,Wednesday,11.68,2,0
CUST_11901,Bangalore Central,12-3,Tuesday,6.32,2,1
CUST_11902,Bangalore North,3-5,Wednesday,9.74,1,1
CUST_11903,Bangalore East,10-12,Thursday,7.36,2,1
CUST_11904,Bangalore Central,12-3,Tuesday,13.42,2,1
CUST_11905,Bangalore East,10-12,Wednesday,11.59,2,1
CUST_11906,Bangalore East,3-5,Thursday,6.29,2,0
CUST_11907,Bangalore Central,12-3,Monday,11.97,1,1
CUST_11908,Bangalore South,12-3,Friday,8.6,2,1
CUST_11909,Bangalore North,10-12,Tuesday,6.51,2,0
CUST_11910,Bangalore North,3-5,Thursday,6.78,2,0
CUST_11911,Bangalore Central,3-5,Monday,7.59,1,1
CUST_11912,Bangalore South,10-12,Tuesday,4.4,1,1
CUST_11913,Bangalore Central,3-5,Tuesday,11.74,1,0
CUST_11914,Bangalore East,12-3,Wednesday,4.33,3,1
CUST_11915,Bangalore South,12-3,Tuesday,2.16,2,1
CUST_11916,Bangalore Central,12-3,Monday,9.96,1,0
CUST_11917,Bangalore East,3-5,Thursday,3.91,1,1
CUST_11918,Bangalore South,3-5,Thursday,4.37,2,1
CUST_11919,Bangalore East,12-3,Monday,13.15,2,1
CUST_11920,Bangalore South,10-12,Friday,8.1,1,0
CUST_11921,Bangalore East,12-3,Monday,13.03,3,1
CUST_11922,Bangalore Central,3-5,Tuesday,6.0,2,0
CUST_11923,Bangalore East,3-5,Friday,11.85,1,0
CUST_11924,Bangalore Central,3-5,Wednesday,8.09,1,1
CUST_11925,Bangalore Central,3-5,Friday,8.23,2,0
CUST_11926,Bangalore East,3-5,Friday,5.35,3,1
CUST_11927,Bangalore South,10-12,Thursday,14.47,2,0
CUST_11928,Bangalore East,10-12,Monday,9.92,2,0
CUST_11929,Bangalore East,12-3,Wednesday,6.24,2,1
CUST_11930,Bangalore South,10-12,Tuesday,14.09,2,0
CUST_11931,Bangalore South,3-5,Wednesday,11.92,3,1
CUST_11932,Bangalore North,12-3,Friday,7.14,3,1
CUST_11933,Bangalore North,10-12,Thursday,14.25,3,0
CUST_11934,Bangalore South,12-3,Wednesday,4.86,2,0
CUST_11935,Bangalore North,10-12,Friday,10.26,2,1
CUST_11936,Bangalore East,3-5,Monday,2.93,2,1
CUST_11937,Bangalore Central,3-5,Wednesday,6.84,2,0
CUST_11938,Bangalore Central,12-3,Tuesday,7.45,1,0
CUST_11939,Bangalore South,10-12,Tuesday,4.0,1,0
CUST_11940,Bangalore South,3-5,Friday,1.14,1,0
CUST_11941,Bangalore Central,10-12,Monday,1.76,1,1
CUST_11942,Bangalore Central,3-5,Tuesday,13.76,3,0
CUST_11943,Bangalore North,3-5,Wednesday,4.52,2,1
CUST_11944,Bangalore North,3-5,Friday,14.27,2,1
CUST_11945,Bangalore Central,12-3,Wednesday,13.38,3,0
CUST_11946,Bangalore North,10-12,Tuesday,13.28,2,0
CUST_11947,Bangalore East,3-5,Thursday,4.76,1,0
CUST_11948,Bangalore North,12-3,Monday,5.95,3,1
CUST_11949,Bangalore South,12-3,Wednesday,7.01,1,1
CUST_11950,Bangalore North,10-12,Tuesday,11.28,2,0
CUST_11951,Bangalore South,12-3,Monday,2.5,2,1
CUST_11952,Bangalore Central,3-5,Monday,3.31,1,1
CUST_11953,Bangalore North,12-3,Friday,12.18,2,0
CUST_11954,Bangalore South,12-3,Tuesday,8.16,1,0
CUST_11955,Bangalore Central,3-5,Tuesday,8.81,2,0
CUST_11956,Bangalore Central,10-12,Wednesday,10.83,2,1
CUST_11957,Bangalore Central,3-5,Tuesday,9.55,3,0
CUST_11958,Bangalore North,3-5,Thursday,4.94,2,1
CUST_11959,Bangalore East,12-3,Friday,6.04,3,1
CUST_11960,Bangalore East,12-3,Monday,9.26,2,0
CUST_11961,Bangalore Central,10-12,Friday,11.96,2,1
CUST_11962,Bangalore South,12-3,Friday,14.75,2,0
CUST_11963,Bangalore North,12-3,Friday,1.51,1,1
CUST_11964,Bangalore South,10-12,Monday,4.93,2,1
CUST_11965,Bangalore North,10-12,Friday,14.03,2,0
CUST_11966,Bangalore South,10-12,Monday,11.65,1,1
CUST_11967,Bangalore North,12-3,Tuesday,6.57,2,0
CUST_11968,Bangalore Central,10-12,Tuesday,9.35,2,1
CUST_11969,Bangalore East,3-5,Monday,13.27,2,1
CUST_11970,Bangalore East,3-5,Monday,13.05,2,1
CUST_11971,Bangalore North,10-12,Tuesday,10.71,2,1
CUST_11972,Bangalore Central,3-5,Monday,8.47,2,1
CUST_11973,Bangalore South,3-5,Wednesday,5.97,2,0
CUST_11974,Bangalore South,12-3,Monday,12.35,3,0
CUST_11975,Bangalore South,12-3,Monday,2.96,2,0
CUST_11976,Bangalore Central,10-12,Tuesday,3.29,2,1
CUST_11977,Bangalore Central,10-12,Monday,9.9,1,1
CUST_11978,Bangalore North,10-12,Tuesday,5.6,2,0
CUST_11979,Bangalore South,10-12,Thursday,6.8,1,1
CUST_11980,Bangalore East,12-3,Monday,7.56,2,0
CUST_11981,Bangalore Central,3-5,Tuesday,4.38,2,1
CUST_11982,Bangalore East,12-3,Thursday,1.4,2,0
CUST_11983,Bangalore Central,12-3,Thursday,4.83,2,1
CUST_11984,Bangalore Central,3-5,Monday,6.16,1,1
CUST_11985,Bangalore North,3-5,Thursday,10.85,3,0
CUST_11986,Bangalore Central,10-12,Friday,3.4,3,1
CUST_11987,Bangalore Central,10-12,Monday,11.65,2,0
CUST_11988,Bangalore East,10-12,Tuesday,10.47,1,0
CUST_11989,Bangalore North,10-12,Monday,3.08,1,0
CUST_11990,Bangalore Central,10-12,Friday,3.85,2,0
CUST_11991,Bangalore North,3-5,Wednesday,14.51,2,1
CUST_11992,Bangalore East,3-5,Thursday,2.73,1,1
CUST_11993,Bangalore South,12-3,Wednesday,4.23,3,1
CUST_11994,Bangalore North,3-5,Thursday,11.88,3,0
CUST_11995,Bangalore North,3-5,Tuesday,2.96,1,1
CUST_11996,Bangalore Central,12-3,Tuesday,2.4,2,1
CUST_11997,Bangalore North,12-3,Friday,12.83,2,0
CUST_11998,Bangalore North,12-3,Tuesday,7.88,1,0
CUST_11999,Bangalore Central,12-3,Tuesday,14.02,1,0
CUST_12000,Bangalore North,12-3,Friday,3.88,1,1
CUST_12001,Bangalore Central,10-12,Thursday,12.95,3,1
CUST_12002,Bangalore East,10-12,Thursday,8.89,1,1
CUST_12003,Bangalore North,12-3,Wednesday,2.89,3,0
CUST_12004,Bangalore East,10-12,Tuesday,10.86,2,1
CUST_12005,Bangalore North,3-5,Friday,8.01,1,1
CUST_12006,Bangalore North,12-3,Tuesday,7.54,2,0
CUST_12007,Bangalore South,3-5,Monday,13.18,2,1
CUST_12008,Bangalore North,10-12,Thursday,2.57,1,0
CUST_12009,Bangalore East,10-12,Monday,9.48,2,0
CUST_12010,Bangalore South,3-5,Tuesday,1.2,1,0
CUST_12011,Bangalore East,3-5,Thursday,10.13,2,1
CUST_12012,Bangalore South,12-3,Thursday,1.65,2,0
CUST_12013,Bangalore North,10-12,Tuesday,10.86,2,0
CUST_12014,Bangalore Central,3-5,Wednesday,11.53,3,1
CUST_12015,Bangalore East,3-5,Tuesday,4.07,2,1
CUST_12016,Bangalore Central,10-12,Friday,12.63,3,1
CUST_12017,Bangalore East,3-5,Wednesday,2.88,2,1
CUST_12018,Bangalore North,12-3,Monday,13.0,2,0
CUST_12019,Bangalore Central,3-5,Wednesday,3.91,1,1
CUST_12020,Bangalore North,12-3,Tuesday,2.21,1,1
CUST_12021,Bangalore East,12-3,Friday,10.21,2,1
CUST_12022,Bangalore North,3-5,Tuesday,2.71,1,0
CUST_12023,Bangalore East,3-5,Tuesday,6.99,2,0
CUST_12024,Bangalore South,12-3,Monday,6.75,2,1
CUST_12025,Bangalore South,10-12,Thursday,9.82,2,1
CUST_12026,Bangalore South,10-12,Friday,10.84,2,0
CUST_12027,Bangalore North,10-12,Monday,6.55,3,1
CUST_12028,Bangalore North,12-3,Tuesday,4.04,2,0
CUST_12029,Bangalore South,12-3,Monday,3.3,3,0
CUST_12030,Bangalore South,10-12,Wednesday,6.67,1,0
CUST_12031,Bangalore South,10-12,Monday,8.04,1,0
CUST_12032,Bangalore South,12-3,Thursday,14.07,1,1
CUST_12033,Bangalore East,12-3,Friday,2.39,1,0
CUST_12034,Bangalore South,12-3,Thursday,5.07,1,1
CUST_12035,Bangalore South,12-3,Wednesday,5.75,2,1
CUST_12036,Bangalore Central,3-5,Monday,10.45,1,0
CUST_12037,Bangalore North,10-12,Tuesday,3.62,2,0
CUST_12038,Bangalore Central,3-5,Thursday,7.7,3,0
CUST_12039,Bangalore South,10-12,Thursday,7.88,2,0
CUST_12040,Bangalore East,10-12,Tuesday,3.34,2,0
CUST_12041,Bangalore North,12-3,Thursday,11.44,2,0
CUST_12042,Bangalore North,3-5,Friday,12.56,1,1
CUST_12043,Bangalore South,10-12,Monday,6.52,1,1
CUST_12044,Bangalore Central,12-3,Tuesday,10.68,3,0
CUST_12045,Bangalore East,10-12,Thursday,2.15,2,0
CUST_12046,Bangalore South,10-12,Monday,1.24,2,0
CUST_12047,Bangalore North,12-3,Thursday,11.87,3,1
CUST_12048,Bangalore East,10-12,Tuesday,6.26,2,0
CUST_12049,Bangalore North,3-5,Friday,1.87,1,0
CUST_12050,Bangalore East,10-12,Friday,6.36,2,0
CUST_12051,Bangalore North,12-3,Thursday,3.11,1,1
CUST_12052,Bangalore Central,3-5,Monday,13.88,2,0
CUST_12053,Bangalore South,3-5,Wednesday,4.71,2,0
CUST_12054,Bangalore South,10-12,Monday,10.2,2,1
CUST_12055,Bangalore East,3-5,Wednesday,13.84,1,0
CUST_12056,Bangalore East,10-12,Monday,3.08,1,1
CUST_12057,Bangalore East,10-12,Monday,14.5,2,0
CUST_12058,Bangalore South,12-3,Friday,14.54,2,1
CUST_12059,Bangalore Central,10-12,Wednesday,8.71,1,1
CUST_12060,Bangalore Central,3-5,Friday,3.9,2,1
CUST_12061,Bangalore East,3-5,Tuesday,10.02,1,1
CUST_12062,Bangalore East,10-12,Thursday,8.94,2,0
CUST_12063,Bangalore South,12-3,Friday,8.11,2,0
CUST_12064,Bangalore South,10-12,Friday,1.52,3,1
CUST_12065,Bangalore North,10-12,Wednesday,1.66,1,0
CUST_12066,Bangalore East,12-3,Friday,13.47,3,1
CUST_12067,Bangalore Central,10-12,Wednesday,7.19,2,0
CUST_12068,Bangalore South,10-12,Friday,9.38,2,1
CUST_12069,Bangalore East,3-5,Thursday,10.95,3,0
CUST_12070,Bangalore East,12-3,Thursday,13.59,3,0
CUST_12071,Bangalore North,10-12,Tuesday,7.44,2,1
CUST_12072,Bangalore North,10-12,Friday,4.28,3,0
CUST_12073,Bangalore East,10-12,Friday,5.68,1,0
CUST_12074,Bangalore East,12-3,Tuesday,2.22,2,1
CUST_12075,Bangalore East,3-5,Tuesday,6.08,2,1
CUST_12076,Bangalore Central,12-3,Tuesday,9.45,2,0
CUST_12077,Bangalore Central,12-3,Monday,8.87,2,1
CUST_12078,Bangalore South,10-12,Tuesday,1.26,3,1
CUST_12079,Bangalore South,12-3,Wednesday,3.07,1,1
CUST_12080,Bangalore Central,12-3,Friday,11.52,2,1
CUST_12081,Bangalore North,3-5,Tuesday,1.72,1,1
CUST_12082,Bangalore North,10-12,Friday,6.78,1,0
CUST_12083,Bangalore Central,12-3,Tuesday,6.9,2,1
CUST_12084,Bangalore South,3-5,Wednesday,12.17,2,0
CUST_12085,Bangalore Central,10-12,Wednesday,11.18,2,0
CUST_12086,Bangalore East,10-12,Friday,12.91,2,1
CUST_12087,Bangalore South,3-5,Wednesday,12.34,1,0
CUST_12088,Bangalore East,3-5,Tuesday,1.73,1,0
CUST_12089,Bangalore Central,10-12,Tuesday,13.07,3,0
CUST_12090,Bangalore South,10-12,Thursday,8.45,2,1
CUST_12091,Bangalore East,10-12,Friday,5.85,1,1
CUST_12092,Bangalore East,10-12,Friday,5.9,3,0
CUST_12093,Bangalore Central,10-12,Friday,10.4,3,1
CUST_12094,Bangalore East,10-12,Monday,7.3,3,1
CUST_12095,Bangalore North,10-12,Monday,2.09,2,1
CUST_12096,Bangalore South,12-3,Monday,14.65,3,0
CUST_12097,Bangalore South,10-12,Monday,14.38,2,1
CUST_12098,Bangalore Central,3-5,Friday,1.18,1,1
CUST_12099,Bangalore East,10-12,Thursday,6.63,1,0
CUST_12100,Bangalore South,3-5,Monday,2.92,1,0
CUST_12101,Bangalore South,10-12,Wednesday,14.17,2,0
CUST_12102,Bangalore Central,10-12,Thursday,13.19,2,1
CUST_12103,Bangalore North,12-3,Tuesday,1.04,2,0
CUST_12104,Bangalore Central,12-3,Tuesday,5.37,3,1
CUST_12105,Bangalore North,10-12,Monday,7.29,1,1
CUST_12106,Bangalore Central,3-5,Monday,14.54,1,1
CUST_12107,Bangalore Central,12-3,Monday,8.01,2,1
CUST_12108,Bangalore East,12-3,Tuesday,9.9,3,0
CUST_12109,Bangalore South,12-3,Tuesday,14.46,1,1
CUST_12110,Bangalore North,12-3,Tuesday,2.15,2,0
CUST_12111,Bangalore North,10-12,Wednesday,5.17,2,1
CUST_12112,Bangalore East,3-5,Wednesday,9.67,2,1
CUST_12113,Bangalore North,10-12,Friday,4.64,2,0
CUST_12114,Bangalore South,10-12,Thursday,11.82,2,1
CUST_12115,Bangalore Central,10-12,Thursday,2.6,2,1
CUST_12116,Bangalore North,3-5,Thursday,4.86,3,1
CUST_12117,Bangalore Central,10-12,Friday,3.96,2,1
CUST_12118,Bangalore South,3-5,Wednesday,8.94,3,1
CUST_12119,Bangalore South,3-5,Friday,6.94,1,0
CUST_12120,Bangalore Central,10-12,Wednesday,2.02,2,0
CUST_12121,Bangalore East,12-3,Friday,5.03,3,0
CUST_12122,Bangalore Central,10-12,Wednesday,12.26,1,0
CUST_12123,Bangalore South,3-5,Friday,5.85,1,0
CUST_12124,Bangalore Central,10-12,Tuesday,1.43,1,0
CUST_12125,Bangalore South,10-12,Tuesday,14.34,1,0
CUST_12126,Bangalore North,12-3,Tuesday,6.05,3,0
CUST_12127,Bangalore East,10-12,Thursday,9.6,1,0
CUST_12128,Bangalore North,10-12,Friday,2.72,2,0
CUST_12129,Bangalore East,10-12,Thursday,4.29,3,0
CUST_12130,Bangalore North,3-5,Tuesday,14.46,1,0
CUST_12131,Bangalore North,12-3,Monday,2.94,2,0
CUST_12132,Bangalore North,3-5,Monday,9.74,3,1
CUST_12133,Bangalore East,10-12,Friday,4.52,2,1
CUST_12134,Bangalore South,10-12,Thursday,7.16,3,1
CUST_12135,Bangalore East,3-5,Friday,6.52,2,0
CUST_12136,Bangalore South,10-12,Friday,9.49,2,1
CUST_12137,Bangalore North,3-5,Monday,8.1,3,1
CUST_12138,Bangalore South,10-12,Thursday,10.6,2,1
CUST_12139,Bangalore South,12-3,Thursday,13.98,2,1
CUST_12140,Bangalore Central,10-12,Friday,3.17,1,0
CUST_12141,Bangalore East,12-3,Thursday,1.95,2,0
CUST_12142,Bangalore Central,3-5,Friday,3.73,2,0
CUST_12143,Bangalore East,12-3,Monday,8.64,2,1
CUST_12144,Bangalore North,3-5,Wednesday,10.68,2,1
CUST_12145,Bangalore East,3-5,Friday,5.46,2,0
CUST_12146,Bangalore South,3-5,Friday,7.71,2,0
CUST_12147,Bangalore North,10-12,Thursday,9.56,1,0
CUST_12148,Bangalore North,10-12,Friday,14.79,3,1
CUST_12149,Bangalore North,10-12,Tuesday,7.55,2,1
CUST_12150,Bangalore South,12-3,Thursday,7.34,2,1
CUST_12151,Bangalore South,3-5,Thursday,1.72,2,0
CUST_12152,Bangalore North,3-5,Monday,12.96,1,0
CUST_12153,Bangalore East,12-3,Wednesday,12.94,2,0
CUST_12154,Bangalore South,10-12,Thursday,3.14,2,1
CUST_12155,Bangalore North,12-3,Monday,1.17,1,1
CUST_12156,Bangalore East,10-12,Tuesday,10.08,3,1
CUST_12157,Bangalore South,3-5,Thursday,11.78,2,1
CUST_12158,Bangalore North,12-3,Wednesday,6.37,2,1
CUST_12159,Bangalore South,12-3,Monday,14.62,2,1
CUST_12160,Bangalore Central,12-3,Thursday,3.32,3,1
CUST_12161,Bangalore Central,3-5,Monday,12.29,2,0
CUST_12162,Bangalore Central,3-5,Friday,14.22,2,1
CUST_12163,Bangalore East,12-3,Tuesday,14.38,2,1
CUST_12164,Bangalore South,12-3,Wednesday,3.06,1,0
CUST_12165,Bangalore Central,12-3,Wednesday,2.96,1,0
CUST_12166,Bangalore North,3-5,Thursday,11.59,2,0
CUST_12167,Bangalore East,12-3,Monday,1.43,2,0
CUST_12168,Bangalore Central,10-12,Friday,10.91,3,0
CUST_12169,Bangalore South,10-12,Wednesday,2.59,2,1
CUST_12170,Bangalore East,12-3,Wednesday,5.11,2,0
CUST_12171,Bangalore Central,10-12,Thursday,14.13,2,1
CUST_12172,Bangalore Central,3-5,Friday,1.08,1,0
CUST_12173,Bangalore Central,10-12,Friday,5.51,3,1
CUST_12174,Bangalore Central,12-3,Wednesday,7.61,1,1
CUST_12175,Bangalore North,3-5,Tuesday,8.78,3,1
CUST_12176,Bangalore East,10-12,Thursday,8.32,3,0
CUST_12177,Bangalore Central,10-12,Friday,12.5,2,0
CUST_12178,Bangalore North,12-3,Monday,6.49,3,0
CUST_12179,Bangalore North,10-12,Monday,2.26,2,0
CUST_12180,Bangalore South,12-3,Friday,6.22,2,1
CUST_12181,Bangalore North,3-5,Friday,9.26,2,0
CUST_12182,Bangalore Central,10-12,Tuesday,13.4,2,0
CUST_12183,Bangalore South,3-5,Thursday,4.71,3,1
CUST_12184,Bangalore East,10-12,Friday,8.31,1,1
CUST_12185,Bangalore East,10-12,Friday,4.05,2,0
CUST_12186,Bangalore East,10-12,Monday,7.71,3,1
CUST_12187,Bangalore South,12-3,Tuesday,12.97,2,0
CUST_12188,Bangalore South,3-5,Thursday,5.19,3,0
CUST_12189,Bangalore Central,3-5,Wednesday,11.32,1,0
CUST_12190,Bangalore North,10-12,Tuesday,7.62,2,0
CUST_12191,Bangalore East,12-3,Thursday,8.8,3,1
CUST_12192,Bangalore South,3-5,Thursday,13.58,2,1
CUST_12193,Bangalore South,12-3,Monday,9.89,2,1
CUST_12194,Bangalore South,12-3,Monday,4.3,2,1
CUST_12195,Bangalore South,3-5,Thursday,8.19,2,0
CUST_12196,Bangalore East,12-3,Friday,10.79,1,1
CUST_12197,Bangalore East,10-12,Friday,9.61,3,0
CUST_12198,Bangalore Central,12-3,Tuesday,8.0,3,0
CUST_12199,Bangalore North,10-12,Wednesday,10.28,1,1
CUST_12200,Bangalore South,3-5,Monday,9.87,2,1
CUST_12201,Bangalore Central,12-3,Monday,5.0,1,0
CUST_12202,Bangalore East,3-5,Monday,2.92,2,0
CUST_12203,Bangalore Central,10-12,Wednesday,3.64,3,1
CUST_12204,Bangalore North,3-5,Friday,8.51,3,0
CUST_12205,Bangalore East,3-5,Monday,1.35,3,1
CUST_12206,Bangalore East,10-12,Friday,11.42,2,1
CUST_12207,Bangalore South,10-12,Tuesday,7.32,1,0
CUST_12208,Bangalore Central,3-5,Thursday,4.41,3,0
CUST_12209,Bangalore East,3-5,Tuesday,7.07,2,0
CUST_12210,Bangalore North,10-12,Friday,9.72,2,1
CUST_12211,Bangalore Central,3-5,Tuesday,6.5,1,0
CUST_12212,Bangalore Central,10-12,Tuesday,5.77,2,0
CUST_12213,Bangalore South,10-12,Thursday,11.96,2,0
CUST_12214,Bangalore Central,3-5,Wednesday,12.43,2,1
CUST_12215,Bangalore South,3-5,Friday,9.43,2,0
CUST_12216,Bangalore Central,12-3,Friday,9.82,1,0
CUST_12217,Bangalore East,12-3,Thursday,12.89,3,0
CUST_12218,Bangalore Central,10-12,Wednesday,12.28,2,1
CUST_12219,Bangalore South,10-12,Monday,10.93,2,1
CUST_12220,Bangalore Central,3-5,Wednesday,7.26,3,1
CUST_12221,Bangalore Central,3-5,Tuesday,2.74,2,1
CUST_12222,Bangalore Central,12-3,Tuesday,10.39,2,0
CUST_12223,Bangalore North,12-3,Thursday,1.42,1,0
CUST_12224,Bangalore South,10-12,Monday,13.6,2,0
CUST_12225,Bangalore Central,3-5,Monday,2.7,2,0
CUST_12226,Bangalore East,3-5,Friday,8.08,2,0
CUST_12227,Bangalore East,3-5,Wednesday,2.27,1,1
CUST_12228,Bangalore South,10-12,Friday,12.6,1,1
CUST_12229,Bangalore Central,3-5,Monday,13.03,1,1
CUST_12230,Bangalore East,3-5,Monday,7.97,2,0
CUST_12231,Bangalore Central,12-3,Monday,9.22,1,0
CUST_12232,Bangalore Central,12-3,Friday,5.09,2,1
CUST_12233,Bangalore North,12-3,Wednesday,8.51,1,0
CUST_12234,Bangalore East,12-3,Friday,8.14,3,1
CUST_12235,Bangalore North,12-3,Wednesday,10.05,3,1
CUST_12236,Bangalore East,3-5,Thursday,2.0,2,1
CUST_12237,Bangalore East,3-5,Friday,11.29,3,1
CUST_12238,Bangalore East,12-3,Tuesday,13.47,2,1
CUST_12239,Bangalore East,12-3,Tuesday,12.32,2,0
CUST_12240,Bangalore North,3-5,Monday,12.86,2,1
CUST_12241,Bangalore South,12-3,Wednesday,10.89,1,0
CUST_12242,Bangalore East,3-5,Wednesday,8.91,2,1
CUST_12243,Bangalore East,10-12,Wednesday,5.58,3,1
CUST_12244,Bangalore East,12-3,Wednesday,13.34,2,1
CUST_12245,Bangalore Central,12-3,Monday,4.06,2,0
CUST_12246,Bangalore South,10-12,Monday,8.47,2,1
CUST_12247,Bangalore Central,12-3,Monday,6.55,2,0
CUST_12248,Bangalore Central,3-5,Friday,10.62,1,1
CUST_12249,Bangalore Central,10-12,Thursday,11.85,3,0
CUST_12250,Bangalore North,10-12,Thursday,10.43,2,0
CUST_12251,Bangalore Central,3-5,Tuesday,11.51,3,1
CUST_12252,Bangalore South,10-12,Wednesday,9.55,1,0
CUST_12253,Bangalore East,12-3,Friday,4.95,1,0
CUST_12254,Bangalore East,12-3,Tuesday,6.48,1,1
CUST_12255,Bangalore East,3-5,Thursday,1.47,1,0
CUST_12256,Bangalore East,12-3,Wednesday,2.69,1,0
CUST_12257,Bangalore Central,10-12,Monday,10.24,3,0
CUST_12258,Bangalore South,10-12,Monday,3.59,1,1
CUST_12259,Bangalore North,3-5,Thursday,1.23,2,0
CUST_12260,Bangalore Central,12-3,Tuesday,12.24,1,1
CUST_12261,Bangalore Central,12-3,Wednesday,2.63,1,1
CUST_12262,Bangalore South,12-3,Friday,1.08,1,0
CUST_12263,Bangalore East,3-5,Wednesday,1.44,1,1
CUST_12264,Bangalore East,12-3,Wednesday,14.37,2,0
CUST_12265,Bangalore East,3-5,Monday,14.82,3,1
CUST_12266,Bangalore East,12-3,Thursday,6.52,2,0
CUST_12267,Bangalore East,12-3,Friday,11.25,3,1
CUST_12268,Bangalore East,3-5,Tuesday,5.87,2,1
CUST_12269,Bangalore South,10-12,Wednesday,11.35,1,1
CUST_12270,Bangalore South,10-12,Monday,9.9,1,1
CUST_12271,Bangalore East,12-3,Tuesday,3.03,2,0
CUST_12272,Bangalore South,10-12,Monday,4.82,1,0
CUST_12273,Bangalore North,12-3,Monday,14.23,2,0
CUST_12274,Bangalore Central,10-12,Wednesday,2.83,2,0
CUST_12275,Bangalore East,3-5,Thursday,2.11,2,1
CUST_12276,Bangalore North,10-12,Monday,9.52,1,1
CUST_12277,Bangalore South,10-12,Friday,7.69,3,0
CUST_12278,Bangalore North,3-5,Wednesday,5.25,2,1
CUST_12279,Bangalore East,12-3,Thursday,10.9,2,0
CUST_12280,Bangalore South,12-3,Wednesday,1.1,2,1
CUST_12281,Bangalore North,3-5,Friday,11.14,2,1
CUST_12282,Bangalore South,12-3,Wednesday,5.53,2,1
CUST_12283,Bangalore Central,3-5,Thursday,9.24,2,0
CUST_12284,Bangalore North,12-3,Thursday,8.94,2,0
CUST_12285,Bangalore South,12-3,Monday,6.99,2,0
CUST_12286,Bangalore South,12-3,Friday,7.74,1,1
CUST_12287,Bangalore East,10-12,Friday,11.6,1,1
CUST_12288,Bangalore North,10-12,Monday,6.29,1,1
CUST_12289,Bangalore South,12-3,Thursday,6.06,1,0
CUST_12290,Bangalore Central,12-3,Thursday,14.18,2,1
CUST_12291,Bangalore Central,10-12,Friday,13.15,3,0
CUST_12292,Bangalore East,12-3,Tuesday,1.81,1,1
CUST_12293,Bangalore Central,12-3,Monday,3.34,1,0
CUST_12294,Bangalore North,3-5,Friday,13.46,3,1
CUST_12295,Bangalore East,3-5,Thursday,14.48,2,1
CUST_12296,Bangalore South,10-12,Thursday,14.19,2,0
CUST_12297,Bangalore East,10-12,Thursday,8.86,1,0
CUST_12298,Bangalore North,12-3,Friday,14.25,2,1
CUST_12299,Bangalore South,12-3,Wednesday,7.92,1,0
CUST_12300,Bangalore East,3-5,Monday,7.67,3,0
CUST_12301,Bangalore East,3-5,Tuesday,5.41,2,1
CUST_12302,Bangalore East,10-12,Tuesday,9.25,2,1
CUST_12303,Bangalore Central,12-3,Thursday,14.89,2,1
CUST_12304,Bangalore East,3-5,Tuesday,9.53,2,1
CUST_12305,Bangalore Central,12-3,Thursday,7.27,2,1
CUST_12306,Bangalore East,3-5,Wednesday,7.76,2,0
CUST_12307,Bangalore East,10-12,Thursday,9.06,1,1
CUST_12308,Bangalore East,12-3,Friday,3.6,2,1
CUST_12309,Bangalore East,10-12,Tuesday,4.36,3,0
CUST_12310,Bangalore East,10-12,Thursday,12.05,2,0
CUST_12311,Bangalore North,10-12,Monday,12.33,2,1
CUST_12312,Bangalore Central,12-3,Wednesday,9.92,2,1
CUST_12313,Bangalore South,10-12,Friday,3.46,2,0
CUST_12314,Bangalore North,12-3,Thursday,7.44,3,0
CUST_12315,Bangalore Central,10-12,Monday,3.4,2,0
CUST_12316,Bangalore South,10-12,Friday,2.52,2,1
CUST_12317,Bangalore Central,3-5,Friday,3.64,2,1
CUST_12318,Bangalore Central,3-5,Friday,7.47,2,0
CUST_12319,Bangalore South,3-5,Thursday,1.31,2,0
CUST_12320,Bangalore South,12-3,Wednesday,14.78,1,1
CUST_12321,Bangalore North,10-12,Friday,7.23,2,1
CUST_12322,Bangalore North,10-12,Wednesday,7.87,1,0
CUST_12323,Bangalore East,3-5,Thursday,7.93,3,0
CUST_12324,Bangalore Central,12-3,Wednesday,8.4,1,1
CUST_12325,Bangalore South,12-3,Wednesday,6.75,1,1
CUST_12326,Bangalore South,3-5,Tuesday,4.77,2,1
CUST_12327,Bangalore South,3-5,Friday,1.55,2,1
CUST_12328,Bangalore South,10-12,Thursday,3.96,1,1
CUST_12329,Bangalore North,3-5,Monday,1.44,1,1
CUST_12330,Bangalore North,3-5,Wednesday,8.03,1,1
CUST_12331,Bangalore Central,12-3,Wednesday,3.71,1,0
CUST_12332,Bangalore North,12-3,Tuesday,1.33,2,1
CUST_12333,Bangalore Central,12-3,Thursday,3.86,1,1
CUST_12334,Bangalore Central,12-3,Monday,3.55,1,1
CUST_12335,Bangalore East,10-12,Thursday,10.62,2,1
CUST_12336,Bangalore North,12-3,Friday,1.38,2,0
CUST_12337,Bangalore South,12-3,Friday,12.39,2,1
CUST_12338,Bangalore North,12-3,Wednesday,12.97,2,0
CUST_12339,Bangalore East,10-12,Tuesday,5.38,3,0
CUST_12340,Bangalore East,10-12,Monday,9.64,2,1
CUST_12341,Bangalore Central,12-3,Friday,11.03,2,1
CUST_12342,Bangalore Central,10-12,Monday,11.12,3,0
CUST_12343,Bangalore Central,12-3,Wednesday,3.82,2,1
CUST_12344,Bangalore Central,3-5,Thursday,3.41,2,1
CUST_12345,Bangalore Central,3-5,Monday,13.29,2,1
CUST_12346,Bangalore East,10-12,Thursday,9.83,1,1
CUST_12347,Bangalore South,3-5,Thursday,13.28,2,0
CUST_12348,Bangalore East,3-5,Monday,6.46,2,1
CUST_12349,Bangalore East,3-5,Friday,3.65,2,1
CUST_12350,Bangalore Central,12-3,Friday,13.94,2,0
CUST_12351,Bangalore South,3-5,Friday,5.49,2,0
CUST_12352,Bangalore Central,12-3,Friday,9.68,1,1
CUST_12353,Bangalore South,10-12,Monday,12.34,1,1
CUST_12354,Bangalore North,12-3,Thursday,9.8,2,0
CUST_12355,Bangalore South,12-3,Tuesday,9.28,1,0
CUST_12356,Bangalore Central,10-12,Monday,12.22,1,0
CUST_12357,Bangalore South,12-3,Thursday,7.0,2,0
CUST_12358,Bangalore North,3-5,Monday,2.2,2,0
CUST_12359,Bangalore Central,12-3,Monday,12.28,1,0
CUST_12360,Bangalore Central,3-5,Monday,12.74,3,1
CUST_12361,Bangalore East,10-12,Wednesday,6.65,1,0
CUST_12362,Bangalore North,12-3,Tuesday,7.31,1,0
CUST_12363,Bangalore North,3-5,Friday,10.88,1,0
CUST_12364,Bangalore Central,3-5,Friday,7.43,1,1
CUST_12365,Bangalore South,3-5,Monday,2.26,1,0
CUST_12366,Bangalore North,12-3,Thursday,11.91,2,0
CUST_12367,Bangalore North,10-12,Monday,14.58,2,0
CUST_12368,Bangalore North,3-5,Friday,12.99,3,1
CUST_12369,Bangalore North,10-12,Tuesday,14.22,2,1
CUST_12370,Bangalore South,10-12,Tuesday,4.76,1,0
CUST_12371,Bangalore North,10-12,Monday,5.83,1,0
CUST_12372,Bangalore South,3-5,Thursday,13.21,1,0
CUST_12373,Bangalore Central,12-3,Thursday,13.99,2,0
CUST_12374,Bangalore North,12-3,Tuesday,3.88,2,1
CUST_12375,Bangalore North,10-12,Thursday,3.83,2,0
CUST_12376,Bangalore East,10-12,Tuesday,4.56,3,0
CUST_12377,Bangalore North,10-12,Tuesday,6.45,2,0
CUST_12378,Bangalore Central,10-12,Wednesday,6.18,2,1
CUST_12379,Bangalore Central,10-12,Tuesday,5.73,2,0
CUST_12380,Bangalore East,12-3,Monday,11.45,2,1
CUST_12381,Bangalore South,3-5,Wednesday,6.11,2,0
CUST_12382,Bangalore Central,12-3,Wednesday,13.07,2,1
CUST_12383,Bangalore North,10-12,Tuesday,14.88,3,1
CUST_12384,Bangalore Central,3-5,Friday,12.33,2,0
CUST_12385,Bangalore North,3-5,Thursday,5.3,2,1
CUST_12386,Bangalore North,3-5,Monday,14.1,2,1
CUST_12387,Bangalore East,12-3,Wednesday,8.66,1,1
CUST_12388,Bangalore North,10-12,Wednesday,2.91,3,1
CUST_12389,Bangalore East,3-5,Monday,12.24,2,0
CUST_12390,Bangalore Central,3-5,Wednesday,8.77,2,1
CUST_12391,Bangalore Central,10-12,Friday,10.7,2,0
CUST_12392,Bangalore Central,12-3,Friday,7.16,3,1
CUST_12393,Bangalore Central,3-5,Wednesday,10.39,2,1
CUST_12394,Bangalore North,12-3,Friday,3.91,3,0
CUST_12395,Bangalore East,10-12,Wednesday,7.95,1,0
CUST_12396,Bangalore North,12-3,Monday,8.65,3,0
CUST_12397,Bangalore Central,12-3,Thursday,4.54,2,0
CUST_12398,Bangalore North,12-3,Wednesday,8.35,2,0
CUST_12399,Bangalore Central,12-3,Wednesday,13.43,1,0
CUST_12400,Bangalore North,12-3,Tuesday,11.51,1,1
CUST_12401,Bangalore South,10-12,Friday,7.22,2,1
CUST_12402,Bangalore North,12-3,Wednesday,9.86,2,0
CUST_12403,Bangalore South,10-12,Thursday,14.74,3,1
CUST_12404,Bangalore South,12-3,Tuesday,11.58,2,1
CUST_12405,Bangalore Central,3-5,Monday,5.63,1,1
CUST_12406,Bangalore North,3-5,Wednesday,14.53,2,1
CUST_12407,Bangalore North,3-5,Wednesday,7.97,2,0
CUST_12408,Bangalore North,10-12,Friday,7.52,2,1
CUST_12409,Bangalore Central,3-5,Wednesday,12.08,2,0
CUST_12410,Bangalore Central,10-12,Wednesday,12.41,2,1
CUST_12411,Bangalore North,10-12,Wednesday,1.79,2,0
CUST_12412,Bangalore Central,12-3,Thursday,11.3,1,0
CUST_12413,Bangalore Central,3-5,Wednesday,8.62,1,0
CUST_12414,Bangalore Central,12-3,Friday,2.18,2,1
CUST_12415,Bangalore North,12-3,Wednesday,10.76,2,1
CUST_12416,Bangalore East,3-5,Thursday,9.69,2,0
CUST_12417,Bangalore North,10-12,Wednesday,14.02,2,0
CUST_12418,Bangalore Central,12-3,Thursday,3.37,2,1
CUST_12419,Bangalore East,12-3,Thursday,14.72,2,0
CUST_12420,Bangalore Central,12-3,Tuesday,5.38,2,0
CUST_12421,Bangalore North,10-12,Monday,7.61,2,1
CUST_12422,Bangalore East,10-12,Wednesday,12.7,2,1
CUST_12423,Bangalore Central,12-3,Monday,13.17,2,1
CUST_12424,Bangalore South,10-12,Thursday,12.69,3,0
CUST_12425,Bangalore Central,12-3,Thursday,2.81,2,1
CUST_12426,Bangalore Central,3-5,Friday,3.45,2,0
CUST_12427,Bangalore South,10-12,Monday,2.41,2,0
CUST_12428,Bangalore North,10-12,Wednesday,3.3,1,1
CUST_12429,Bangalore North,10-12,Friday,2.65,1,1
CUST_12430,Bangalore North,10-12,Monday,4.15,2,0
CUST_12431,Bangalore South,12-3,Friday,3.09,2,1
CUST_12432,Bangalore East,12-3,Friday,12.67,2,0
CUST_12433,Bangalore East,10-12,Tuesday,14.92,2,0
CUST_12434,Bangalore East,10-12,Friday,4.61,2,0
CUST_12435,Bangalore South,12-3,Friday,1.67,1,1
CUST_12436,Bangalore Central,3-5,Tuesday,5.8,1,1
CUST_12437,Bangalore South,10-12,Tuesday,3.77,3,1
CUST_12438,Bangalore East,12-3,Wednesday,14.13,1,1
CUST_12439,Bangalore East,3-5,Friday,14.07,1,0
CUST_12440,Bangalore Central,3-5,Friday,6.41,3,1
CUST_12441,Bangalore North,10-12,Friday,7.57,1,1
CUST_12442,Bangalore Central,10-12,Tuesday,12.87,3,1
CUST_12443,Bangalore East,3-5,Tuesday,6.85,3,0
CUST_12444,Bangalore South,10-12,Wednesday,6.67,1,1
CUST_12445,Bangalore East,3-5,Friday,1.09,2,0
CUST_12446,Bangalore North,10-12,Monday,12.97,2,1
CUST_12447,Bangalore Central,10-12,Monday,6.24,2,1
CUST_12448,Bangalore East,3-5,Wednesday,12.85,2,1
CUST_12449,Bangalore Central,10-12,Friday,12.78,1,1
CUST_12450,Bangalore North,3-5,Monday,3.9,2,0
CUST_12451,Bangalore East,10-12,Friday,12.98,2,1
CUST_12452,Bangalore Central,10-12,Thursday,11.19,2,1
CUST_12453,Bangalore East,10-12,Thursday,11.14,2,1
CUST_12454,Bangalore South,10-12,Thursday,13.13,1,1
CUST_12455,Bangalore Central,3-5,Friday,8.26,2,0
CUST_12456,Bangalore Central,3-5,Friday,2.44,2,1
CUST_12457,Bangalore Central,12-3,Monday,9.17,2,0
CUST_12458,Bangalore South,10-12,Monday,2.77,2,0
CUST_12459,Bangalore East,10-12,Friday,9.5,1,1
CUST_12460,Bangalore South,12-3,Wednesday,1.95,2,1
CUST_12461,Bangalore North,10-12,Wednesday,3.73,3,0
CUST_12462,Bangalore East,3-5,Thursday,5.19,3,0
CUST_12463,Bangalore South,3-5,Monday,14.48,1,1
CUST_12464,Bangalore North,10-12,Friday,9.28,1,0
CUST_12465,Bangalore North,12-3,Tuesday,14.73,2,0
CUST_12466,Bangalore South,10-12,Monday,6.64,1,0
CUST_12467,Bangalore East,10-12,Monday,5.1,2,0
CUST_12468,Bangalore North,12-3,Tuesday,10.19,1,0
CUST_12469,Bangalore North,12-3,Friday,2.1,3,0
CUST_12470,Bangalore Central,10-12,Thursday,3.11,2,1
CUST_12471,Bangalore South,10-12,Thursday,13.58,1,0
CUST_12472,Bangalore Central,3-5,Tuesday,1.3,2,1
CUST_12473,Bangalore North,10-12,Monday,1.18,2,0
CUST_12474,Bangalore Central,12-3,Wednesday,1.49,1,1
CUST_12475,Bangalore East,12-3,Monday,13.42,2,1
CUST_12476,Bangalore South,3-5,Monday,9.51,3,1
CUST_12477,Bangalore Central,10-12,Tuesday,8.59,2,0
CUST_12478,Bangalore East,3-5,Monday,14.46,1,0
CUST_12479,Bangalore South,10-12,Friday,4.5,1,1
CUST_12480,Bangalore Central,3-5,Thursday,12.79,2,1
CUST_12481,Bangalore East,3-5,Wednesday,14.78,2,1
CUST_12482,Bangalore North,3-5,Thursday,1.75,3,0
CUST_12483,Bangalore Central,12-3,Thursday,1.62,1,0
CUST_12484,Bangalore North,3-5,Tuesday,10.33,3,1
CUST_12485,Bangalore South,3-5,Friday,5.34,2,1
CUST_12486,Bangalore South,10-12,Friday,5.01,2,0
CUST_12487,Bangalore East,3-5,Friday,3.75,1,1
CUST_12488,Bangalore Central,3-5,Thursday,6.51,1,0
CUST_12489,Bangalore Central,3-5,Tuesday,5.14,2,1
CUST_12490,Bangalore Central,10-12,Wednesday,1.24,2,0
CUST_12491,Bangalore South,12-3,Friday,8.64,1,1
CUST_12492,Bangalore Central,3-5,Wednesday,10.03,1,1
CUST_12493,Bangalore North,12-3,Thursday,4.39,3,1
CUST_12494,Bangalore East,12-3,Friday,4.73,2,1
CUST_12495,Bangalore Central,12-3,Friday,7.97,2,1
CUST_12496,Bangalore South,10-12,Friday,8.3,2,0
CUST_12497,Bangalore South,3-5,Friday,8.32,2,1
CUST_12498,Bangalore East,10-12,Tuesday,10.1,1,0
CUST_12499,Bangalore East,3-5,Friday,13.74,2,0
CUST_12500,Bangalore North,3-5,Friday,5.91,2,0
CUST_12501,Bangalore North,10-12,Tuesday,14.97,1,0
CUST_12502,Bangalore East,3-5,Friday,12.61,2,1
CUST_12503,Bangalore South,12-3,Wednesday,2.85,2,0
CUST_12504,Bangalore East,10-12,Tuesday,12.63,2,0
CUST_12505,Bangalore East,12-3,Friday,14.09,2,1
CUST_12506,Bangalore South,12-3,Wednesday,10.2,3,0
CUST_12507,Bangalore North,12-3,Wednesday,8.14,2,0
CUST_12508,Bangalore Central,10-12,Friday,6.47,1,1
CUST_12509,Bangalore East,10-12,Friday,5.34,3,1
CUST_12510,Bangalore Central,3-5,Tuesday,6.72,3,1
CUST_12511,Bangalore East,10-12,Thursday,3.07,2,0
CUST_12512,Bangalore East,3-5,Wednesday,5.0,2,1
CUST_12513,Bangalore South,12-3,Thursday,8.89,2,1
CUST_12514,Bangalore North,3-5,Friday,14.41,3,0
CUST_12515,Bangalore South,10-12,Friday,11.11,3,0
CUST_12516,Bangalore East,3-5,Tuesday,9.81,1,0
CUST_12517,Bangalore East,12-3,Thursday,4.87,2,0
CUST_12518,Bangalore East,12-3,Tuesday,1.28,1,1
CUST_12519,Bangalore Central,3-5,Monday,6.12,1,0
CUST_12520,Bangalore North,12-3,Wednesday,4.43,3,1
CUST_12521,Bangalore East,12-3,Wednesday,12.2,2,1
CUST_12522,Bangalore Central,3-5,Monday,4.52,1,0
CUST_12523,Bangalore Central,12-3,Friday,3.07,1,1
CUST_12524,Bangalore Central,3-5,Wednesday,13.09,2,1
CUST_12525,Bangalore South,10-12,Thursday,5.78,3,0
CUST_12526,Bangalore East,10-12,Wednesday,5.9,2,0
CUST_12527,Bangalore East,12-3,Monday,7.69,1,0
CUST_12528,Bangalore South,12-3,Monday,3.16,1,0
CUST_12529,Bangalore North,3-5,Tuesday,13.34,3,0
CUST_12530,Bangalore North,12-3,Tuesday,14.18,1,1
CUST_12531,Bangalore South,12-3,Thursday,11.37,1,0
CUST_12532,Bangalore East,3-5,Wednesday,1.85,3,1
CUST_12533,Bangalore East,3-5,Tuesday,7.92,1,0
CUST_12534,Bangalore North,10-12,Thursday,8.9,2,1
CUST_12535,Bangalore North,10-12,Wednesday,1.65,1,1
CUST_12536,Bangalore South,3-5,Monday,14.09,2,0
CUST_12537,Bangalore East,3-5,Monday,13.67,3,0
CUST_12538,Bangalore North,3-5,Wednesday,6.01,2,1
CUST_12539,Bangalore South,10-12,Thursday,8.84,2,0
CUST_12540,Bangalore East,12-3,Wednesday,6.03,2,1
CUST_12541,Bangalore North,3-5,Tuesday,13.31,3,0
CUST_12542,Bangalore North,3-5,Thursday,7.38,1,0
CUST_12543,Bangalore Central,12-3,Wednesday,14.84,2,0
CUST_12544,Bangalore North,12-3,Monday,2.22,1,0
CUST_12545,Bangalore North,12-3,Thursday,13.33,1,1
CUST_12546,Bangalore South,3-5,Friday,2.17,2,1
CUST_12547,Bangalore North,10-12,Tuesday,5.47,1,0
CUST_12548,Bangalore East,3-5,Thursday,11.81,2,0
CUST_12549,Bangalore North,12-3,Wednesday,3.63,1,1
CUST_12550,Bangalore Central,12-3,Thursday,11.19,1,0
CUST_12551,Bangalore East,3-5,Monday,12.47,1,1
CUST_12552,Bangalore East,3-5,Tuesday,12.84,2,0
CUST_12553,Bangalore North,12-3,Monday,9.37,1,0
CUST_12554,Bangalore South,10-12,Monday,14.88,1,1
CUST_12555,Bangalore South,12-3,Tuesday,8.59,3,0
CUST_12556,Bangalore East,10-12,Friday,8.6,3,1
CUST_12557,Bangalore South,3-5,Monday,7.92,2,0
CUST_12558,Bangalore North,3-5,Friday,5.35,2,0
CUST_12559,Bangalore Central,12-3,Wednesday,13.88,3,1
CUST_12560,Bangalore East,12-3,Tuesday,7.72,3,1
CUST_12561,Bangalore South,10-12,Wednesday,1.02,2,1
CUST_12562,Bangalore Central,10-12,Friday,1.47,1,0
CUST_12563,Bangalore Central,3-5,Monday,1.73,2,0
CUST_12564,Bangalore North,3-5,Thursday,12.2,1,1
CUST_12565,Bangalore South,3-5,Thursday,11.36,2,1
CUST_12566,Bangalore East,10-12,Monday,6.15,1,1
CUST_12567,Bangalore Central,3-5,Tuesday,7.7,2,1
CUST_12568,Bangalore Central,12-3,Wednesday,9.79,1,0
CUST_12569,Bangalore East,3-5,Monday,8.91,1,0
CUST_12570,Bangalore South,3-5,Tuesday,7.59,1,0
CUST_12571,Bangalore Central,12-3,Thursday,6.83,3,1
CUST_12572,Bangalore East,3-5,Tuesday,3.78,1,1
CUST_12573,Bangalore South,12-3,Wednesday,7.01,1,0
CUST_12574,Bangalore South,3-5,Thursday,5.12,1,1
CUST_12575,Bangalore East,10-12,Thursday,14.1,2,1
CUST_12576,Bangalore East,10-12,Thursday,7.52,2,0
CUST_12577,Bangalore North,12-3,Friday,13.45,2,1
CUST_12578,Bangalore North,10-12,Wednesday,3.39,1,1
CUST_12579,Bangalore East,3-5,Tuesday,12.78,1,0
CUST_12580,Bangalore North,12-3,Wednesday,4.2,2,1
CUST_12581,Bangalore East,3-5,Friday,3.36,2,0
CUST_12582,Bangalore North,12-3,Friday,11.04,2,0
CUST_12583,Bangalore Central,12-3,Friday,10.04,1,1
CUST_12584,Bangalore East,10-12,Wednesday,1.88,3,0
CUST_12585,Bangalore North,10-12,Tuesday,11.01,1,1
CUST_12586,Bangalore East,10-12,Friday,10.71,2,0
CUST_12587,Bangalore East,10-12,Wednesday,10.58,3,0
CUST_12588,Bangalore North,12-3,Wednesday,2.63,1,1
CUST_12589,Bangalore North,12-3,Tuesday,4.06,2,1
CUST_12590,Bangalore East,3-5,Monday,4.49,2,1
CUST_12591,Bangalore North,10-12,Tuesday,3.33,2,0
CUST_12592,Bangalore East,3-5,Friday,6.73,2,1
CUST_12593,Bangalore North,10-12,Thursday,1.37,1,0
CUST_12594,Bangalore South,12-3,Tuesday,5.17,2,0
CUST_12595,Bangalore North,3-5,Thursday,8.71,2,1
CUST_12596,Bangalore Central,10-12,Wednesday,13.07,2,1
CUST_12597,Bangalore Central,12-3,Wednesday,11.3,3,0
CUST_12598,Bangalore Central,10-12,Tuesday,12.38,3,1
CUST_12599,Bangalore South,3-5,Friday,3.65,3,1
CUST_12600,Bangalore East,10-12,Tuesday,10.06,2,1
CUST_12601,Bangalore North,10-12,Wednesday,13.27,2,1
CUST_12602,Bangalore North,3-5,Wednesday,13.96,1,0
CUST_12603,Bangalore South,10-12,Thursday,9.98,2,1
CUST_12604,Bangalore South,12-3,Tuesday,14.71,3,1
CUST_12605,Bangalore East,10-12,Monday,10.92,1,0
CUST_12606,Bangalore East,10-12,Tuesday,8.97,2,0
CUST_12607,Bangalore East,3-5,Friday,11.02,2,0
CUST_12608,Bangalore Central,3-5,Monday,9.26,2,0
CUST_12609,Bangalore North,3-5,Tuesday,14.14,2,1
CUST_12610,Bangalore South,3-5,Wednesday,1.89,2,0
CUST_12611,Bangalore Central,12-3,Monday,4.64,2,0
CUST_12612,Bangalore North,3-5,Wednesday,9.52,1,0
CUST_12613,Bangalore South,12-3,Friday,7.95,2,1
CUST_12614,Bangalore North,10-12,Friday,10.55,1,1
CUST_12615,Bangalore North,12-3,Friday,14.66,2,0
CUST_12616,Bangalore South,3-5,Wednesday,4.24,1,1
CUST_12617,Bangalore East,3-5,Friday,13.83,1,1
CUST_12618,Bangalore South,12-3,Thursday,12.33,2,0
CUST_12619,Bangalore Central,3-5,Tuesday,14.33,2,1
CUST_12620,Bangalore Central,3-5,Tuesday,14.87,2,1
CUST_12621,Bangalore East,10-12,Tuesday,14.53,1,1
CUST_12622,Bangalore North,12-3,Monday,6.48,1,0
CUST_12623,Bangalore South,10-12,Tuesday,9.83,1,0
CUST_12624,Bangalore North,10-12,Friday,4.71,1,1
CUST_12625,Bangalore North,3-5,Thursday,11.98,3,0
CUST_12626,Bangalore South,3-5,Friday,6.6,2,1
CUST_12627,Bangalore East,3-5,Tuesday,12.02,1,1
CUST_12628,Bangalore Central,12-3,Wednesday,5.95,2,0
CUST_12629,Bangalore East,10-12,Wednesday,2.7,3,1
CUST_12630,Bangalore South,10-12,Monday,3.17,2,1
CUST_12631,Bangalore North,10-12,Monday,10.25,2,1
CUST_12632,Bangalore North,12-3,Monday,9.52,1,0
CUST_12633,Bangalore North,3-5,Friday,13.53,3,1
CUST_12634,Bangalore East,10-12,Monday,5.7,2,0
CUST_12635,Bangalore North,3-5,Wednesday,13.45,2,1
CUST_12636,Bangalore North,3-5,Thursday,6.96,2,0
CUST_12637,Bangalore East,3-5,Thursday,2.56,2,0
CUST_12638,Bangalore Central,12-3,Thursday,7.43,2,1
CUST_12639,Bangalore East,3-5,Thursday,14.38,2,1
CUST_12640,Bangalore North,10-12,Thursday,2.06,3,1
CUST_12641,Bangalore Central,10-12,Wednesday,12.86,3,0
CUST_12642,Bangalore South,10-12,Friday,5.33,2,0
CUST_12643,Bangalore South,10-12,Monday,7.08,1,1
CUST_12644,Bangalore Central,10-12,Wednesday,10.27,2,1
CUST_12645,Bangalore Central,10-12,Tuesday,1.45,1,1
CUST_12646,Bangalore North,12-3,Thursday,7.4,1,0
CUST_12647,Bangalore Central,10-12,Wednesday,8.32,3,1
CUST_12648,Bangalore Central,12-3,Thursday,9.65,1,1
CUST_12649,Bangalore North,3-5,Friday,11.73,3,0
CUST_12650,Bangalore South,12-3,Wednesday,8.57,3,0
CUST_12651,Bangalore East,3-5,Monday,7.97,1,0
CUST_12652,Bangalore East,12-3,Wednesday,5.35,2,1
CUST_12653,Bangalore South,10-12,Tuesday,9.17,3,0
CUST_12654,Bangalore North,12-3,Monday,14.9,1,1
CUST_12655,Bangalore South,3-5,Friday,13.12,3,0
CUST_12656,Bangalore South,10-12,Thursday,8.97,2,0
CUST_12657,Bangalore Central,3-5,Monday,10.72,1,0
CUST_12658,Bangalore East,12-3,Wednesday,10.96,1,0
CUST_12659,Bangalore Central,12-3,Thursday,12.5,3,1
CUST_12660,Bangalore East,12-3,Friday,11.54,2,0
CUST_12661,Bangalore East,10-12,Tuesday,9.32,3,0
CUST_12662,Bangalore North,3-5,Monday,14.27,2,0
CUST_12663,Bangalore North,3-5,Monday,7.37,2,1
CUST_12664,Bangalore Central,3-5,Wednesday,5.03,2,1
CUST_12665,Bangalore South,12-3,Wednesday,9.3,1,0
CUST_12666,Bangalore Central,10-12,Thursday,13.26,2,0
CUST_12667,Bangalore South,12-3,Thursday,1.26,1,0
CUST_12668,Bangalore South,12-3,Monday,5.3,1,1
CUST_12669,Bangalore North,10-12,Friday,10.17,3,1
CUST_12670,Bangalore North,3-5,Friday,8.73,1,0
CUST_12671,Bangalore South,3-5,Thursday,14.64,2,1
CUST_12672,Bangalore East,10-12,Friday,7.87,3,1
CUST_12673,Bangalore Central,3-5,Friday,13.4,3,1
CUST_12674,Bangalore South,12-3,Friday,1.58,1,1
CUST_12675,Bangalore East,3-5,Tuesday,8.18,1,0
CUST_12676,Bangalore North,12-3,Monday,2.9,2,1
CUST_12677,Bangalore East,12-3,Monday,7.08,3,1
CUST_12678,Bangalore East,3-5,Thursday,9.29,2,0
CUST_12679,Bangalore North,12-3,Tuesday,8.96,2,1
CUST_12680,Bangalore East,10-12,Monday,9.04,2,1
CUST_12681,Bangalore North,12-3,Thursday,10.75,2,1
CUST_12682,Bangalore Central,10-12,Friday,7.13,1,1
CUST_12683,Bangalore North,3-5,Tuesday,14.22,2,0
CUST_12684,Bangalore South,12-3,Thursday,8.0,2,0
CUST_12685,Bangalore Central,10-12,Thursday,13.3,2,1
CUST_12686,Bangalore South,12-3,Friday,1.33,2,1
CUST_12687,Bangalore South,10-12,Friday,7.85,2,1
CUST_12688,Bangalore East,10-12,Thursday,8.11,2,0
CUST_12689,Bangalore East,10-12,Tuesday,3.09,2,0
CUST_12690,Bangalore Central,10-12,Thursday,6.94,1,0
CUST_12691,Bangalore South,3-5,Monday,11.87,3,0
CUST_12692,Bangalore East,10-12,Thursday,5.2,2,1
CUST_12693,Bangalore South,10-12,Friday,9.37,2,1
CUST_12694,Bangalore North,10-12,Monday,3.83,2,0
CUST_12695,Bangalore East,3-5,Wednesday,8.6,2,1
CUST_12696,Bangalore South,12-3,Thursday,8.99,1,0
CUST_12697,Bangalore South,10-12,Monday,10.87,2,1
CUST_12698,Bangalore North,12-3,Monday,9.57,3,1
CUST_12699,Bangalore East,10-12,Thursday,2.17,2,0
CUST_12700,Bangalore East,3-5,Thursday,4.14,1,1
CUST_12701,Bangalore Central,3-5,Monday,12.58,1,0
CUST_12702,Bangalore North,10-12,Wednesday,12.9,3,0
CUST_12703,Bangalore North,10-12,Tuesday,9.39,3,0
CUST_12704,Bangalore North,3-5,Thursday,10.78,2,1
CUST_12705,Bangalore East,12-3,Monday,11.59,2,0
CUST_12706,Bangalore East,12-3,Thursday,5.67,1,1
CUST_12707,Bangalore East,10-12,Wednesday,1.45,2,1
CUST_12708,Bangalore South,10-12,Tuesday,6.33,3,0
CUST_12709,Bangalore North,10-12,Tuesday,4.49,1,0
CUST_12710,Bangalore Central,3-5,Tuesday,10.43,3,1
CUST_12711,Bangalore East,3-5,Tuesday,10.4,1,0
CUST_12712,Bangalore North,10-12,Friday,9.97,1,1
CUST_12713,Bangalore East,10-12,Monday,1.57,2,0
CUST_12714,Bangalore North,10-12,Thursday,7.36,2,0
CUST_12715,Bangalore Central,3-5,Thursday,14.42,2,1
CUST_12716,Bangalore East,12-3,Thursday,9.14,3,1
CUST_12717,Bangalore East,10-12,Thursday,10.45,2,1
CUST_12718,Bangalore East,10-12,Tuesday,2.42,3,0
CUST_12719,Bangalore South,10-12,Friday,6.92,2,1
CUST_12720,Bangalore North,3-5,Thursday,11.5,1,0
CUST_12721,Bangalore East,10-12,Tuesday,1.27,2,1
CUST_12722,Bangalore East,10-12,Thursday,8.16,1,0
CUST_12723,Bangalore North,12-3,Monday,13.82,2,0
CUST_12724,Bangalore South,10-12,Wednesday,9.34,1,1
CUST_12725,Bangalore Central,10-12,Thursday,1.47,2,0
CUST_12726,Bangalore North,3-5,Friday,6.11,1,1
CUST_12727,Bangalore South,12-3,Wednesday,5.42,2,0
CUST_12728,Bangalore Central,3-5,Thursday,14.8,2,1
CUST_12729,Bangalore South,3-5,Tuesday,14.84,2,0
CUST_12730,Bangalore Central,12-3,Monday,5.25,2,1
CUST_12731,Bangalore South,3-5,Monday,1.5,2,0
CUST_12732,Bangalore Central,12-3,Thursday,7.56,2,0
CUST_12733,Bangalore Central,3-5,Thursday,5.98,2,1
CUST_12734,Bangalore North,12-3,Wednesday,11.18,3,1
CUST_12735,Bangalore Central,3-5,Monday,10.73,1,0
CUST_12736,Bangalore North,12-3,Wednesday,9.06,2,0
CUST_12737,Bangalore East,10-12,Tuesday,10.37,1,0
CUST_12738,Bangalore Central,12-3,Monday,3.28,3,1
CUST_12739,Bangalore North,12-3,Monday,1.64,2,0
CUST_12740,Bangalore South,3-5,Tuesday,1.01,1,1
CUST_12741,Bangalore East,10-12,Monday,12.25,2,1
CUST_12742,Bangalore North,3-5,Monday,13.22,2,0
CUST_12743,Bangalore East,12-3,Tuesday,2.59,1,1
CUST_12744,Bangalore North,10-12,Wednesday,1.43,3,0
CUST_12745,Bangalore South,12-3,Monday,6.79,1,0
CUST_12746,Bangalore South,12-3,Thursday,2.9,3,0
CUST_12747,Bangalore Central,12-3,Monday,5.73,3,1
CUST_12748,Bangalore Central,3-5,Thursday,11.89,2,0
CUST_12749,Bangalore North,10-12,Wednesday,9.14,3,0
CUST_12750,Bangalore East,3-5,Thursday,11.11,1,0
CUST_12751,Bangalore North,3-5,Wednesday,12.79,2,1
CUST_12752,Bangalore Central,3-5,Wednesday,13.96,1,1
CUST_12753,Bangalore East,3-5,Thursday,8.06,3,0
CUST_12754,Bangalore South,3-5,Monday,2.73,2,1
CUST_12755,Bangalore East,12-3,Tuesday,9.99,1,1
CUST_12756,Bangalore North,10-12,Friday,2.85,2,0
CUST_12757,Bangalore North,12-3,Monday,8.05,2,1
CUST_12758,Bangalore South,12-3,Tuesday,2.18,2,0
CUST_12759,Bangalore North,10-12,Friday,6.96,2,1
CUST_12760,Bangalore South,12-3,Tuesday,3.71,2,1
CUST_12761,Bangalore East,12-3,Tuesday,3.16,1,1
CUST_12762,Bangalore Central,3-5,Friday,11.25,2,1
CUST_12763,Bangalore South,10-12,Monday,6.77,2,0
CUST_12764,Bangalore Central,10-12,Wednesday,9.52,1,1
CUST_12765,Bangalore North,3-5,Monday,14.59,1,0
CUST_12766,Bangalore East,10-12,Wednesday,10.69,2,0
CUST_12767,Bangalore South,10-12,Tuesday,11.5,2,1
CUST_12768,Bangalore East,10-12,Tuesday,13.94,1,1
CUST_12769,Bangalore East,3-5,Thursday,14.32,2,1
CUST_12770,Bangalore North,10-12,Friday,14.55,1,1
CUST_12771,Bangalore North,12-3,Thursday,2.29,1,1
CUST_12772,Bangalore Central,3-5,Friday,5.04,2,1
CUST_12773,Bangalore North,3-5,Monday,13.8,2,1
CUST_12774,Bangalore South,3-5,Friday,12.65,2,1
CUST_12775,Bangalore South,10-12,Friday,8.24,2,0
CUST_12776,Bangalore North,12-3,Monday,13.5,3,0
CUST_12777,Bangalore Central,3-5,Thursday,5.19,2,1
CUST_12778,Bangalore South,3-5,Monday,6.87,2,0
CUST_12779,Bangalore Central,10-12,Monday,14.32,2,0
CUST_12780,Bangalore East,12-3,Monday,10.61,2,1
CUST_12781,Bangalore South,3-5,Monday,6.87,1,0
CUST_12782,Bangalore North,3-5,Friday,7.37,1,0
CUST_12783,Bangalore Central,12-3,Friday,14.54,1,1
CUST_12784,Bangalore Central,3-5,Friday,5.49,3,1
CUST_12785,Bangalore North,12-3,Monday,14.16,2,1
CUST_12786,Bangalore East,3-5,Thursday,1.33,1,1
CUST_12787,Bangalore East,12-3,Monday,7.83,3,0
CUST_12788,Bangalore East,3-5,Wednesday,6.47,3,0
CUST_12789,Bangalore North,3-5,Wednesday,14.94,1,0
CUST_12790,Bangalore North,12-3,Tuesday,3.34,2,0
CUST_12791,Bangalore Central,3-5,Monday,14.68,2,0
CUST_12792,Bangalore East,10-12,Tuesday,6.65,2,1
CUST_12793,Bangalore Central,3-5,Tuesday,5.98,3,0
CUST_12794,Bangalore South,3-5,Friday,8.0,1,0
CUST_12795,Bangalore North,3-5,Thursday,7.27,2,0
CUST_12796,Bangalore South,12-3,Tuesday,1.18,1,0
CUST_12797,Bangalore North,10-12,Monday,3.61,2,1
CUST_12798,Bangalore South,12-3,Tuesday,8.67,2,0
CUST_12799,Bangalore Central,10-12,Monday,6.22,1,1
CUST_12800,Bangalore North,12-3,Monday,8.64,2,1
CUST_12801,Bangalore South,3-5,Monday,9.27,2,1
CUST_12802,Bangalore East,12-3,Monday,5.98,1,1
CUST_12803,Bangalore North,10-12,Thursday,6.82,3,0
CUST_12804,Bangalore Central,3-5,Friday,12.34,2,0
CUST_12805,Bangalore North,3-5,Wednesday,10.14,2,0
CUST_12806,Bangalore East,10-12,Thursday,3.33,1,0
CUST_12807,Bangalore South,3-5,Wednesday,8.82,1,1
CUST_12808,Bangalore South,12-3,Wednesday,14.4,2,0
CUST_12809,Bangalore South,12-3,Wednesday,13.4,1,1
CUST_12810,Bangalore South,3-5,Monday,3.8,3,0
CUST_12811,Bangalore North,3-5,Friday,2.51,2,0
CUST_12812,Bangalore Central,3-5,Tuesday,12.05,2,0
CUST_12813,Bangalore North,3-5,Tuesday,1.2,3,1
CUST_12814,Bangalore North,12-3,Wednesday,4.06,2,0
CUST_12815,Bangalore Central,12-3,Friday,4.96,1,0
CUST_12816,Bangalore East,12-3,Friday,5.37,2,0
CUST_12817,Bangalore South,10-12,Thursday,2.98,2,0
CUST_12818,Bangalore South,10-12,Monday,12.52,2,0
CUST_12819,Bangalore South,3-5,Tuesday,3.91,3,0
CUST_12820,Bangalore South,12-3,Monday,8.43,2,0
CUST_12821,Bangalore South,12-3,Friday,9.45,1,1
CUST_12822,Bangalore South,10-12,Tuesday,9.38,2,0
CUST_12823,Bangalore North,3-5,Monday,1.82,2,1
CUST_12824,Bangalore South,12-3,Monday,10.5,1,1
CUST_12825,Bangalore East,3-5,Thursday,12.92,1,1
CUST_12826,Bangalore North,3-5,Friday,14.79,3,1
CUST_12827,Bangalore North,3-5,Friday,13.62,1,0
CUST_12828,Bangalore North,10-12,Thursday,1.07,1,1
CUST_12829,Bangalore Central,10-12,Friday,14.19,3,1
CUST_12830,Bangalore Central,12-3,Thursday,4.89,2,0
CUST_12831,Bangalore South,3-5,Friday,7.48,2,1
CUST_12832,Bangalore Central,10-12,Wednesday,12.52,2,1
CUST_12833,Bangalore East,10-12,Tuesday,2.99,2,0
CUST_12834,Bangalore South,12-3,Friday,1.69,2,1
CUST_12835,Bangalore South,3-5,Tuesday,5.96,3,0
CUST_12836,Bangalore Central,12-3,Wednesday,10.95,2,1
CUST_12837,Bangalore East,10-12,Friday,8.71,2,0
CUST_12838,Bangalore North,12-3,Wednesday,10.83,1,0
CUST_12839,Bangalore East,10-12,Friday,7.52,2,0
CUST_12840,Bangalore North,10-12,Friday,9.34,1,0
CUST_12841,Bangalore Central,3-5,Tuesday,14.14,1,0
CUST_12842,Bangalore Central,3-5,Wednesday,10.76,3,0
CUST_12843,Bangalore East,12-3,Friday,6.77,3,0
CUST_12844,Bangalore East,10-12,Friday,14.38,1,0
CUST_12845,Bangalore North,3-5,Friday,1.7,2,1
CUST_12846,Bangalore Central,10-12,Monday,1.31,2,1
CUST_12847,Bangalore Central,10-12,Wednesday,11.68,3,1
CUST_12848,Bangalore South,12-3,Wednesday,11.51,3,0
CUST_12849,Bangalore East,12-3,Monday,1.95,2,1
CUST_12850,Bangalore North,12-3,Wednesday,11.47,2,0
CUST_12851,Bangalore North,10-12,Wednesday,13.55,1,1
CUST_12852,Bangalore Central,3-5,Monday,9.19,1,1
CUST_12853,Bangalore East,12-3,Tuesday,12.08,2,1
CUST_12854,Bangalore Central,3-5,Monday,5.98,2,1
CUST_12855,Bangalore South,3-5,Wednesday,13.45,2,0
CUST_12856,Bangalore South,10-12,Friday,6.73,2,0
CUST_12857,Bangalore North,3-5,Tuesday,4.07,2,1
CUST_12858,Bangalore East,12-3,Thursday,11.85,2,0
CUST_12859,Bangalore East,12-3,Friday,9.08,1,0
CUST_12860,Bangalore East,12-3,Wednesday,12.98,2,1
CUST_12861,Bangalore Central,12-3,Tuesday,10.51,1,0
CUST_12862,Bangalore Central,10-12,Thursday,11.67,1,1
CUST_12863,Bangalore North,3-5,Wednesday,11.07,1,0
CUST_12864,Bangalore East,10-12,Friday,14.01,1,1
CUST_12865,Bangalore North,10-12,Tuesday,10.65,2,0
CUST_12866,Bangalore South,3-5,Wednesday,4.81,1,1
CUST_12867,Bangalore South,3-5,Thursday,13.51,1,0
CUST_12868,Bangalore East,12-3,Monday,7.08,2,1
CUST_12869,Bangalore North,10-12,Wednesday,9.03,2,1
CUST_12870,Bangalore South,3-5,Thursday,8.09,2,1
CUST_12871,Bangalore East,12-3,Friday,12.49,1,1
CUST_12872,Bangalore South,12-3,Monday,13.73,2,0
CUST_12873,Bangalore North,10-12,Monday,10.19,2,1
CUST_12874,Bangalore East,3-5,Thursday,10.12,3,1
CUST_12875,Bangalore Central,10-12,Wednesday,9.82,3,1
CUST_12876,Bangalore North,12-3,Wednesday,3.35,2,1
CUST_12877,Bangalore South,12-3,Tuesday,13.61,1,0
CUST_12878,Bangalore North,10-12,Wednesday,12.34,3,0
CUST_12879,Bangalore Central,12-3,Monday,3.95,1,0
CUST_12880,Bangalore Central,10-12,Monday,11.78,3,0
CUST_12881,Bangalore East,3-5,Tuesday,3.6,1,1
CUST_12882,Bangalore Central,10-12,Wednesday,1.87,2,1
CUST_12883,Bangalore East,3-5,Tuesday,7.67,2,1
CUST_12884,Bangalore South,12-3,Wednesday,2.26,3,0
CUST_12885,Bangalore East,3-5,Monday,6.16,2,0
CUST_12886,Bangalore East,10-12,Monday,4.89,2,1
CUST_12887,Bangalore Central,3-5,Monday,4.42,2,1
CUST_12888,Bangalore South,12-3,Thursday,3.79,1,0
CUST_12889,Bangalore South,12-3,Tuesday,13.8,2,1
CUST_12890,Bangalore North,3-5,Wednesday,4.12,1,1
CUST_12891,Bangalore Central,3-5,Thursday,10.51,3,0
CUST_12892,Bangalore North,12-3,Tuesday,11.93,2,1
CUST_12893,Bangalore South,10-12,Wednesday,2.57,1,0
CUST_12894,Bangalore Central,12-3,Tuesday,14.97,2,1
CUST_12895,Bangalore East,10-12,Friday,8.14,2,0
CUST_12896,Bangalore Central,12-3,Tuesday,2.22,2,0
CUST_12897,Bangalore North,12-3,Wednesday,5.75,2,1
CUST_12898,Bangalore East,12-3,Wednesday,4.44,2,0
CUST_12899,Bangalore Central,12-3,Monday,8.26,2,0
CUST_12900,Bangalore North,10-12,Friday,6.05,2,0
CUST_12901,Bangalore East,10-12,Monday,11.87,1,0
CUST_12902,Bangalore East,10-12,Tuesday,1.87,2,0
CUST_12903,Bangalore North,3-5,Thursday,10.79,3,0
CUST_12904,Bangalore South,12-3,Thursday,3.55,2,0
CUST_12905,Bangalore Central,3-5,Wednesday,6.05,1,0
CUST_12906,Bangalore North,3-5,Wednesday,10.08,2,0
CUST_12907,Bangalore South,3-5,Wednesday,5.45,1,1
CUST_12908,Bangalore North,12-3,Thursday,7.62,2,0
CUST_12909,Bangalore North,3-5,Monday,6.88,3,1
CUST_12910,Bangalore East,3-5,Wednesday,1.43,3,0
CUST_12911,Bangalore North,3-5,Wednesday,3.61,2,1
CUST_12912,Bangalore Central,3-5,Friday,5.78,2,1
CUST_12913,Bangalore East,12-3,Monday,5.72,1,1
CUST_12914,Bangalore East,12-3,Wednesday,3.47,1,0
CUST_12915,Bangalore North,10-12,Thursday,7.15,1,1
CUST_12916,Bangalore South,3-5,Monday,4.59,3,1
CUST_12917,Bangalore South,12-3,Wednesday,2.01,1,0
CUST_12918,Bangalore South,10-12,Monday,5.76,2,1
CUST_12919,Bangalore North,12-3,Tuesday,6.65,1,0
CUST_12920,Bangalore Central,3-5,Thursday,4.9,2,0
CUST_12921,Bangalore East,3-5,Wednesday,8.22,3,0
CUST_12922,Bangalore South,3-5,Tuesday,1.72,2,0
CUST_12923,Bangalore North,10-12,Tuesday,6.01,1,0
CUST_12924,Bangalore East,3-5,Monday,1.65,2,1
CUST_12925,Bangalore East,3-5,Tuesday,14.65,1,0
CUST_12926,Bangalore East,3-5,Wednesday,10.65,3,0
CUST_12927,Bangalore East,10-12,Friday,1.38,2,0
CUST_12928,Bangalore East,3-5,Friday,2.82,2,1
CUST_12929,Bangalore North,12-3,Monday,6.47,3,1
CUST_12930,Bangalore South,12-3,Friday,10.46,1,1
CUST_12931,Bangalore South,3-5,Thursday,7.54,3,1
CUST_12932,Bangalore South,3-5,Friday,9.19,3,0
CUST_12933,Bangalore Central,12-3,Thursday,3.83,2,0
CUST_12934,Bangalore South,10-12,Wednesday,10.5,1,1
CUST_12935,Bangalore South,12-3,Tuesday,7.21,2,0
CUST_12936,Bangalore East,10-12,Thursday,12.19,3,1
CUST_12937,Bangalore South,10-12,Friday,2.72,2,0
CUST_12938,Bangalore East,3-5,Wednesday,2.12,2,1
CUST_12939,Bangalore East,10-12,Friday,5.64,1,1
CUST_12940,Bangalore North,12-3,Monday,11.1,2,0
CUST_12941,Bangalore South,12-3,Friday,8.06,2,0
CUST_12942,Bangalore South,12-3,Tuesday,9.06,2,1
CUST_12943,Bangalore South,12-3,Monday,2.61,2,0
CUST_12944,Bangalore Central,3-5,Monday,6.82,3,1
CUST_12945,Bangalore East,3-5,Wednesday,10.69,1,1
CUST_12946,Bangalore South,12-3,Friday,8.58,3,0
CUST_12947,Bangalore Central,3-5,Thursday,3.69,1,0
CUST_12948,Bangalore Central,3-5,Monday,6.13,1,0
CUST_12949,Bangalore East,3-5,Monday,5.55,2,0
CUST_12950,Bangalore Central,3-5,Friday,9.41,3,1
CUST_12951,Bangalore Central,12-3,Thursday,2.9,1,1
CUST_12952,Bangalore East,12-3,Friday,6.55,2,0
CUST_12953,Bangalore Central,10-12,Monday,9.32,1,1
CUST_12954,Bangalore Central,10-12,Monday,7.22,2,1
CUST_12955,Bangalore Central,3-5,Tuesday,14.17,1,0
CUST_12956,Bangalore East,12-3,Monday,14.38,2,1
CUST_12957,Bangalore Central,10-12,Friday,12.17,3,1
CUST_12958,Bangalore Central,3-5,Thursday,7.43,2,1
CUST_12959,Bangalore East,3-5,Thursday,2.17,1,0
CUST_12960,Bangalore Central,10-12,Tuesday,13.07,3,1
CUST_12961,Bangalore North,12-3,Tuesday,11.34,1,0
CUST_12962,Bangalore East,10-12,Wednesday,2.93,1,1
CUST_12963,Bangalore Central,3-5,Tuesday,2.51,3,0
CUST_12964,Bangalore South,3-5,Friday,10.86,1,0
CUST_12965,Bangalore South,10-12,Tuesday,7.15,3,0
CUST_12966,Bangalore South,12-3,Friday,5.48,2,1
CUST_12967,Bangalore East,12-3,Friday,6.95,1,0
CUST_12968,Bangalore North,3-5,Wednesday,1.56,1,0
CUST_12969,Bangalore Central,10-12,Wednesday,3.92,2,0
CUST_12970,Bangalore South,10-12,Wednesday,13.3,2,0
CUST_12971,Bangalore South,10-12,Tuesday,9.48,2,0
CUST_12972,Bangalore North,3-5,Monday,4.75,3,1
CUST_12973,Bangalore North,3-5,Monday,6.97,2,0
CUST_12974,Bangalore North,3-5,Friday,9.0,3,0
CUST_12975,Bangalore East,12-3,Tuesday,4.97,2,1
CUST_12976,Bangalore Central,12-3,Wednesday,5.37,2,1
CUST_12977,Bangalore East,10-12,Thursday,12.63,1,0
CUST_12978,Bangalore South,10-12,Tuesday,7.41,1,0
CUST_12979,Bangalore East,12-3,Wednesday,8.99,2,0
CUST_12980,Bangalore North,10-12,Monday,1.57,1,1
CUST_12981,Bangalore North,3-5,Tuesday,10.98,1,0
CUST_12982,Bangalore East,3-5,Monday,6.01,2,0
CUST_12983,Bangalore North,10-12,Wednesday,9.08,1,0
CUST_12984,Bangalore South,3-5,Thursday,8.91,2,0
CUST_12985,Bangalore North,12-3,Monday,12.79,1,0
CUST_12986,Bangalore South,10-12,Monday,8.52,1,0
CUST_12987,Bangalore Central,12-3,Wednesday,3.69,2,0
CUST_12988,Bangalore North,3-5,Wednesday,5.08,2,0
CUST_12989,Bangalore South,3-5,Thursday,10.07,2,1
CUST_12990,Bangalore South,10-12,Tuesday,4.81,2,0
CUST_12991,Bangalore North,3-5,Tuesday,3.04,1,0
CUST_12992,Bangalore North,10-12,Wednesday,10.73,2,0
CUST_12993,Bangalore Central,10-12,Monday,4.72,3,1
CUST_12994,Bangalore East,3-5,Friday,6.38,2,0
CUST_12995,Bangalore North,3-5,Monday,9.72,3,0
CUST_12996,Bangalore East,12-3,Thursday,11.53,1,1
CUST_12997,Bangalore North,10-12,Tuesday,6.82,2,0
CUST_12998,Bangalore Central,12-3,Tuesday,13.79,2,1
CUST_12999,Bangalore East,12-3,Tuesday,6.03,2,0
CUST_13000,Bangalore Central,3-5,Friday,10.17,2,0
CUST_13001,Bangalore Central,12-3,Wednesday,5.78,1,0
CUST_13002,Bangalore Central,3-5,Monday,13.53,2,1
CUST_13003,Bangalore Central,10-12,Friday,11.0,3,1
CUST_13004,Bangalore North,12-3,Friday,11.72,3,0
CUST_13005,Bangalore South,3-5,Thursday,12.62,2,0
CUST_13006,Bangalore Central,12-3,Tuesday,14.59,2,1
CUST_13007,Bangalore Central,10-12,Friday,2.84,3,0
CUST_13008,Bangalore Central,10-12,Thursday,1.32,1,0
CUST_13009,Bangalore East,10-12,Tuesday,12.39,2,1
CUST_13010,Bangalore East,3-5,Tuesday,3.22,2,0
CUST_13011,Bangalore North,3-5,Friday,11.06,2,1
CUST_13012,Bangalore North,3-5,Monday,7.42,1,1
CUST_13013,Bangalore South,3-5,Thursday,6.53,2,0
CUST_13014,Bangalore South,3-5,Friday,9.17,1,0
CUST_13015,Bangalore North,3-5,Wednesday,10.82,1,1
CUST_13016,Bangalore East,10-12,Friday,2.84,2,1
CUST_13017,Bangalore North,12-3,Friday,6.86,3,0
CUST_13018,Bangalore Central,3-5,Tuesday,3.56,1,0
CUST_13019,Bangalore South,12-3,Friday,3.5,1,1
CUST_13020,Bangalore South,10-12,Friday,1.43,3,0
CUST_13021,Bangalore Central,12-3,Friday,11.46,2,0
CUST_13022,Bangalore North,12-3,Friday,1.22,2,0
CUST_13023,Bangalore North,10-12,Monday,3.38,2,1
CUST_13024,Bangalore East,10-12,Thursday,3.94,2,1
CUST_13025,Bangalore North,10-12,Wednesday,9.18,2,1
CUST_13026,Bangalore South,12-3,Monday,3.72,2,0
CUST_13027,Bangalore North,12-3,Tuesday,2.74,1,0
CUST_13028,Bangalore East,12-3,Monday,4.28,2,1
CUST_13029,Bangalore East,12-3,Thursday,6.94,1,1
CUST_13030,Bangalore Central,10-12,Wednesday,2.31,2,0
CUST_13031,Bangalore East,3-5,Friday,3.28,3,1
CUST_13032,Bangalore North,12-3,Monday,9.73,2,1
CUST_13033,Bangalore South,10-12,Wednesday,4.73,2,1
CUST_13034,Bangalore East,3-5,Thursday,14.6,1,1
CUST_13035,Bangalore North,12-3,Tuesday,7.31,2,1
CUST_13036,Bangalore East,3-5,Thursday,1.38,1,0
CUST_13037,Bangalore Central,10-12,Tuesday,7.87,2,1
CUST_13038,Bangalore South,12-3,Friday,4.9,2,1
CUST_13039,Bangalore Central,3-5,Monday,8.24,2,0
CUST_13040,Bangalore South,12-3,Wednesday,4.68,3,0
CUST_13041,Bangalore North,10-12,Friday,3.7,2,1
CUST_13042,Bangalore North,10-12,Thursday,10.34,1,1
CUST_13043,Bangalore North,3-5,Friday,7.1,2,0
CUST_13044,Bangalore East,3-5,Wednesday,10.52,2,1
CUST_13045,Bangalore North,12-3,Tuesday,7.71,2,0
CUST_13046,Bangalore South,10-12,Thursday,14.12,2,1
CUST_13047,Bangalore South,12-3,Monday,9.95,2,1
CUST_13048,Bangalore Central,10-12,Wednesday,4.18,2,1
CUST_13049,Bangalore North,3-5,Monday,9.15,3,0
CUST_13050,Bangalore North,10-12,Monday,14.75,1,0
CUST_13051,Bangalore East,3-5,Thursday,13.99,3,0
CUST_13052,Bangalore North,3-5,Friday,10.61,2,0
CUST_13053,Bangalore North,10-12,Thursday,3.56,1,1
CUST_13054,Bangalore North,12-3,Monday,1.68,1,1
CUST_13055,Bangalore Central,12-3,Friday,10.28,2,1
CUST_13056,Bangalore Central,12-3,Thursday,11.34,2,1
CUST_13057,Bangalore North,12-3,Friday,10.91,1,0
CUST_13058,Bangalore South,10-12,Wednesday,7.75,3,1
CUST_13059,Bangalore East,12-3,Tuesday,13.91,3,1
CUST_13060,Bangalore East,3-5,Tuesday,11.55,1,0
CUST_13061,Bangalore South,3-5,Wednesday,13.72,2,1
CUST_13062,Bangalore Central,10-12,Wednesday,6.09,1,0
CUST_13063,Bangalore Central,12-3,Thursday,9.28,1,0
CUST_13064,Bangalore Central,3-5,Thursday,5.48,2,0
CUST_13065,Bangalore East,10-12,Wednesday,14.21,2,0
CUST_13066,Bangalore North,10-12,Monday,14.91,3,0
CUST_13067,Bangalore North,10-12,Friday,9.73,2,0
CUST_13068,Bangalore South,12-3,Thursday,3.04,1,1
CUST_13069,Bangalore Central,10-12,Friday,1.06,2,1
CUST_13070,Bangalore Central,3-5,Wednesday,12.83,2,0
CUST_13071,Bangalore Central,3-5,Monday,3.99,1,0
CUST_13072,Bangalore East,3-5,Wednesday,7.96,1,1
CUST_13073,Bangalore South,12-3,Tuesday,8.15,1,1
CUST_13074,Bangalore South,10-12,Monday,2.99,2,1
CUST_13075,Bangalore North,10-12,Thursday,8.92,1,1
CUST_13076,Bangalore North,10-12,Tuesday,10.38,1,0
CUST_13077,Bangalore North,12-3,Thursday,10.06,2,1
CUST_13078,Bangalore North,3-5,Wednesday,2.53,2,1
CUST_13079,Bangalore South,10-12,Monday,3.89,1,0
CUST_13080,Bangalore North,12-3,Monday,14.51,2,0
CUST_13081,Bangalore East,10-12,Thursday,11.89,2,1
CUST_13082,Bangalore Central,12-3,Friday,6.7,1,0
CUST_13083,Bangalore North,12-3,Friday,2.27,2,0
CUST_13084,Bangalore East,10-12,Thursday,10.84,2,0
CUST_13085,Bangalore South,12-3,Wednesday,4.05,1,1
CUST_13086,Bangalore South,10-12,Wednesday,12.87,3,0
CUST_13087,Bangalore East,10-12,Thursday,5.75,2,1
CUST_13088,Bangalore North,12-3,Wednesday,7.44,3,0
CUST_13089,Bangalore North,3-5,Thursday,11.24,1,1
CUST_13090,Bangalore North,10-12,Tuesday,2.91,3,1
CUST_13091,Bangalore East,10-12,Friday,12.48,2,0
CUST_13092,Bangalore East,10-12,Tuesday,1.91,2,0
CUST_13093,Bangalore North,3-5,Tuesday,14.65,2,1
CUST_13094,Bangalore South,3-5,Friday,3.77,3,1
CUST_13095,Bangalore Central,3-5,Tuesday,6.57,2,1
CUST_13096,Bangalore Central,3-5,Tuesday,3.48,1,0
CUST_13097,Bangalore Central,12-3,Friday,12.31,3,0
CUST_13098,Bangalore South,10-12,Wednesday,12.24,2,1
CUST_13099,Bangalore Central,10-12,Monday,6.35,1,1
CUST_13100,Bangalore North,12-3,Tuesday,14.47,1,0
CUST_13101,Bangalore Central,12-3,Monday,1.21,2,1
CUST_13102,Bangalore North,3-5,Thursday,12.65,2,0
CUST_13103,Bangalore South,12-3,Tuesday,12.81,2,0
CUST_13104,Bangalore East,12-3,Thursday,3.88,2,0
CUST_13105,Bangalore East,10-12,Tuesday,13.83,1,1
CUST_13106,Bangalore South,3-5,Friday,3.56,2,0
CUST_13107,Bangalore Central,12-3,Friday,11.02,2,1
CUST_13108,Bangalore North,3-5,Monday,8.12,2,1
CUST_13109,Bangalore North,10-12,Friday,11.12,3,0
CUST_13110,Bangalore East,12-3,Friday,13.04,2,0
CUST_13111,Bangalore Central,10-12,Tuesday,14.37,2,1
CUST_13112,Bangalore South,10-12,Wednesday,5.77,3,1
CUST_13113,Bangalore Central,10-12,Monday,6.17,1,1
CUST_13114,Bangalore East,3-5,Monday,4.43,1,1
CUST_13115,Bangalore North,3-5,Wednesday,12.36,2,0
CUST_13116,Bangalore South,12-3,Wednesday,5.13,1,0
CUST_13117,Bangalore South,12-3,Wednesday,3.25,2,1
CUST_13118,Bangalore Central,3-5,Wednesday,2.59,1,1
CUST_13119,Bangalore East,3-5,Wednesday,2.42,1,0
CUST_13120,Bangalore East,10-12,Thursday,2.38,1,1
CUST_13121,Bangalore East,3-5,Monday,8.48,2,0
CUST_13122,Bangalore North,12-3,Monday,12.79,1,0
CUST_13123,Bangalore South,3-5,Thursday,5.81,2,0
CUST_13124,Bangalore Central,10-12,Wednesday,6.77,2,1
CUST_13125,Bangalore Central,3-5,Tuesday,14.63,2,0
CUST_13126,Bangalore South,10-12,Friday,13.71,2,1
CUST_13127,Bangalore North,3-5,Friday,14.5,2,1
CUST_13128,Bangalore South,3-5,Thursday,2.03,2,1
CUST_13129,Bangalore East,3-5,Tuesday,4.74,2,1
CUST_13130,Bangalore East,10-12,Wednesday,13.82,1,1
CUST_13131,Bangalore East,3-5,Wednesday,14.87,2,1
CUST_13132,Bangalore North,3-5,Friday,12.03,2,0
CUST_13133,Bangalore East,10-12,Friday,2.71,3,1
CUST_13134,Bangalore North,3-5,Friday,10.32,3,0
CUST_13135,Bangalore North,12-3,Friday,9.92,1,1
CUST_13136,Bangalore East,3-5,Friday,10.96,3,0
CUST_13137,Bangalore South,10-12,Wednesday,6.88,2,0
CUST_13138,Bangalore North,10-12,Wednesday,5.88,1,1
CUST_13139,Bangalore North,3-5,Wednesday,13.22,3,1
CUST_13140,Bangalore Central,12-3,Friday,7.99,2,0
CUST_13141,Bangalore Central,10-12,Thursday,9.95,1,1
CUST_13142,Bangalore Central,10-12,Wednesday,2.38,2,0
CUST_13143,Bangalore East,3-5,Wednesday,12.26,3,0
CUST_13144,Bangalore Central,3-5,Thursday,12.66,1,0
CUST_13145,Bangalore Central,12-3,Friday,2.82,2,0
CUST_13146,Bangalore North,10-12,Tuesday,14.35,2,1
CUST_13147,Bangalore East,10-12,Friday,9.46,1,0
CUST_13148,Bangalore North,3-5,Monday,5.43,1,0
CUST_13149,Bangalore East,12-3,Monday,7.19,2,0
CUST_13150,Bangalore East,12-3,Wednesday,14.15,3,1
CUST_13151,Bangalore Central,12-3,Wednesday,2.54,1,0
CUST_13152,Bangalore East,12-3,Thursday,8.47,2,0
CUST_13153,Bangalore South,10-12,Friday,11.23,2,0
CUST_13154,Bangalore Central,10-12,Monday,10.58,2,1
CUST_13155,Bangalore East,3-5,Thursday,9.97,3,1
CUST_13156,Bangalore East,3-5,Thursday,9.77,2,1
CUST_13157,Bangalore East,10-12,Monday,12.98,1,0
CUST_13158,Bangalore East,12-3,Thursday,2.58,2,0
CUST_13159,Bangalore North,10-12,Thursday,7.54,2,1
CUST_13160,Bangalore East,3-5,Wednesday,6.81,2,1
CUST_13161,Bangalore East,12-3,Monday,12.05,1,1
CUST_13162,Bangalore North,10-12,Thursday,4.79,1,1
CUST_13163,Bangalore North,10-12,Wednesday,13.54,2,1
CUST_13164,Bangalore East,10-12,Friday,11.3,2,0
CUST_13165,Bangalore North,3-5,Tuesday,7.42,2,0
CUST_13166,Bangalore South,12-3,Monday,1.04,2,0
CUST_13167,Bangalore East,10-12,Wednesday,4.93,2,0
CUST_13168,Bangalore Central,3-5,Thursday,7.87,2,1
CUST_13169,Bangalore Central,10-12,Tuesday,2.89,1,0
CUST_13170,Bangalore North,12-3,Monday,12.14,2,1
CUST_13171,Bangalore North,3-5,Thursday,14.36,2,0
CUST_13172,Bangalore Central,12-3,Tuesday,1.68,3,0
CUST_13173,Bangalore East,3-5,Thursday,11.48,3,1
CUST_13174,Bangalore South,12-3,Wednesday,11.89,1,0
CUST_13175,Bangalore East,10-12,Friday,12.67,2,1
CUST_13176,Bangalore South,10-12,Monday,8.49,2,0
CUST_13177,Bangalore East,3-5,Friday,2.55,2,0
CUST_13178,Bangalore Central,12-3,Thursday,2.87,2,1
CUST_13179,Bangalore North,10-12,Monday,3.8,1,0
CUST_13180,Bangalore North,12-3,Tuesday,11.48,1,0
CUST_13181,Bangalore East,3-5,Thursday,5.44,1,1
CUST_13182,Bangalore South,12-3,Thursday,3.43,3,1
CUST_13183,Bangalore East,3-5,Tuesday,11.61,2,1
CUST_13184,Bangalore East,3-5,Wednesday,10.2,2,0
CUST_13185,Bangalore Central,10-12,Monday,7.4,2,1
CUST_13186,Bangalore North,3-5,Monday,9.31,1,0
CUST_13187,Bangalore North,10-12,Tuesday,9.33,2,0
CUST_13188,Bangalore South,12-3,Monday,14.81,2,1
CUST_13189,Bangalore Central,10-12,Wednesday,6.43,1,0
CUST_13190,Bangalore East,3-5,Thursday,7.81,1,0
CUST_13191,Bangalore North,12-3,Monday,9.62,2,1
CUST_13192,Bangalore Central,3-5,Wednesday,2.78,2,1
CUST_13193,Bangalore Central,3-5,Friday,4.43,2,1
CUST_13194,Bangalore North,10-12,Monday,12.71,2,0
CUST_13195,Bangalore South,3-5,Monday,4.34,2,1
CUST_13196,Bangalore North,3-5,Monday,5.33,1,1
CUST_13197,Bangalore South,10-12,Tuesday,4.31,2,0
CUST_13198,Bangalore East,12-3,Tuesday,10.81,2,1
CUST_13199,Bangalore East,3-5,Wednesday,9.83,2,1
CUST_13200,Bangalore East,10-12,Tuesday,7.22,2,0
CUST_13201,Bangalore East,10-12,Monday,9.09,2,0
CUST_13202,Bangalore East,12-3,Thursday,7.11,1,0
CUST_13203,Bangalore East,3-5,Wednesday,8.6,1,1
CUST_13204,Bangalore North,10-12,Thursday,6.02,3,0
CUST_13205,Bangalore South,3-5,Monday,2.25,3,0
CUST_13206,Bangalore Central,10-12,Monday,8.41,2,1
CUST_13207,Bangalore South,3-5,Wednesday,12.37,2,1
CUST_13208,Bangalore Central,10-12,Tuesday,11.01,2,1
CUST_13209,Bangalore North,12-3,Thursday,8.39,1,1
CUST_13210,Bangalore North,12-3,Thursday,8.51,2,0
CUST_13211,Bangalore North,12-3,Friday,12.78,3,1
CUST_13212,Bangalore East,10-12,Tuesday,1.28,2,1
CUST_13213,Bangalore East,10-12,Friday,5.73,1,1
CUST_13214,Bangalore Central,3-5,Friday,4.97,1,0
CUST_13215,Bangalore South,3-5,Tuesday,10.33,1,1
CUST_13216,Bangalore South,10-12,Thursday,10.16,2,0
CUST_13217,Bangalore Central,3-5,Friday,6.0,1,1
CUST_13218,Bangalore North,3-5,Monday,4.11,3,1
CUST_13219,Bangalore South,10-12,Friday,2.97,2,1
CUST_13220,Bangalore East,3-5,Wednesday,6.19,2,1
CUST_13221,Bangalore Central,12-3,Monday,9.42,1,1
CUST_13222,Bangalore North,3-5,Monday,6.83,2,0
CUST_13223,Bangalore South,12-3,Friday,6.37,2,1
CUST_13224,Bangalore Central,10-12,Monday,6.13,2,1
CUST_13225,Bangalore South,10-12,Friday,7.8,1,0
CUST_13226,Bangalore South,3-5,Thursday,2.1,2,1
CUST_13227,Bangalore East,3-5,Monday,1.57,3,1
CUST_13228,Bangalore North,10-12,Thursday,11.71,3,1
CUST_13229,Bangalore North,12-3,Friday,4.63,1,0
CUST_13230,Bangalore North,12-3,Wednesday,9.32,2,1
CUST_13231,Bangalore North,12-3,Monday,9.44,1,0
CUST_13232,Bangalore North,10-12,Tuesday,14.68,1,1
CUST_13233,Bangalore South,3-5,Wednesday,14.47,2,1
CUST_13234,Bangalore North,10-12,Tuesday,6.59,2,0
CUST_13235,Bangalore Central,10-12,Tuesday,8.29,3,1
CUST_13236,Bangalore South,10-12,Tuesday,13.05,2,1
CUST_13237,Bangalore Central,12-3,Friday,4.94,2,1
CUST_13238,Bangalore Central,10-12,Monday,12.17,1,0
CUST_13239,Bangalore North,3-5,Friday,8.87,2,1
CUST_13240,Bangalore East,10-12,Monday,5.56,3,0
CUST_13241,Bangalore North,10-12,Tuesday,12.9,1,1
CUST_13242,Bangalore South,12-3,Wednesday,4.4,2,1
CUST_13243,Bangalore North,3-5,Tuesday,2.0,2,1
CUST_13244,Bangalore East,3-5,Tuesday,3.36,1,1
CUST_13245,Bangalore North,10-12,Thursday,14.01,3,1
CUST_13246,Bangalore North,10-12,Tuesday,5.98,1,1
CUST_13247,Bangalore North,12-3,Wednesday,10.25,3,0
CUST_13248,Bangalore North,12-3,Monday,12.2,3,0
CUST_13249,Bangalore North,10-12,Wednesday,12.25,1,1
CUST_13250,Bangalore South,10-12,Monday,2.4,2,0
CUST_13251,Bangalore Central,12-3,Tuesday,4.46,3,0
CUST_13252,Bangalore North,12-3,Friday,3.33,2,0
CUST_13253,Bangalore Central,3-5,Tuesday,14.42,3,1
CUST_13254,Bangalore Central,12-3,Monday,3.5,2,0
CUST_13255,Bangalore South,3-5,Wednesday,5.67,3,1
CUST_13256,Bangalore Central,10-12,Friday,9.13,1,0
CUST_13257,Bangalore Central,10-12,Friday,6.42,3,1
CUST_13258,Bangalore Central,3-5,Wednesday,11.06,1,1
CUST_13259,Bangalore South,12-3,Thursday,1.77,2,0
CUST_13260,Bangalore Central,3-5,Monday,13.69,3,1
CUST_13261,Bangalore North,3-5,Tuesday,1.8,2,0
CUST_13262,Bangalore Central,3-5,Monday,14.82,1,1
CUST_13263,Bangalore Central,10-12,Wednesday,6.2,3,1
CUST_13264,Bangalore South,3-5,Thursday,6.21,1,1
CUST_13265,Bangalore Central,3-5,Tuesday,13.33,2,1
CUST_13266,Bangalore East,12-3,Tuesday,7.73,2,1
CUST_13267,Bangalore Central,3-5,Friday,5.62,2,0
CUST_13268,Bangalore East,12-3,Thursday,3.82,1,1
CUST_13269,Bangalore South,3-5,Thursday,10.52,2,1
CUST_13270,Bangalore East,12-3,Wednesday,14.96,1,1
CUST_13271,Bangalore North,10-12,Wednesday,8.83,2,0
CUST_13272,Bangalore Central,3-5,Tuesday,10.27,2,0
CUST_13273,Bangalore East,10-12,Thursday,13.11,3,1
CUST_13274,Bangalore South,3-5,Wednesday,10.68,1,1
CUST_13275,Bangalore South,12-3,Monday,6.68,2,1
CUST_13276,Bangalore North,10-12,Thursday,2.86,1,1
CUST_13277,Bangalore North,3-5,Tuesday,8.82,2,0
CUST_13278,Bangalore Central,3-5,Friday,4.72,2,0
CUST_13279,Bangalore North,3-5,Friday,2.79,2,1
CUST_13280,Bangalore North,10-12,Monday,10.85,3,0
CUST_13281,Bangalore Central,3-5,Friday,14.92,2,0
CUST_13282,Bangalore Central,10-12,Friday,7.69,1,1
CUST_13283,Bangalore South,3-5,Monday,9.29,1,1
CUST_13284,Bangalore Central,10-12,Monday,12.28,1,0
CUST_13285,Bangalore North,3-5,Tuesday,3.81,1,0
CUST_13286,Bangalore Central,10-12,Friday,12.63,2,0
CUST_13287,Bangalore North,3-5,Monday,12.54,1,1
CUST_13288,Bangalore North,10-12,Friday,6.52,2,0
CUST_13289,Bangalore North,3-5,Wednesday,7.79,1,0
CUST_13290,Bangalore South,12-3,Friday,14.17,1,0
CUST_13291,Bangalore South,3-5,Thursday,2.38,2,0
CUST_13292,Bangalore North,3-5,Friday,1.18,2,1
CUST_13293,Bangalore South,10-12,Tuesday,4.54,2,1
CUST_13294,Bangalore South,10-12,Wednesday,1.71,2,0
CUST_13295,Bangalore Central,3-5,Wednesday,13.05,2,0
CUST_13296,Bangalore East,3-5,Friday,2.45,1,1
CUST_13297,Bangalore Central,12-3,Friday,12.42,2,1
CUST_13298,Bangalore Central,12-3,Thursday,9.11,1,0
CUST_13299,Bangalore South,3-5,Monday,7.04,2,1
CUST_13300,Bangalore South,12-3,Tuesday,10.92,1,1
CUST_13301,Bangalore Central,3-5,Tuesday,6.66,3,0
CUST_13302,Bangalore East,10-12,Tuesday,14.29,2,0
CUST_13303,Bangalore North,12-3,Wednesday,14.17,2,1
CUST_13304,Bangalore East,3-5,Thursday,9.77,1,0
CUST_13305,Bangalore East,10-12,Thursday,14.91,2,0
CUST_13306,Bangalore Central,10-12,Thursday,3.28,2,0
CUST_13307,Bangalore North,10-12,Monday,7.4,2,1
CUST_13308,Bangalore South,3-5,Monday,2.01,3,0
CUST_13309,Bangalore Central,12-3,Tuesday,11.88,2,1
CUST_13310,Bangalore South,3-5,Monday,5.98,2,0
CUST_13311,Bangalore South,3-5,Thursday,8.37,3,1
CUST_13312,Bangalore South,12-3,Monday,10.22,1,1
CUST_13313,Bangalore Central,12-3,Friday,13.39,3,0
CUST_13314,Bangalore North,12-3,Monday,6.33,1,0
CUST_13315,Bangalore South,3-5,Wednesday,11.64,1,1
CUST_13316,Bangalore Central,10-12,Monday,2.46,3,0
CUST_13317,Bangalore South,10-12,Thursday,6.0,3,0
CUST_13318,Bangalore East,3-5,Thursday,13.63,1,1
CUST_13319,Bangalore South,12-3,Tuesday,12.51,2,0
CUST_13320,Bangalore East,10-12,Wednesday,11.49,2,0
CUST_13321,Bangalore North,10-12,Thursday,13.46,2,1
CUST_13322,Bangalore East,3-5,Friday,8.9,2,1
CUST_13323,Bangalore East,10-12,Friday,6.16,2,1
CUST_13324,Bangalore East,3-5,Wednesday,2.05,1,1
CUST_13325,Bangalore East,10-12,Wednesday,8.83,2,1
CUST_13326,Bangalore North,10-12,Monday,14.61,2,1
CUST_13327,Bangalore Central,12-3,Tuesday,3.33,1,1
CUST_13328,Bangalore South,12-3,Tuesday,14.67,2,1
CUST_13329,Bangalore East,10-12,Monday,3.01,2,1
CUST_13330,Bangalore North,3-5,Wednesday,14.39,2,1
CUST_13331,Bangalore Central,10-12,Friday,2.72,1,1
CUST_13332,Bangalore Central,10-12,Monday,7.92,1,1
CUST_13333,Bangalore Central,3-5,Tuesday,4.78,2,1
CUST_13334,Bangalore South,12-3,Thursday,11.67,3,0
CUST_13335,Bangalore North,12-3,Tuesday,1.24,1,0
CUST_13336,Bangalore Central,12-3,Tuesday,1.38,3,0
CUST_13337,Bangalore East,3-5,Thursday,11.1,1,0
CUST_13338,Bangalore North,3-5,Tuesday,5.19,3,1
CUST_13339,Bangalore North,3-5,Monday,6.01,2,1
CUST_13340,Bangalore Central,3-5,Wednesday,14.28,2,1
CUST_13341,Bangalore East,10-12,Wednesday,10.71,2,1
CUST_13342,Bangalore East,12-3,Friday,2.69,3,1
CUST_13343,Bangalore Central,10-12,Wednesday,4.18,2,1
CUST_13344,Bangalore North,10-12,Wednesday,9.04,3,1
CUST_13345,Bangalore South,10-12,Thursday,11.58,3,1
CUST_13346,Bangalore Central,12-3,Thursday,12.12,3,0
CUST_13347,Bangalore Central,3-5,Friday,6.37,2,0
CUST_13348,Bangalore East,10-12,Monday,11.89,2,0
CUST_13349,Bangalore East,3-5,Friday,14.44,1,0
CUST_13350,Bangalore South,10-12,Tuesday,8.45,2,1
CUST_13351,Bangalore East,3-5,Tuesday,6.33,2,1
CUST_13352,Bangalore North,3-5,Friday,7.21,1,1
CUST_13353,Bangalore East,10-12,Monday,1.07,2,1
CUST_13354,Bangalore East,12-3,Thursday,13.51,1,1
CUST_13355,Bangalore Central,3-5,Tuesday,9.56,1,1
CUST_13356,Bangalore North,3-5,Wednesday,1.11,2,1
CUST_13357,Bangalore North,3-5,Friday,14.18,2,1
CUST_13358,Bangalore Central,12-3,Friday,7.28,1,1
CUST_13359,Bangalore North,12-3,Friday,4.73,2,1
CUST_13360,Bangalore Central,3-5,Tuesday,9.4,1,0
CUST_13361,Bangalore South,10-12,Tuesday,10.67,2,0
CUST_13362,Bangalore South,10-12,Wednesday,3.19,3,1
CUST_13363,Bangalore East,3-5,Monday,1.22,2,0
CUST_13364,Bangalore South,12-3,Wednesday,2.83,1,1
CUST_13365,Bangalore Central,12-3,Monday,5.51,2,1
CUST_13366,Bangalore South,10-12,Tuesday,6.69,2,0
CUST_13367,Bangalore South,12-3,Monday,10.89,2,1
CUST_13368,Bangalore Central,3-5,Friday,6.24,1,0
CUST_13369,Bangalore Central,12-3,Thursday,12.82,1,0
CUST_13370,Bangalore North,3-5,Tuesday,10.45,3,0
CUST_13371,Bangalore South,12-3,Wednesday,7.51,1,0
CUST_13372,Bangalore South,12-3,Wednesday,2.5,3,0
CUST_13373,Bangalore North,10-12,Wednesday,13.66,2,1
CUST_13374,Bangalore Central,10-12,Monday,14.49,3,0
CUST_13375,Bangalore Central,12-3,Monday,9.26,2,0
CUST_13376,Bangalore Central,12-3,Thursday,10.93,2,0
CUST_13377,Bangalore Central,3-5,Monday,1.36,2,0
CUST_13378,Bangalore North,10-12,Thursday,8.44,2,0
CUST_13379,Bangalore South,3-5,Thursday,2.35,2,0
CUST_13380,Bangalore South,3-5,Monday,4.38,2,0
CUST_13381,Bangalore South,10-12,Monday,11.17,2,1
CUST_13382,Bangalore East,3-5,Tuesday,7.67,1,1
CUST_13383,Bangalore North,10-12,Monday,10.16,2,0
CUST_13384,Bangalore East,3-5,Wednesday,5.1,1,1
CUST_13385,Bangalore South,12-3,Tuesday,13.81,1,1
CUST_13386,Bangalore South,12-3,Thursday,9.02,1,0
CUST_13387,Bangalore South,3-5,Wednesday,13.39,1,0
CUST_13388,Bangalore North,10-12,Monday,1.62,2,1
CUST_13389,Bangalore South,10-12,Thursday,13.88,2,1
CUST_13390,Bangalore Central,12-3,Thursday,10.89,1,0
CUST_13391,Bangalore South,12-3,Thursday,14.67,2,0
CUST_13392,Bangalore Central,12-3,Monday,5.78,2,1
CUST_13393,Bangalore South,3-5,Friday,4.48,2,0
CUST_13394,Bangalore Central,12-3,Wednesday,7.44,3,0
CUST_13395,Bangalore East,12-3,Friday,2.11,2,1
CUST_13396,Bangalore North,3-5,Thursday,7.0,1,0
CUST_13397,Bangalore North,3-5,Monday,4.39,3,1
CUST_13398,Bangalore North,3-5,Wednesday,13.46,3,0
CUST_13399,Bangalore Central,3-5,Friday,3.98,2,1
CUST_13400,Bangalore South,10-12,Tuesday,3.95,2,1
CUST_13401,Bangalore South,12-3,Wednesday,13.85,2,1
CUST_13402,Bangalore North,3-5,Friday,1.66,3,1
CUST_13403,Bangalore North,12-3,Friday,2.24,2,1
CUST_13404,Bangalore Central,12-3,Monday,12.97,2,1
CUST_13405,Bangalore East,10-12,Wednesday,5.07,2,0
CUST_13406,Bangalore South,12-3,Thursday,12.86,1,0
CUST_13407,Bangalore East,3-5,Friday,4.8,1,1
CUST_13408,Bangalore South,10-12,Wednesday,8.91,1,0
CUST_13409,Bangalore North,3-5,Tuesday,11.34,1,1
CUST_13410,Bangalore Central,3-5,Friday,11.57,2,1
CUST_13411,Bangalore North,3-5,Tuesday,13.41,2,1
CUST_13412,Bangalore North,10-12,Friday,1.4,2,1
CUST_13413,Bangalore East,10-12,Tuesday,14.75,2,1
CUST_13414,Bangalore South,3-5,Monday,11.73,3,0
CUST_13415,Bangalore Central,3-5,Tuesday,2.7,1,0
CUST_13416,Bangalore East,12-3,Thursday,12.47,2,0
CUST_13417,Bangalore South,10-12,Friday,12.28,2,0
CUST_13418,Bangalore South,3-5,Friday,2.82,1,0
CUST_13419,Bangalore South,12-3,Thursday,10.31,1,0
CUST_13420,Bangalore Central,3-5,Monday,12.36,1,0
CUST_13421,Bangalore East,12-3,Thursday,2.13,1,1
CUST_13422,Bangalore North,10-12,Wednesday,12.29,1,1
CUST_13423,Bangalore North,12-3,Monday,6.78,1,0
CUST_13424,Bangalore North,12-3,Wednesday,5.95,2,0
CUST_13425,Bangalore Central,10-12,Wednesday,10.71,1,1
CUST_13426,Bangalore East,3-5,Tuesday,1.31,1,0
CUST_13427,Bangalore East,3-5,Monday,9.61,2,1
CUST_13428,Bangalore East,10-12,Monday,3.46,3,0
CUST_13429,Bangalore North,10-12,Friday,3.98,2,1
CUST_13430,Bangalore Central,3-5,Monday,6.24,1,1
CUST_13431,Bangalore North,3-5,Wednesday,9.57,1,0
CUST_13432,Bangalore South,10-12,Friday,6.08,1,0
CUST_13433,Bangalore East,12-3,Monday,8.5,2,0
CUST_13434,Bangalore East,10-12,Tuesday,10.51,1,0
CUST_13435,Bangalore South,3-5,Tuesday,7.88,2,1
CUST_13436,Bangalore Central,10-12,Thursday,3.29,1,1
CUST_13437,Bangalore Central,12-3,Thursday,10.26,2,0
CUST_13438,Bangalore North,10-12,Friday,13.6,1,1
CUST_13439,Bangalore East,3-5,Tuesday,1.83,1,1
CUST_13440,Bangalore South,10-12,Friday,10.3,2,0
CUST_13441,Bangalore East,3-5,Wednesday,3.04,2,1
CUST_13442,Bangalore South,10-12,Wednesday,12.44,3,1
CUST_13443,Bangalore Central,10-12,Thursday,5.35,1,1
CUST_13444,Bangalore East,3-5,Wednesday,14.76,1,0
CUST_13445,Bangalore South,12-3,Tuesday,1.94,2,1
CUST_13446,Bangalore South,3-5,Monday,6.18,3,1
CUST_13447,Bangalore South,10-12,Monday,12.25,1,1
CUST_13448,Bangalore South,10-12,Thursday,6.73,1,0
CUST_13449,Bangalore Central,10-12,Wednesday,1.76,2,0
CUST_13450,Bangalore East,12-3,Monday,1.1,1,1
CUST_13451,Bangalore South,10-12,Thursday,12.75,1,1
CUST_13452,Bangalore South,12-3,Friday,3.59,2,0
CUST_13453,Bangalore North,10-12,Thursday,12.6,1,1
CUST_13454,Bangalore South,12-3,Tuesday,7.75,2,0
CUST_13455,Bangalore East,3-5,Wednesday,14.74,3,1
CUST_13456,Bangalore East,10-12,Monday,9.4,2,1
CUST_13457,Bangalore Central,12-3,Thursday,5.0,2,0
CUST_13458,Bangalore East,3-5,Friday,9.16,1,1
CUST_13459,Bangalore South,12-3,Tuesday,8.7,2,0
CUST_13460,Bangalore South,12-3,Monday,6.99,1,1
CUST_13461,Bangalore East,3-5,Monday,11.06,2,1
CUST_13462,Bangalore South,10-12,Thursday,9.85,1,0
CUST_13463,Bangalore Central,12-3,Wednesday,7.94,2,0
CUST_13464,Bangalore Central,12-3,Wednesday,6.27,3,0
CUST_13465,Bangalore South,3-5,Wednesday,12.14,3,1
CUST_13466,Bangalore North,12-3,Wednesday,12.41,2,1
CUST_13467,Bangalore East,12-3,Friday,10.45,2,0
CUST_13468,Bangalore North,10-12,Wednesday,13.09,1,0
CUST_13469,Bangalore North,3-5,Tuesday,8.48,1,1
CUST_13470,Bangalore South,12-3,Wednesday,4.72,2,1
CUST_13471,Bangalore East,12-3,Wednesday,13.39,2,0
CUST_13472,Bangalore Central,12-3,Thursday,4.36,2,0
CUST_13473,Bangalore South,12-3,Friday,14.74,2,1
CUST_13474,Bangalore Central,10-12,Thursday,3.37,1,0
CUST_13475,Bangalore East,3-5,Monday,9.73,3,1
CUST_13476,Bangalore South,3-5,Thursday,8.21,2,0
CUST_13477,Bangalore East,3-5,Wednesday,12.1,2,1
CUST_13478,Bangalore East,3-5,Friday,2.37,2,1
CUST_13479,Bangalore South,12-3,Thursday,14.0,2,0
CUST_13480,Bangalore North,12-3,Thursday,6.13,3,0
CUST_13481,Bangalore Central,12-3,Friday,13.33,2,0
CUST_13482,Bangalore Central,10-12,Monday,12.38,2,1
CUST_13483,Bangalore Central,3-5,Tuesday,8.82,1,0
CUST_13484,Bangalore Central,10-12,Wednesday,3.44,1,0
CUST_13485,Bangalore East,12-3,Wednesday,4.28,2,1
CUST_13486,Bangalore Central,3-5,Friday,9.14,2,1
CUST_13487,Bangalore Central,12-3,Tuesday,1.23,2,0
CUST_13488,Bangalore East,3-5,Tuesday,12.36,2,0
CUST_13489,Bangalore North,12-3,Friday,14.42,1,0
CUST_13490,Bangalore East,10-12,Monday,6.71,2,0
CUST_13491,Bangalore Central,12-3,Tuesday,10.2,1,1
CUST_13492,Bangalore North,10-12,Wednesday,3.82,3,0
CUST_13493,Bangalore North,12-3,Wednesday,7.77,3,1
CUST_13494,Bangalore East,12-3,Wednesday,11.95,2,0
CUST_13495,Bangalore East,10-12,Wednesday,5.2,1,1
CUST_13496,Bangalore Central,3-5,Monday,11.38,1,1
CUST_13497,Bangalore Central,3-5,Tuesday,12.6,2,0
CUST_13498,Bangalore Central,10-12,Thursday,11.46,2,1
CUST_13499,Bangalore East,12-3,Thursday,6.69,1,1
CUST_13500,Bangalore South,12-3,Thursday,4.8,1,1
CUST_13501,Bangalore East,3-5,Friday,3.48,1,0
CUST_13502,Bangalore South,3-5,Friday,12.52,3,1
CUST_13503,Bangalore South,12-3,Friday,2.55,1,0
CUST_13504,Bangalore East,10-12,Friday,12.91,2,1
CUST_13505,Bangalore South,10-12,Tuesday,13.77,2,0
CUST_13506,Bangalore North,10-12,Tuesday,2.64,3,0
CUST_13507,Bangalore East,3-5,Thursday,6.45,2,0
CUST_13508,Bangalore South,3-5,Friday,12.42,1,0
CUST_13509,Bangalore Central,3-5,Wednesday,13.83,2,1
CUST_13510,Bangalore North,12-3,Thursday,7.52,1,1
CUST_13511,Bangalore Central,3-5,Tuesday,2.54,3,0
CUST_13512,Bangalore North,3-5,Friday,13.84,2,0
CUST_13513,Bangalore North,3-5,Monday,3.29,2,0
CUST_13514,Bangalore East,3-5,Wednesday,11.78,1,0
CUST_13515,Bangalore Central,3-5,Monday,4.01,3,1
CUST_13516,Bangalore South,10-12,Thursday,9.67,2,1
CUST_13517,Bangalore North,10-12,Monday,2.41,3,1
CUST_13518,Bangalore South,3-5,Wednesday,8.34,2,0
CUST_13519,Bangalore North,10-12,Monday,9.7,3,1
CUST_13520,Bangalore East,12-3,Wednesday,9.81,2,1
CUST_13521,Bangalore South,12-3,Wednesday,7.3,1,0
CUST_13522,Bangalore North,3-5,Friday,2.58,2,1
CUST_13523,Bangalore East,10-12,Thursday,10.88,3,0
CUST_13524,Bangalore Central,10-12,Friday,5.36,3,1
CUST_13525,Bangalore South,10-12,Wednesday,14.97,3,1
CUST_13526,Bangalore South,12-3,Thursday,9.24,2,0
CUST_13527,Bangalore North,3-5,Thursday,11.21,2,0
CUST_13528,Bangalore East,3-5,Wednesday,6.48,2,1
CUST_13529,Bangalore Central,12-3,Thursday,11.43,2,0
CUST_13530,Bangalore North,3-5,Tuesday,9.04,2,1
CUST_13531,Bangalore North,3-5,Wednesday,3.72,3,1
CUST_13532,Bangalore Central,3-5,Friday,14.94,2,0
CUST_13533,Bangalore East,3-5,Monday,4.31,2,1
CUST_13534,Bangalore Central,10-12,Thursday,11.77,3,0
CUST_13535,Bangalore East,3-5,Friday,8.25,1,0
CUST_13536,Bangalore North,12-3,Wednesday,2.17,2,0
CUST_13537,Bangalore East,12-3,Thursday,14.78,1,0
CUST_13538,Bangalore East,3-5,Wednesday,9.32,2,1
CUST_13539,Bangalore North,12-3,Wednesday,7.71,1,0
CUST_13540,Bangalore East,10-12,Tuesday,10.95,2,0
CUST_13541,Bangalore South,3-5,Monday,12.45,1,1
CUST_13542,Bangalore East,12-3,Friday,14.32,1,0
CUST_13543,Bangalore Central,3-5,Tuesday,14.91,2,1
CUST_13544,Bangalore Central,12-3,Tuesday,14.86,1,1
CUST_13545,Bangalore South,10-12,Wednesday,3.33,3,1
CUST_13546,Bangalore South,3-5,Wednesday,13.34,3,0
CUST_13547,Bangalore East,12-3,Wednesday,10.24,2,0
CUST_13548,Bangalore East,10-12,Wednesday,12.67,3,0
CUST_13549,Bangalore South,10-12,Thursday,11.57,2,1
CUST_13550,Bangalore East,10-12,Monday,3.77,3,0
CUST_13551,Bangalore East,12-3,Friday,10.68,1,1
CUST_13552,Bangalore South,12-3,Wednesday,14.85,2,1
CUST_13553,Bangalore South,3-5,Thursday,8.92,2,1
CUST_13554,Bangalore Central,10-12,Friday,2.01,1,0
CUST_13555,Bangalore North,10-12,Thursday,8.39,2,1
CUST_13556,Bangalore Central,10-12,Tuesday,13.76,3,1
CUST_13557,Bangalore North,10-12,Friday,7.74,2,1
CUST_13558,Bangalore Central,3-5,Wednesday,5.84,1,0
CUST_13559,Bangalore Central,12-3,Tuesday,5.99,3,1
CUST_13560,Bangalore East,10-12,Thursday,9.62,1,1
CUST_13561,Bangalore North,3-5,Tuesday,10.1,2,1
CUST_13562,Bangalore South,3-5,Friday,5.87,2,0
CUST_13563,Bangalore South,12-3,Monday,13.87,2,0
CUST_13564,Bangalore Central,10-12,Thursday,8.48,2,1
CUST_13565,Bangalore South,10-12,Tuesday,12.18,2,1
CUST_13566,Bangalore Central,3-5,Tuesday,14.92,3,0
CUST_13567,Bangalore East,12-3,Monday,13.44,2,1
CUST_13568,Bangalore South,3-5,Tuesday,3.87,3,1
CUST_13569,Bangalore North,10-12,Monday,2.71,2,1
CUST_13570,Bangalore Central,3-5,Thursday,8.98,3,0
CUST_13571,Bangalore Central,12-3,Tuesday,12.98,1,1
CUST_13572,Bangalore Central,3-5,Wednesday,12.17,2,0
CUST_13573,Bangalore North,3-5,Tuesday,4.97,1,1
CUST_13574,Bangalore South,3-5,Wednesday,8.43,2,1
CUST_13575,Bangalore Central,10-12,Thursday,1.35,2,1
CUST_13576,Bangalore South,12-3,Tuesday,14.01,1,0
CUST_13577,Bangalore Central,12-3,Monday,5.26,1,0
CUST_13578,Bangalore Central,10-12,Monday,4.16,2,0
CUST_13579,Bangalore East,3-5,Thursday,7.48,2,0
CUST_13580,Bangalore North,12-3,Friday,2.35,2,1
CUST_13581,Bangalore Central,3-5,Monday,14.99,1,0
CUST_13582,Bangalore Central,12-3,Tuesday,7.17,3,1
CUST_13583,Bangalore South,3-5,Friday,2.2,1,0
CUST_13584,Bangalore East,12-3,Thursday,9.17,2,1
CUST_13585,Bangalore North,3-5,Thursday,14.9,2,0
CUST_13586,Bangalore South,10-12,Tuesday,10.66,2,0
CUST_13587,Bangalore North,12-3,Friday,3.45,2,1
CUST_13588,Bangalore Central,10-12,Friday,11.34,3,0
CUST_13589,Bangalore Central,3-5,Wednesday,12.12,2,0
CUST_13590,Bangalore South,12-3,Tuesday,2.13,1,0
CUST_13591,Bangalore South,10-12,Thursday,11.81,1,0
CUST_13592,Bangalore South,3-5,Wednesday,10.5,3,0
CUST_13593,Bangalore North,12-3,Thursday,1.83,1,0
CUST_13594,Bangalore Central,10-12,Friday,9.26,3,0
CUST_13595,Bangalore South,10-12,Tuesday,12.76,3,0
CUST_13596,Bangalore East,10-12,Wednesday,8.08,3,0
CUST_13597,Bangalore East,12-3,Wednesday,7.39,1,1
CUST_13598,Bangalore South,3-5,Tuesday,13.98,3,1
CUST_13599,Bangalore North,10-12,Tuesday,14.75,3,0
CUST_13600,Bangalore South,10-12,Tuesday,9.16,1,0
CUST_13601,Bangalore Central,10-12,Tuesday,13.07,1,0
CUST_13602,Bangalore Central,12-3,Thursday,7.55,2,1
CUST_13603,Bangalore North,12-3,Monday,2.92,2,0
CUST_13604,Bangalore East,12-3,Wednesday,5.73,3,1
CUST_13605,Bangalore North,10-12,Monday,10.5,1,1
CUST_13606,Bangalore South,12-3,Friday,3.71,2,0
CUST_13607,Bangalore East,3-5,Monday,4.68,1,0
CUST_13608,Bangalore South,10-12,Wednesday,14.43,2,0
CUST_13609,Bangalore South,3-5,Friday,13.63,1,1
CUST_13610,Bangalore Central,10-12,Monday,11.93,2,0
CUST_13611,Bangalore Central,10-12,Wednesday,10.46,1,0
CUST_13612,Bangalore Central,3-5,Thursday,6.76,3,1
CUST_13613,Bangalore South,12-3,Friday,10.71,2,0
CUST_13614,Bangalore Central,10-12,Tuesday,4.57,2,0
CUST_13615,Bangalore North,12-3,Wednesday,7.27,2,1
CUST_13616,Bangalore Central,12-3,Wednesday,3.9,1,0
CUST_13617,Bangalore East,3-5,Thursday,7.12,1,1
CUST_13618,Bangalore Central,3-5,Friday,12.98,2,0
CUST_13619,Bangalore East,10-12,Monday,12.15,2,0
CUST_13620,Bangalore South,12-3,Thursday,3.76,2,1
CUST_13621,Bangalore East,3-5,Friday,10.16,3,0
CUST_13622,Bangalore South,3-5,Tuesday,3.47,2,1
CUST_13623,Bangalore Central,12-3,Monday,10.1,3,1
CUST_13624,Bangalore Central,3-5,Wednesday,7.63,1,0
CUST_13625,Bangalore North,12-3,Tuesday,12.37,3,1
CUST_13626,Bangalore East,10-12,Tuesday,8.21,3,0
CUST_13627,Bangalore North,3-5,Tuesday,8.64,2,0
CUST_13628,Bangalore North,3-5,Monday,4.7,3,1
CUST_13629,Bangalore South,3-5,Monday,4.01,3,0
CUST_13630,Bangalore South,12-3,Thursday,1.66,1,1
CUST_13631,Bangalore South,12-3,Friday,6.21,2,0
CUST_13632,Bangalore East,12-3,Friday,1.11,2,1
CUST_13633,Bangalore South,10-12,Thursday,7.19,2,0
CUST_13634,Bangalore North,10-12,Tuesday,5.61,1,1
CUST_13635,Bangalore North,3-5,Friday,14.56,2,0
CUST_13636,Bangalore South,10-12,Tuesday,5.3,1,1
CUST_13637,Bangalore North,3-5,Thursday,8.62,1,1
CUST_13638,Bangalore North,3-5,Friday,13.36,1,1
CUST_13639,Bangalore Central,12-3,Wednesday,6.65,2,1
CUST_13640,Bangalore Central,10-12,Monday,5.96,2,0
CUST_13641,Bangalore East,3-5,Friday,9.51,2,1
CUST_13642,Bangalore East,10-12,Monday,10.26,1,1
CUST_13643,Bangalore North,3-5,Friday,8.73,3,0
CUST_13644,Bangalore North,10-12,Wednesday,12.33,3,1
CUST_13645,Bangalore South,12-3,Monday,11.84,3,1
CUST_13646,Bangalore Central,12-3,Wednesday,11.18,2,1
CUST_13647,Bangalore Central,3-5,Monday,6.97,3,0
CUST_13648,Bangalore South,10-12,Friday,13.99,2,0
CUST_13649,Bangalore Central,10-12,Friday,12.87,3,0
CUST_13650,Bangalore Central,3-5,Friday,10.13,1,0
CUST_13651,Bangalore Central,10-12,Wednesday,12.53,3,1
CUST_13652,Bangalore North,10-12,Friday,10.62,2,0
CUST_13653,Bangalore East,3-5,Wednesday,1.18,1,0
CUST_13654,Bangalore East,12-3,Wednesday,10.87,1,1
CUST_13655,Bangalore North,3-5,Friday,11.36,2,1
CUST_13656,Bangalore North,12-3,Thursday,14.65,2,1
CUST_13657,Bangalore Central,3-5,Friday,4.36,2,0
CUST_13658,Bangalore South,12-3,Friday,10.92,1,1
CUST_13659,Bangalore East,10-12,Wednesday,6.42,2,1
CUST_13660,Bangalore North,12-3,Wednesday,8.59,3,1
CUST_13661,Bangalore South,10-12,Wednesday,1.92,2,1
CUST_13662,Bangalore South,10-12,Monday,11.59,2,0
CUST_13663,Bangalore South,12-3,Thursday,13.08,2,1
CUST_13664,Bangalore South,10-12,Friday,7.08,2,0
CUST_13665,Bangalore North,12-3,Wednesday,7.94,1,0
CUST_13666,Bangalore North,12-3,Friday,3.72,1,0
CUST_13667,Bangalore North,12-3,Thursday,5.47,2,0
CUST_13668,Bangalore East,10-12,Wednesday,10.46,2,0
CUST_13669,Bangalore East,3-5,Monday,8.54,3,1
CUST_13670,Bangalore North,12-3,Friday,2.61,3,0
CUST_13671,Bangalore North,10-12,Wednesday,4.4,2,0
CUST_13672,Bangalore East,3-5,Wednesday,10.04,1,0
CUST_13673,Bangalore North,3-5,Monday,8.67,3,1
CUST_13674,Bangalore Central,3-5,Friday,3.75,1,0
CUST_13675,Bangalore North,10-12,Wednesday,2.67,1,0
CUST_13676,Bangalore North,12-3,Thursday,8.63,1,0
CUST_13677,Bangalore North,12-3,Wednesday,4.7,2,0
CUST_13678,Bangalore East,10-12,Friday,5.05,3,1
CUST_13679,Bangalore North,3-5,Friday,14.16,2,0
CUST_13680,Bangalore South,12-3,Monday,11.84,1,1
CUST_13681,Bangalore East,12-3,Thursday,12.36,2,1
CUST_13682,Bangalore South,12-3,Thursday,7.05,1,1
CUST_13683,Bangalore South,3-5,Wednesday,12.67,2,0
CUST_13684,Bangalore East,10-12,Wednesday,6.04,3,1
CUST_13685,Bangalore East,10-12,Wednesday,8.33,2,0
CUST_13686,Bangalore South,3-5,Wednesday,7.26,1,1
CUST_13687,Bangalore South,10-12,Wednesday,11.1,2,0
CUST_13688,Bangalore South,12-3,Monday,7.98,3,0
CUST_13689,Bangalore Central,12-3,Tuesday,6.11,2,1
CUST_13690,Bangalore South,10-12,Wednesday,4.29,1,0
CUST_13691,Bangalore North,12-3,Wednesday,12.59,1,0
CUST_13692,Bangalore Central,3-5,Tuesday,10.46,1,0
CUST_13693,Bangalore South,10-12,Thursday,6.15,2,0
CUST_13694,Bangalore South,3-5,Monday,1.7,2,0
CUST_13695,Bangalore Central,3-5,Tuesday,6.07,3,1
CUST_13696,Bangalore Central,10-12,Friday,9.71,2,0
CUST_13697,Bangalore South,12-3,Wednesday,1.79,1,1
CUST_13698,Bangalore Central,3-5,Thursday,4.44,2,0
CUST_13699,Bangalore North,3-5,Tuesday,10.3,3,0
CUST_13700,Bangalore East,3-5,Monday,9.52,1,0
CUST_13701,Bangalore South,10-12,Wednesday,4.87,2,0
CUST_13702,Bangalore North,3-5,Friday,9.98,2,0
CUST_13703,Bangalore Central,12-3,Friday,6.58,2,0
CUST_13704,Bangalore North,3-5,Wednesday,3.64,2,0
CUST_13705,Bangalore Central,3-5,Thursday,10.66,3,0
CUST_13706,Bangalore East,12-3,Wednesday,1.12,2,1
CUST_13707,Bangalore North,12-3,Friday,8.08,3,0
CUST_13708,Bangalore South,3-5,Tuesday,4.83,2,0
CUST_13709,Bangalore North,10-12,Friday,6.43,2,0
CUST_13710,Bangalore North,10-12,Tuesday,6.07,2,1
CUST_13711,Bangalore Central,10-12,Wednesday,3.35,2,0
CUST_13712,Bangalore East,3-5,Friday,5.75,2,1
CUST_13713,Bangalore East,12-3,Thursday,4.83,1,1
CUST_13714,Bangalore East,10-12,Tuesday,6.46,3,0
CUST_13715,Bangalore East,10-12,Wednesday,9.47,2,0
CUST_13716,Bangalore North,10-12,Friday,8.22,1,0
CUST_13717,Bangalore South,12-3,Friday,10.08,3,0
CUST_13718,Bangalore North,12-3,Friday,11.4,2,0
CUST_13719,Bangalore East,3-5,Monday,8.04,2,1
CUST_13720,Bangalore North,10-12,Wednesday,8.89,2,0
CUST_13721,Bangalore Central,3-5,Tuesday,14.88,1,1
CUST_13722,Bangalore South,12-3,Friday,8.48,2,0
CUST_13723,Bangalore South,3-5,Wednesday,2.63,1,1
CUST_13724,Bangalore North,3-5,Wednesday,5.34,1,0
CUST_13725,Bangalore East,10-12,Wednesday,11.2,2,1
CUST_13726,Bangalore North,10-12,Thursday,7.03,3,1
CUST_13727,Bangalore South,10-12,Wednesday,7.99,2,0
CUST_13728,Bangalore East,10-12,Wednesday,4.4,1,0
CUST_13729,Bangalore South,10-12,Thursday,11.65,2,1
CUST_13730,Bangalore Central,10-12,Thursday,6.09,3,1
CUST_13731,Bangalore South,3-5,Tuesday,4.94,3,0
CUST_13732,Bangalore South,3-5,Monday,5.46,3,0
CUST_13733,Bangalore South,3-5,Wednesday,13.7,2,0
CUST_13734,Bangalore North,12-3,Monday,14.85,2,0
CUST_13735,Bangalore Central,10-12,Thursday,1.25,2,0
CUST_13736,Bangalore East,10-12,Wednesday,7.9,1,0
CUST_13737,Bangalore Central,3-5,Monday,6.34,1,0
CUST_13738,Bangalore South,3-5,Thursday,3.26,1,1
CUST_13739,Bangalore Central,12-3,Monday,12.08,1,0
CUST_13740,Bangalore South,12-3,Monday,14.23,3,1
CUST_13741,Bangalore Central,3-5,Monday,7.04,2,0
CUST_13742,Bangalore Central,3-5,Monday,11.31,1,0
CUST_13743,Bangalore North,12-3,Tuesday,6.68,2,0
CUST_13744,Bangalore East,3-5,Thursday,9.55,1,0
CUST_13745,Bangalore Central,3-5,Thursday,3.92,2,1
CUST_13746,Bangalore Central,12-3,Wednesday,14.51,1,1
CUST_13747,Bangalore Central,3-5,Thursday,5.19,2,1
CUST_13748,Bangalore Central,3-5,Wednesday,1.39,2,0
CUST_13749,Bangalore South,12-3,Wednesday,2.28,2,1
CUST_13750,Bangalore North,10-12,Monday,13.86,1,0
CUST_13751,Bangalore South,10-12,Monday,13.61,1,0
CUST_13752,Bangalore Central,10-12,Tuesday,8.09,3,0
CUST_13753,Bangalore South,12-3,Friday,3.18,2,0
CUST_13754,Bangalore Central,12-3,Wednesday,13.86,2,0
CUST_13755,Bangalore South,3-5,Monday,10.37,2,0
CUST_13756,Bangalore East,12-3,Tuesday,2.12,1,0
CUST_13757,Bangalore South,3-5,Thursday,9.65,1,0
CUST_13758,Bangalore North,3-5,Wednesday,13.35,2,1
CUST_13759,Bangalore East,12-3,Tuesday,7.97,1,0
CUST_13760,Bangalore North,12-3,Thursday,14.66,3,0
CUST_13761,Bangalore Central,10-12,Monday,5.15,1,0
CUST_13762,Bangalore South,10-12,Wednesday,10.97,3,0
CUST_13763,Bangalore Central,3-5,Friday,13.26,2,1
CUST_13764,Bangalore Central,3-5,Tuesday,12.03,2,0
CUST_13765,Bangalore North,10-12,Thursday,8.97,2,0
CUST_13766,Bangalore South,10-12,Tuesday,14.94,3,1
CUST_13767,Bangalore South,3-5,Wednesday,6.84,2,0
CUST_13768,Bangalore East,10-12,Tuesday,6.57,1,1
CUST_13769,Bangalore North,10-12,Monday,9.69,2,1
CUST_13770,Bangalore East,3-5,Wednesday,7.97,3,0
CUST_13771,Bangalore South,3-5,Wednesday,2.78,1,1
CUST_13772,Bangalore Central,3-5,Thursday,3.16,2,1
CUST_13773,Bangalore Central,10-12,Tuesday,10.4,2,1
CUST_13774,Bangalore East,10-12,Friday,11.29,2,0
CUST_13775,Bangalore South,10-12,Thursday,1.84,2,0
CUST_13776,Bangalore North,10-12,Tuesday,11.46,3,0
CUST_13777,Bangalore Central,3-5,Tuesday,11.54,1,0
CUST_13778,Bangalore Central,10-12,Monday,3.68,2,0
CUST_13779,Bangalore North,10-12,Tuesday,9.48,2,1
CUST_13780,Bangalore East,3-5,Friday,9.88,2,0
CUST_13781,Bangalore East,3-5,Wednesday,4.12,1,1
CUST_13782,Bangalore South,12-3,Monday,2.25,2,1
CUST_13783,Bangalore North,12-3,Monday,4.93,1,1
CUST_13784,Bangalore South,10-12,Wednesday,3.24,1,0
CUST_13785,Bangalore South,12-3,Tuesday,13.34,1,1
CUST_13786,Bangalore East,12-3,Tuesday,6.66,2,1
CUST_13787,Bangalore South,12-3,Wednesday,9.82,2,1
CUST_13788,Bangalore East,3-5,Monday,12.31,2,0
CUST_13789,Bangalore North,10-12,Thursday,5.9,2,0
CUST_13790,Bangalore East,3-5,Tuesday,6.19,3,1
CUST_13791,Bangalore East,12-3,Friday,9.09,2,0
CUST_13792,Bangalore North,12-3,Monday,13.29,1,1
CUST_13793,Bangalore South,10-12,Wednesday,4.59,2,0
CUST_13794,Bangalore North,10-12,Tuesday,3.63,2,0
CUST_13795,Bangalore South,3-5,Wednesday,7.6,2,1
CUST_13796,Bangalore North,12-3,Friday,2.81,2,0
CUST_13797,Bangalore North,12-3,Monday,7.76,2,0
CUST_13798,Bangalore South,12-3,Tuesday,5.27,2,1
CUST_13799,Bangalore East,3-5,Friday,9.52,2,1
CUST_13800,Bangalore South,10-12,Thursday,9.38,1,1
CUST_13801,Bangalore South,3-5,Wednesday,6.75,2,0
CUST_13802,Bangalore East,3-5,Tuesday,6.11,3,1
CUST_13803,Bangalore Central,10-12,Friday,12.08,3,1
CUST_13804,Bangalore Central,10-12,Tuesday,10.35,3,0
CUST_13805,Bangalore North,3-5,Thursday,3.97,2,1
CUST_13806,Bangalore Central,12-3,Monday,8.98,1,1
CUST_13807,Bangalore North,3-5,Monday,2.66,2,0
CUST_13808,Bangalore North,10-12,Wednesday,1.38,2,1
CUST_13809,Bangalore South,12-3,Tuesday,10.93,3,1
CUST_13810,Bangalore Central,12-3,Monday,11.0,2,1
CUST_13811,Bangalore South,12-3,Tuesday,11.55,2,1
CUST_13812,Bangalore East,3-5,Friday,5.29,1,0
CUST_13813,Bangalore North,12-3,Friday,3.11,1,1
CUST_13814,Bangalore North,10-12,Thursday,1.67,1,1
CUST_13815,Bangalore East,10-12,Tuesday,4.21,2,0
CUST_13816,Bangalore North,10-12,Tuesday,11.33,1,0
CUST_13817,Bangalore Central,10-12,Tuesday,13.42,1,1
CUST_13818,Bangalore Central,12-3,Thursday,14.91,2,0
CUST_13819,Bangalore East,3-5,Friday,2.32,2,1
CUST_13820,Bangalore South,12-3,Wednesday,14.81,2,1
CUST_13821,Bangalore East,3-5,Friday,11.6,2,1
CUST_13822,Bangalore South,10-12,Tuesday,13.92,1,1
CUST_13823,Bangalore South,12-3,Monday,8.94,2,1
CUST_13824,Bangalore East,3-5,Monday,10.23,3,0
CUST_13825,Bangalore South,12-3,Monday,11.12,2,0
CUST_13826,Bangalore East,12-3,Thursday,6.4,2,1
CUST_13827,Bangalore South,10-12,Tuesday,6.1,3,0
CUST_13828,Bangalore North,3-5,Friday,10.16,1,0
CUST_13829,Bangalore Central,3-5,Tuesday,13.32,3,0
CUST_13830,Bangalore Central,12-3,Friday,1.52,1,0
CUST_13831,Bangalore Central,12-3,Wednesday,9.25,1,0
CUST_13832,Bangalore Central,10-12,Thursday,7.85,2,0
CUST_13833,Bangalore North,10-12,Friday,8.16,2,0
CUST_13834,Bangalore South,3-5,Wednesday,6.8,1,1
CUST_13835,Bangalore East,3-5,Friday,6.64,2,0
CUST_13836,Bangalore East,10-12,Thursday,12.5,3,1
CUST_13837,Bangalore North,10-12,Tuesday,5.76,2,0
CUST_13838,Bangalore South,3-5,Wednesday,13.9,1,0
CUST_13839,Bangalore North,3-5,Thursday,1.08,2,1
CUST_13840,Bangalore North,10-12,Tuesday,10.21,3,1
CUST_13841,Bangalore East,3-5,Monday,5.0,1,0
CUST_13842,Bangalore East,12-3,Friday,10.89,1,0
CUST_13843,Bangalore Central,10-12,Wednesday,3.17,2,1
CUST_13844,Bangalore East,10-12,Thursday,4.69,2,1
CUST_13845,Bangalore North,12-3,Monday,3.87,3,1
CUST_13846,Bangalore South,10-12,Friday,13.44,2,1
CUST_13847,Bangalore North,12-3,Thursday,5.35,1,0
CUST_13848,Bangalore South,3-5,Thursday,2.79,2,0
CUST_13849,Bangalore North,12-3,Thursday,3.53,3,0
CUST_13850,Bangalore South,10-12,Wednesday,7.57,3,1
CUST_13851,Bangalore South,12-3,Wednesday,10.92,1,0
CUST_13852,Bangalore Central,12-3,Friday,2.04,1,1
CUST_13853,Bangalore South,10-12,Friday,1.78,2,1
CUST_13854,Bangalore East,12-3,Wednesday,8.22,1,0
CUST_13855,Bangalore North,10-12,Wednesday,4.33,3,1
CUST_13856,Bangalore East,12-3,Thursday,4.61,1,0
CUST_13857,Bangalore East,10-12,Monday,6.78,2,0
CUST_13858,Bangalore Central,10-12,Wednesday,10.33,1,0
CUST_13859,Bangalore East,12-3,Thursday,2.45,2,0
CUST_13860,Bangalore East,3-5,Friday,4.99,3,0
CUST_13861,Bangalore Central,12-3,Thursday,6.94,2,1
CUST_13862,Bangalore North,3-5,Monday,7.29,1,1
CUST_13863,Bangalore North,10-12,Wednesday,13.66,3,0
CUST_13864,Bangalore Central,3-5,Friday,6.19,2,1
CUST_13865,Bangalore East,12-3,Friday,2.1,3,1
CUST_13866,Bangalore South,12-3,Monday,3.66,1,1
CUST_13867,Bangalore North,3-5,Wednesday,12.16,1,0
CUST_13868,Bangalore North,12-3,Friday,8.23,2,0
CUST_13869,Bangalore Central,3-5,Tuesday,6.73,2,0
CUST_13870,Bangalore Central,12-3,Tuesday,13.95,1,0
CUST_13871,Bangalore East,3-5,Wednesday,1.32,3,1
CUST_13872,Bangalore North,10-12,Tuesday,10.39,2,0
CUST_13873,Bangalore East,3-5,Tuesday,14.14,3,1
CUST_13874,Bangalore South,12-3,Monday,10.65,2,1
CUST_13875,Bangalore Central,10-12,Tuesday,3.67,1,0
CUST_13876,Bangalore East,12-3,Friday,3.28,3,0
CUST_13877,Bangalore East,3-5,Friday,7.9,2,0
CUST_13878,Bangalore North,3-5,Friday,12.17,1,0
CUST_13879,Bangalore Central,3-5,Wednesday,13.04,3,0
CUST_13880,Bangalore Central,10-12,Wednesday,1.75,1,1
CUST_13881,Bangalore South,3-5,Friday,5.25,2,0
CUST_13882,Bangalore South,10-12,Tuesday,9.19,2,1
CUST_13883,Bangalore East,10-12,Monday,1.72,2,0
CUST_13884,Bangalore South,10-12,Tuesday,9.39,1,1
CUST_13885,Bangalore East,3-5,Tuesday,5.03,1,1
CUST_13886,Bangalore North,12-3,Monday,6.58,2,0
CUST_13887,Bangalore East,12-3,Monday,2.07,3,1
CUST_13888,Bangalore North,12-3,Monday,1.9,3,1
CUST_13889,Bangalore East,12-3,Wednesday,6.86,2,0
CUST_13890,Bangalore North,12-3,Thursday,9.09,3,0
CUST_13891,Bangalore East,3-5,Monday,7.29,1,1
CUST_13892,Bangalore South,3-5,Wednesday,8.41,1,1
CUST_13893,Bangalore South,3-5,Thursday,12.67,2,0
CUST_13894,Bangalore Central,10-12,Thursday,9.58,2,0
CUST_13895,Bangalore Central,3-5,Thursday,4.66,2,1
CUST_13896,Bangalore East,3-5,Wednesday,14.94,2,0
CUST_13897,Bangalore East,12-3,Wednesday,11.35,3,0
CUST_13898,Bangalore Central,10-12,Tuesday,3.27,2,1
CUST_13899,Bangalore East,10-12,Tuesday,4.99,2,0
CUST_13900,Bangalore South,10-12,Thursday,11.26,1,1
CUST_13901,Bangalore East,10-12,Thursday,5.02,1,1
CUST_13902,Bangalore South,3-5,Friday,5.07,2,0
CUST_13903,Bangalore North,12-3,Wednesday,2.35,1,1
CUST_13904,Bangalore Central,3-5,Friday,9.73,2,1
CUST_13905,Bangalore Central,10-12,Friday,11.7,2,0
CUST_13906,Bangalore North,10-12,Monday,13.69,2,0
CUST_13907,Bangalore South,12-3,Wednesday,7.33,3,1
CUST_13908,Bangalore South,3-5,Wednesday,9.13,2,0
CUST_13909,Bangalore Central,12-3,Friday,3.77,3,1
CUST_13910,Bangalore South,3-5,Friday,7.47,2,0
CUST_13911,Bangalore North,12-3,Thursday,7.99,2,0
CUST_13912,Bangalore Central,10-12,Wednesday,4.54,2,0
CUST_13913,Bangalore East,12-3,Wednesday,1.74,1,1
CUST_13914,Bangalore Central,3-5,Friday,5.53,3,1
CUST_13915,Bangalore North,12-3,Thursday,12.8,1,1
CUST_13916,Bangalore Central,3-5,Monday,14.93,1,0
CUST_13917,Bangalore South,10-12,Friday,7.28,2,0
CUST_13918,Bangalore Central,12-3,Tuesday,5.8,2,0
CUST_13919,Bangalore South,3-5,Friday,10.88,2,0
CUST_13920,Bangalore Central,10-12,Friday,9.16,1,0
CUST_13921,Bangalore North,10-12,Thursday,13.27,1,1
CUST_13922,Bangalore Central,10-12,Wednesday,1.24,2,1
CUST_13923,Bangalore Central,10-12,Monday,6.34,2,1
CUST_13924,Bangalore South,10-12,Tuesday,11.36,1,1
CUST_13925,Bangalore East,10-12,Tuesday,2.02,1,0
CUST_13926,Bangalore North,10-12,Monday,12.43,1,0
CUST_13927,Bangalore South,3-5,Friday,14.71,2,1
CUST_13928,Bangalore North,10-12,Tuesday,12.48,2,1
CUST_13929,Bangalore East,12-3,Friday,9.34,1,0
CUST_13930,Bangalore Central,12-3,Monday,2.06,1,1
CUST_13931,Bangalore Central,12-3,Wednesday,8.98,2,1
CUST_13932,Bangalore North,12-3,Monday,13.88,2,0
CUST_13933,Bangalore East,3-5,Thursday,8.64,2,1
CUST_13934,Bangalore South,3-5,Wednesday,12.42,2,0
CUST_13935,Bangalore Central,3-5,Tuesday,13.01,1,1
CUST_13936,Bangalore East,12-3,Tuesday,5.41,3,1
CUST_13937,Bangalore South,10-12,Monday,5.69,1,1
CUST_13938,Bangalore East,12-3,Monday,4.53,2,1
CUST_13939,Bangalore South,3-5,Wednesday,12.33,2,1
CUST_13940,Bangalore Central,10-12,Tuesday,11.13,3,1
CUST_13941,Bangalore South,12-3,Friday,11.61,3,1
CUST_13942,Bangalore South,3-5,Wednesday,2.63,3,0
CUST_13943,Bangalore East,12-3,Monday,10.94,2,0
CUST_13944,Bangalore North,12-3,Thursday,9.22,1,0
CUST_13945,Bangalore South,10-12,Wednesday,11.47,3,0
CUST_13946,Bangalore South,12-3,Tuesday,7.56,2,1
CUST_13947,Bangalore South,10-12,Thursday,5.35,2,0
CUST_13948,Bangalore East,10-12,Monday,7.83,3,1
CUST_13949,Bangalore Central,12-3,Friday,9.0,1,0
CUST_13950,Bangalore Central,3-5,Monday,4.05,3,1
CUST_13951,Bangalore South,10-12,Friday,9.41,2,1
CUST_13952,Bangalore East,3-5,Monday,12.2,3,1
CUST_13953,Bangalore North,10-12,Monday,14.17,2,0
CUST_13954,Bangalore East,10-12,Wednesday,3.94,1,1
CUST_13955,Bangalore East,10-12,Monday,11.85,2,0
CUST_13956,Bangalore Central,12-3,Tuesday,13.03,1,1
CUST_13957,Bangalore East,12-3,Thursday,2.16,2,0
CUST_13958,Bangalore Central,3-5,Monday,4.73,2,1
CUST_13959,Bangalore South,10-12,Monday,4.66,1,1
CUST_13960,Bangalore East,10-12,Friday,9.18,2,1
CUST_13961,Bangalore East,3-5,Friday,14.27,1,0
CUST_13962,Bangalore North,3-5,Thursday,12.4,1,1
CUST_13963,Bangalore East,10-12,Monday,2.69,2,0
CUST_13964,Bangalore Central,10-12,Friday,9.9,3,0
CUST_13965,Bangalore Central,12-3,Friday,9.65,1,1
CUST_13966,Bangalore South,10-12,Thursday,9.86,2,0
CUST_13967,Bangalore Central,3-5,Tuesday,14.04,1,0
CUST_13968,Bangalore South,10-12,Monday,5.01,2,1
CUST_13969,Bangalore North,10-12,Monday,11.63,2,1
CUST_13970,Bangalore Central,10-12,Friday,7.51,2,0
CUST_13971,Bangalore North,3-5,Monday,13.24,2,0
CUST_13972,Bangalore East,10-12,Monday,9.46,2,1
CUST_13973,Bangalore North,3-5,Monday,7.8,3,1
CUST_13974,Bangalore East,10-12,Thursday,9.02,3,1
CUST_13975,Bangalore East,10-12,Friday,10.62,2,1
CUST_13976,Bangalore North,10-12,Friday,10.85,3,1
CUST_13977,Bangalore Central,12-3,Wednesday,7.47,2,1
CUST_13978,Bangalore Central,3-5,Wednesday,1.88,2,0
CUST_13979,Bangalore North,10-12,Friday,4.43,1,0
CUST_13980,Bangalore Central,10-12,Wednesday,3.84,2,0
CUST_13981,Bangalore South,3-5,Wednesday,12.49,3,1
CUST_13982,Bangalore East,12-3,Thursday,14.91,1,0
CUST_13983,Bangalore South,12-3,Monday,7.54,2,1
CUST_13984,Bangalore Central,12-3,Tuesday,5.55,3,0
CUST_13985,Bangalore North,3-5,Wednesday,8.56,2,1
CUST_13986,Bangalore East,12-3,Friday,12.78,3,0
CUST_13987,Bangalore South,12-3,Friday,14.9,3,0
CUST_13988,Bangalore South,12-3,Thursday,9.71,2,1
CUST_13989,Bangalore East,12-3,Wednesday,7.3,1,0
CUST_13990,Bangalore North,12-3,Wednesday,8.49,2,0
CUST_13991,Bangalore South,3-5,Monday,4.49,2,0
CUST_13992,Bangalore North,3-5,Friday,5.67,2,0
CUST_13993,Bangalore East,12-3,Tuesday,14.25,2,0
CUST_13994,Bangalore East,10-12,Friday,14.13,1,1
CUST_13995,Bangalore Central,3-5,Friday,1.67,2,1
CUST_13996,Bangalore South,12-3,Monday,13.0,2,0
CUST_13997,Bangalore Central,12-3,Tuesday,4.67,1,0
CUST_13998,Bangalore South,3-5,Tuesday,9.95,1,0
CUST_13999,Bangalore East,3-5,Wednesday,12.56,1,1
CUST_14000,Bangalore East,10-12,Tuesday,5.42,3,0
CUST_14001,Bangalore East,12-3,Tuesday,10.27,2,0
CUST_14002,Bangalore North,12-3,Friday,12.43,1,1
CUST_14003,Bangalore Central,3-5,Friday,7.37,3,0
CUST_14004,Bangalore East,12-3,Friday,11.43,2,1
CUST_14005,Bangalore South,3-5,Wednesday,4.35,3,1
CUST_14006,Bangalore Central,12-3,Thursday,11.66,2,0
CUST_14007,Bangalore Central,3-5,Thursday,7.75,1,1
CUST_14008,Bangalore South,10-12,Tuesday,9.38,3,0
CUST_14009,Bangalore North,12-3,Wednesday,4.06,3,0
CUST_14010,Bangalore South,10-12,Tuesday,12.33,2,1
CUST_14011,Bangalore East,10-12,Monday,3.68,1,1
CUST_14012,Bangalore East,12-3,Wednesday,12.33,2,1
CUST_14013,Bangalore East,3-5,Thursday,4.58,2,0
CUST_14014,Bangalore Central,12-3,Wednesday,4.26,2,0
CUST_14015,Bangalore South,12-3,Friday,10.59,2,1
CUST_14016,Bangalore North,3-5,Monday,7.38,2,1
CUST_14017,Bangalore Central,12-3,Wednesday,1.33,2,1
CUST_14018,Bangalore North,12-3,Friday,5.56,1,0
CUST_14019,Bangalore Central,12-3,Friday,6.9,1,0
CUST_14020,Bangalore East,12-3,Monday,2.87,1,0
CUST_14021,Bangalore South,3-5,Thursday,11.42,3,0
CUST_14022,Bangalore North,12-3,Friday,9.03,2,0
CUST_14023,Bangalore Central,3-5,Monday,4.67,3,1
CUST_14024,Bangalore North,10-12,Wednesday,14.28,3,1
CUST_14025,Bangalore East,10-12,Wednesday,5.94,3,1
CUST_14026,Bangalore South,10-12,Friday,3.92,1,1
CUST_14027,Bangalore East,12-3,Thursday,14.32,2,1
CUST_14028,Bangalore Central,12-3,Thursday,13.2,1,0
CUST_14029,Bangalore Central,10-12,Thursday,9.39,2,0
CUST_14030,Bangalore North,12-3,Tuesday,9.98,3,0
CUST_14031,Bangalore South,3-5,Monday,10.23,2,0
CUST_14032,Bangalore South,3-5,Friday,13.81,2,1
CUST_14033,Bangalore Central,10-12,Tuesday,11.57,2,1
CUST_14034,Bangalore East,12-3,Tuesday,6.22,1,1
CUST_14035,Bangalore North,12-3,Wednesday,11.53,1,1
CUST_14036,Bangalore North,12-3,Friday,9.39,2,1
CUST_14037,Bangalore East,12-3,Friday,2.02,1,1
CUST_14038,Bangalore South,10-12,Friday,13.38,2,0
CUST_14039,Bangalore East,10-12,Monday,3.8,1,0
CUST_14040,Bangalore North,12-3,Thursday,14.28,1,0
CUST_14041,Bangalore Central,10-12,Friday,7.39,2,0
CUST_14042,Bangalore South,3-5,Monday,11.84,2,0
CUST_14043,Bangalore North,3-5,Monday,8.53,1,1
CUST_14044,Bangalore North,12-3,Tuesday,3.22,3,1
CUST_14045,Bangalore South,10-12,Monday,7.03,3,0
CUST_14046,Bangalore South,12-3,Friday,1.92,2,1
CUST_14047,Bangalore East,12-3,Friday,3.9,2,1
CUST_14048,Bangalore South,12-3,Monday,11.31,1,1
CUST_14049,Bangalore Central,10-12,Tuesday,6.05,1,0
CUST_14050,Bangalore Central,10-12,Thursday,1.49,1,1
CUST_14051,Bangalore East,10-12,Wednesday,12.97,1,0
CUST_14052,Bangalore East,12-3,Thursday,12.54,3,0
CUST_14053,Bangalore East,10-12,Friday,1.66,2,1
CUST_14054,Bangalore South,3-5,Wednesday,3.5,3,0
CUST_14055,Bangalore South,3-5,Thursday,6.44,1,1
CUST_14056,Bangalore Central,3-5,Tuesday,3.84,1,0
CUST_14057,Bangalore East,10-12,Monday,5.38,3,0
CUST_14058,Bangalore Central,3-5,Tuesday,8.86,1,1
CUST_14059,Bangalore Central,10-12,Wednesday,1.71,2,0
CUST_14060,Bangalore South,3-5,Friday,13.5,2,0
CUST_14061,Bangalore East,10-12,Tuesday,14.67,2,1
CUST_14062,Bangalore South,10-12,Tuesday,10.93,2,1
CUST_14063,Bangalore East,12-3,Thursday,9.66,2,1
CUST_14064,Bangalore North,3-5,Monday,9.37,1,0
CUST_14065,Bangalore North,3-5,Tuesday,8.17,2,1
CUST_14066,Bangalore Central,12-3,Monday,9.74,2,1
CUST_14067,Bangalore East,3-5,Friday,11.06,2,0
CUST_14068,Bangalore East,12-3,Thursday,7.81,2,0
CUST_14069,Bangalore East,3-5,Tuesday,1.81,1,1
CUST_14070,Bangalore Central,12-3,Friday,1.92,1,1
CUST_14071,Bangalore Central,3-5,Tuesday,4.99,1,1
CUST_14072,Bangalore North,3-5,Tuesday,10.55,1,0
CUST_14073,Bangalore North,12-3,Monday,11.68,2,0
CUST_14074,Bangalore North,10-12,Thursday,3.07,2,0
CUST_14075,Bangalore South,10-12,Thursday,12.71,2,1
CUST_14076,Bangalore Central,10-12,Thursday,8.4,1,0
CUST_14077,Bangalore East,12-3,Friday,5.9,2,0
CUST_14078,Bangalore North,3-5,Tuesday,3.28,1,1
CUST_14079,Bangalore South,12-3,Tuesday,7.95,2,0
CUST_14080,Bangalore East,10-12,Monday,1.48,2,1
CUST_14081,Bangalore East,3-5,Tuesday,10.41,3,0
CUST_14082,Bangalore Central,3-5,Wednesday,10.66,3,1
CUST_14083,Bangalore South,3-5,Friday,10.86,1,0
CUST_14084,Bangalore South,10-12,Thursday,1.15,2,1
CUST_14085,Bangalore Central,10-12,Thursday,12.23,2,1
CUST_14086,Bangalore South,10-12,Friday,5.46,2,1
CUST_14087,Bangalore East,10-12,Thursday,9.13,2,0
CUST_14088,Bangalore South,12-3,Friday,12.92,2,1
CUST_14089,Bangalore North,3-5,Friday,1.24,2,1
CUST_14090,Bangalore South,10-12,Monday,7.25,2,1
CUST_14091,Bangalore East,10-12,Friday,5.97,3,0
CUST_14092,Bangalore North,3-5,Friday,3.86,3,1
CUST_14093,Bangalore South,12-3,Tuesday,13.91,2,1
CUST_14094,Bangalore South,3-5,Wednesday,1.53,3,0
CUST_14095,Bangalore North,10-12,Tuesday,2.81,1,0
CUST_14096,Bangalore Central,10-12,Friday,1.61,1,0
CUST_14097,Bangalore East,12-3,Thursday,4.29,2,0
CUST_14098,Bangalore North,10-12,Thursday,10.03,2,1
CUST_14099,Bangalore East,3-5,Thursday,14.33,3,0
CUST_14100,Bangalore Central,10-12,Monday,10.28,2,1
CUST_14101,Bangalore East,12-3,Friday,3.21,3,1
CUST_14102,Bangalore East,12-3,Tuesday,13.26,2,0
CUST_14103,Bangalore Central,12-3,Friday,14.85,2,1
CUST_14104,Bangalore South,10-12,Wednesday,12.92,2,1
CUST_14105,Bangalore South,10-12,Friday,3.26,2,0
CUST_14106,Bangalore South,12-3,Thursday,5.75,3,1
CUST_14107,Bangalore South,3-5,Monday,8.23,2,0
CUST_14108,Bangalore South,12-3,Monday,5.33,1,0
CUST_14109,Bangalore East,10-12,Tuesday,6.6,3,0
CUST_14110,Bangalore Central,10-12,Tuesday,14.14,2,0
CUST_14111,Bangalore Central,12-3,Monday,6.38,1,0
CUST_14112,Bangalore North,3-5,Friday,8.15,2,0
CUST_14113,Bangalore Central,3-5,Tuesday,8.54,1,1
CUST_14114,Bangalore Central,10-12,Friday,13.24,2,0
CUST_14115,Bangalore North,10-12,Friday,4.47,2,1
CUST_14116,Bangalore East,12-3,Monday,2.37,3,0
CUST_14117,Bangalore Central,12-3,Friday,4.99,3,0
CUST_14118,Bangalore East,10-12,Tuesday,14.67,2,1
CUST_14119,Bangalore South,10-12,Tuesday,8.62,2,1
CUST_14120,Bangalore South,3-5,Friday,3.61,2,1
CUST_14121,Bangalore South,12-3,Monday,1.57,2,1
CUST_14122,Bangalore North,10-12,Friday,4.22,2,1
CUST_14123,Bangalore South,3-5,Wednesday,14.75,2,1
CUST_14124,Bangalore East,3-5,Thursday,13.46,2,0
CUST_14125,Bangalore South,12-3,Friday,10.78,1,1
CUST_14126,Bangalore Central,3-5,Monday,5.46,3,1
CUST_14127,Bangalore North,10-12,Friday,6.46,2,0
CUST_14128,Bangalore South,12-3,Monday,3.37,1,1
CUST_14129,Bangalore Central,10-12,Friday,2.43,3,1
CUST_14130,Bangalore Central,10-12,Thursday,9.59,2,1
CUST_14131,Bangalore North,10-12,Friday,11.99,2,0
CUST_14132,Bangalore North,10-12,Monday,7.79,3,1
CUST_14133,Bangalore South,10-12,Monday,12.25,1,1
CUST_14134,Bangalore East,10-12,Monday,1.41,2,0
CUST_14135,Bangalore East,3-5,Thursday,1.68,1,0
CUST_14136,Bangalore North,3-5,Thursday,12.94,2,0
CUST_14137,Bangalore Central,3-5,Thursday,14.35,3,0
CUST_14138,Bangalore East,12-3,Monday,13.77,1,0
CUST_14139,Bangalore Central,12-3,Monday,11.77,2,1
CUST_14140,Bangalore North,12-3,Wednesday,14.64,3,1
CUST_14141,Bangalore East,3-5,Wednesday,8.94,3,1
CUST_14142,Bangalore Central,3-5,Monday,11.32,1,0
CUST_14143,Bangalore Central,10-12,Thursday,7.83,2,0
CUST_14144,Bangalore North,10-12,Tuesday,7.18,2,1
CUST_14145,Bangalore South,12-3,Wednesday,10.69,3,1
CUST_14146,Bangalore East,12-3,Monday,11.67,1,0
CUST_14147,Bangalore North,12-3,Tuesday,8.07,2,1
CUST_14148,Bangalore South,10-12,Thursday,12.5,2,0
CUST_14149,Bangalore North,10-12,Monday,14.91,2,0
CUST_14150,Bangalore North,3-5,Friday,5.72,2,0
CUST_14151,Bangalore Central,12-3,Tuesday,8.87,1,0
CUST_14152,Bangalore East,10-12,Monday,5.64,1,1
CUST_14153,Bangalore South,3-5,Thursday,11.49,2,0
CUST_14154,Bangalore East,12-3,Friday,8.87,1,1
CUST_14155,Bangalore South,12-3,Wednesday,14.58,1,1
CUST_14156,Bangalore North,12-3,Monday,12.79,1,0
CUST_14157,Bangalore Central,12-3,Tuesday,12.96,1,0
CUST_14158,Bangalore East,10-12,Monday,10.33,3,1
CUST_14159,Bangalore Central,3-5,Thursday,8.36,2,0
CUST_14160,Bangalore East,10-12,Thursday,13.21,1,1
CUST_14161,Bangalore North,12-3,Friday,10.66,2,0
CUST_14162,Bangalore South,10-12,Monday,7.54,2,1
CUST_14163,Bangalore Central,12-3,Wednesday,9.14,1,1
CUST_14164,Bangalore East,3-5,Thursday,4.56,2,0
CUST_14165,Bangalore East,12-3,Thursday,10.9,2,1
CUST_14166,Bangalore South,10-12,Tuesday,1.58,2,0
CUST_14167,Bangalore East,3-5,Tuesday,8.43,3,1
CUST_14168,Bangalore North,12-3,Wednesday,14.85,2,1
CUST_14169,Bangalore Central,12-3,Monday,9.15,1,1
CUST_14170,Bangalore East,12-3,Tuesday,5.72,2,0
CUST_14171,Bangalore East,3-5,Friday,3.11,1,0
CUST_14172,Bangalore North,3-5,Friday,11.4,1,1
CUST_14173,Bangalore East,3-5,Thursday,8.3,1,0
CUST_14174,Bangalore North,10-12,Friday,10.01,2,1
CUST_14175,Bangalore East,3-5,Friday,9.65,1,1
CUST_14176,Bangalore South,3-5,Friday,7.93,2,0
CUST_14177,Bangalore Central,3-5,Wednesday,8.12,2,1
CUST_14178,Bangalore North,3-5,Friday,8.69,1,1
CUST_14179,Bangalore Central,3-5,Wednesday,2.04,1,1
CUST_14180,Bangalore South,10-12,Tuesday,4.85,2,0
CUST_14181,Bangalore South,3-5,Monday,8.89,1,1
CUST_14182,Bangalore North,12-3,Tuesday,10.87,1,0
CUST_14183,Bangalore South,3-5,Monday,4.92,3,1
CUST_14184,Bangalore North,12-3,Friday,8.7,2,0
CUST_14185,Bangalore South,10-12,Tuesday,2.21,1,0
CUST_14186,Bangalore South,3-5,Monday,8.85,2,0
CUST_14187,Bangalore Central,3-5,Friday,13.62,2,0
CUST_14188,Bangalore North,3-5,Thursday,5.48,3,0
CUST_14189,Bangalore Central,3-5,Thursday,14.32,2,0
CUST_14190,Bangalore East,12-3,Friday,8.56,3,1
CUST_14191,Bangalore East,12-3,Thursday,14.19,2,1
CUST_14192,Bangalore South,10-12,Wednesday,8.48,2,0
CUST_14193,Bangalore East,12-3,Wednesday,1.09,3,1
CUST_14194,Bangalore South,12-3,Monday,1.6,2,1
CUST_14195,Bangalore East,10-12,Tuesday,8.08,3,0
CUST_14196,Bangalore East,10-12,Monday,14.21,1,0
CUST_14197,Bangalore South,12-3,Thursday,9.08,3,0
CUST_14198,Bangalore South,3-5,Wednesday,13.13,2,0
CUST_14199,Bangalore East,3-5,Tuesday,11.62,2,1
CUST_14200,Bangalore East,10-12,Tuesday,13.22,1,0
CUST_14201,Bangalore Central,10-12,Monday,4.91,2,1
CUST_14202,Bangalore Central,10-12,Wednesday,4.27,1,0
CUST_14203,Bangalore North,3-5,Tuesday,1.3,2,0
CUST_14204,Bangalore North,12-3,Thursday,12.75,2,1
CUST_14205,Bangalore East,3-5,Thursday,13.55,3,0
CUST_14206,Bangalore North,12-3,Tuesday,13.72,3,1
CUST_14207,Bangalore North,10-12,Monday,12.65,2,1
CUST_14208,Bangalore East,10-12,Monday,3.4,3,0
CUST_14209,Bangalore North,3-5,Wednesday,7.67,1,1
CUST_14210,Bangalore South,3-5,Tuesday,7.41,2,0
CUST_14211,Bangalore Central,10-12,Thursday,3.25,1,0
CUST_14212,Bangalore East,12-3,Thursday,13.66,2,1
CUST_14213,Bangalore North,3-5,Wednesday,5.12,2,1
CUST_14214,Bangalore Central,3-5,Thursday,3.11,1,1
CUST_14215,Bangalore East,12-3,Friday,7.39,1,1
CUST_14216,Bangalore East,10-12,Wednesday,10.2,2,1
CUST_14217,Bangalore Central,3-5,Monday,3.52,2,1
CUST_14218,Bangalore East,12-3,Friday,8.35,2,1
CUST_14219,Bangalore North,12-3,Thursday,6.05,2,0
CUST_14220,Bangalore East,3-5,Friday,7.67,1,0
CUST_14221,Bangalore Central,10-12,Monday,14.32,3,0
CUST_14222,Bangalore North,3-5,Friday,5.16,2,0
CUST_14223,Bangalore Central,10-12,Tuesday,1.46,2,1
CUST_14224,Bangalore East,10-12,Thursday,10.65,1,1
CUST_14225,Bangalore North,10-12,Tuesday,3.46,3,1
CUST_14226,Bangalore East,12-3,Thursday,13.39,2,1
CUST_14227,Bangalore South,3-5,Thursday,12.7,1,0
CUST_14228,Bangalore South,3-5,Tuesday,13.28,2,0
CUST_14229,Bangalore North,10-12,Wednesday,3.63,2,0
CUST_14230,Bangalore Central,3-5,Tuesday,11.93,2,1
CUST_14231,Bangalore South,3-5,Thursday,9.52,1,0
CUST_14232,Bangalore South,3-5,Friday,1.12,2,0
CUST_14233,Bangalore East,10-12,Monday,3.46,3,1
CUST_14234,Bangalore Central,3-5,Monday,14.58,3,0
CUST_14235,Bangalore South,10-12,Friday,13.12,1,0
CUST_14236,Bangalore East,12-3,Thursday,10.47,2,0
CUST_14237,Bangalore South,3-5,Tuesday,13.53,2,0
CUST_14238,Bangalore North,12-3,Tuesday,12.75,1,0
CUST_14239,Bangalore East,12-3,Wednesday,7.19,2,1
CUST_14240,Bangalore North,3-5,Tuesday,3.67,2,0
CUST_14241,Bangalore North,12-3,Wednesday,14.86,3,1
CUST_14242,Bangalore South,3-5,Wednesday,7.88,3,1
CUST_14243,Bangalore Central,12-3,Thursday,3.06,2,1
CUST_14244,Bangalore East,3-5,Wednesday,7.81,3,1
CUST_14245,Bangalore Central,3-5,Wednesday,13.89,2,1
CUST_14246,Bangalore North,12-3,Monday,14.72,1,1
CUST_14247,Bangalore North,3-5,Tuesday,2.15,2,1
CUST_14248,Bangalore North,12-3,Tuesday,11.26,1,1
CUST_14249,Bangalore Central,3-5,Tuesday,13.77,2,0
CUST_14250,Bangalore South,3-5,Wednesday,13.18,1,0
CUST_14251,Bangalore North,3-5,Wednesday,3.8,1,1
CUST_14252,Bangalore East,3-5,Thursday,3.29,1,1
CUST_14253,Bangalore Central,3-5,Wednesday,8.77,2,0
CUST_14254,Bangalore Central,12-3,Friday,4.95,2,0
CUST_14255,Bangalore East,3-5,Tuesday,3.52,1,1
CUST_14256,Bangalore North,10-12,Monday,7.78,3,0
CUST_14257,Bangalore Central,10-12,Friday,10.03,2,1
CUST_14258,Bangalore Central,3-5,Tuesday,2.1,2,1
CUST_14259,Bangalore South,12-3,Tuesday,7.18,3,0
CUST_14260,Bangalore North,3-5,Friday,5.37,1,0
CUST_14261,Bangalore East,10-12,Wednesday,12.81,1,0
CUST_14262,Bangalore North,12-3,Friday,13.01,3,0
CUST_14263,Bangalore East,12-3,Tuesday,7.48,2,1
CUST_14264,Bangalore South,3-5,Wednesday,12.63,1,0
CUST_14265,Bangalore Central,10-12,Tuesday,12.98,1,0
CUST_14266,Bangalore Central,3-5,Wednesday,7.04,2,0
CUST_14267,Bangalore Central,10-12,Monday,14.73,1,0
CUST_14268,Bangalore North,10-12,Wednesday,7.51,3,0
CUST_14269,Bangalore South,3-5,Monday,9.98,1,1
CUST_14270,Bangalore Central,12-3,Friday,9.01,2,1
CUST_14271,Bangalore South,12-3,Wednesday,13.92,3,0
CUST_14272,Bangalore North,3-5,Thursday,5.66,1,0
CUST_14273,Bangalore South,10-12,Tuesday,14.11,1,1
CUST_14274,Bangalore Central,12-3,Thursday,7.48,2,0
CUST_14275,Bangalore Central,3-5,Tuesday,10.32,2,1
CUST_14276,Bangalore East,12-3,Monday,11.91,2,0
CUST_14277,Bangalore North,10-12,Monday,4.64,1,0
CUST_14278,Bangalore North,3-5,Friday,14.27,2,1
CUST_14279,Bangalore North,3-5,Friday,8.35,3,0
CUST_14280,Bangalore South,12-3,Thursday,4.82,1,1
CUST_14281,Bangalore North,3-5,Tuesday,8.38,2,0
CUST_14282,Bangalore North,12-3,Thursday,9.73,1,1
CUST_14283,Bangalore North,3-5,Friday,2.79,2,1
CUST_14284,Bangalore East,3-5,Thursday,6.72,2,0
CUST_14285,Bangalore Central,12-3,Tuesday,5.73,3,0
CUST_14286,Bangalore Central,10-12,Wednesday,9.53,1,0
CUST_14287,Bangalore East,12-3,Tuesday,11.67,1,1
CUST_14288,Bangalore North,12-3,Friday,6.07,2,0
CUST_14289,Bangalore Central,12-3,Tuesday,8.09,3,0
CUST_14290,Bangalore Central,10-12,Monday,11.48,1,1
CUST_14291,Bangalore East,10-12,Tuesday,4.46,2,0
CUST_14292,Bangalore East,3-5,Wednesday,5.05,2,1
CUST_14293,Bangalore South,3-5,Tuesday,11.42,1,1
CUST_14294,Bangalore East,12-3,Tuesday,9.54,2,0
CUST_14295,Bangalore East,3-5,Wednesday,14.74,1,1
CUST_14296,Bangalore South,3-5,Wednesday,4.6,2,0
CUST_14297,Bangalore South,3-5,Friday,2.94,2,0
CUST_14298,Bangalore East,10-12,Monday,4.82,2,0
CUST_14299,Bangalore North,3-5,Thursday,13.91,2,0
CUST_14300,Bangalore Central,12-3,Friday,3.37,1,1
CUST_14301,Bangalore North,12-3,Friday,10.7,2,1
CUST_14302,Bangalore South,10-12,Wednesday,6.48,2,0
CUST_14303,Bangalore South,3-5,Friday,4.51,2,1
CUST_14304,Bangalore East,3-5,Monday,10.98,2,1
CUST_14305,Bangalore North,10-12,Friday,8.95,2,0
CUST_14306,Bangalore South,3-5,Tuesday,5.71,1,1
CUST_14307,Bangalore South,10-12,Monday,5.26,2,1
CUST_14308,Bangalore North,12-3,Thursday,10.73,2,0
CUST_14309,Bangalore South,12-3,Monday,2.27,3,0
CUST_14310,Bangalore North,12-3,Wednesday,2.92,2,1
CUST_14311,Bangalore East,12-3,Wednesday,13.94,3,0
CUST_14312,Bangalore North,12-3,Monday,4.75,1,0
CUST_14313,Bangalore Central,10-12,Friday,2.53,3,1
CUST_14314,Bangalore North,10-12,Monday,8.25,1,1
CUST_14315,Bangalore East,12-3,Wednesday,2.21,2,1
CUST_14316,Bangalore North,3-5,Wednesday,2.78,2,0
CUST_14317,Bangalore Central,12-3,Monday,1.3,1,0
CUST_14318,Bangalore North,3-5,Monday,6.97,2,0
CUST_14319,Bangalore North,3-5,Thursday,14.8,1,1
CUST_14320,Bangalore East,12-3,Thursday,7.75,3,0
CUST_14321,Bangalore South,3-5,Thursday,9.09,1,1
CUST_14322,Bangalore East,3-5,Monday,12.14,1,0
CUST_14323,Bangalore East,12-3,Thursday,2.78,2,1
CUST_14324,Bangalore East,3-5,Tuesday,14.96,2,0
CUST_14325,Bangalore South,10-12,Tuesday,1.28,3,0
CUST_14326,Bangalore North,3-5,Tuesday,14.44,3,0
CUST_14327,Bangalore North,10-12,Tuesday,9.08,1,1
CUST_14328,Bangalore South,12-3,Wednesday,14.22,2,1
CUST_14329,Bangalore South,12-3,Monday,1.18,1,1
CUST_14330,Bangalore North,10-12,Thursday,8.74,2,0
CUST_14331,Bangalore Central,10-12,Wednesday,6.09,3,1
CUST_14332,Bangalore East,10-12,Wednesday,5.97,1,1
CUST_14333,Bangalore Central,3-5,Tuesday,1.19,2,1
CUST_14334,Bangalore Central,12-3,Wednesday,2.3,1,0
CUST_14335,Bangalore Central,10-12,Tuesday,4.52,1,0
CUST_14336,Bangalore North,10-12,Friday,13.49,1,1
CUST_14337,Bangalore Central,3-5,Tuesday,9.16,2,0
CUST_14338,Bangalore North,10-12,Thursday,10.46,2,1
CUST_14339,Bangalore East,12-3,Monday,6.04,2,1
CUST_14340,Bangalore Central,3-5,Thursday,7.54,2,0
CUST_14341,Bangalore Central,3-5,Friday,12.78,1,1
CUST_14342,Bangalore North,3-5,Wednesday,6.01,2,1
CUST_14343,Bangalore East,12-3,Thursday,6.24,1,1
CUST_14344,Bangalore South,10-12,Friday,3.42,1,0
CUST_14345,Bangalore Central,3-5,Thursday,12.31,2,1
CUST_14346,Bangalore North,10-12,Wednesday,6.9,2,0
CUST_14347,Bangalore Central,10-12,Monday,6.57,1,1
CUST_14348,Bangalore North,3-5,Tuesday,13.88,3,0
CUST_14349,Bangalore South,10-12,Thursday,6.8,2,1
CUST_14350,Bangalore South,3-5,Friday,5.83,1,0
CUST_14351,Bangalore North,10-12,Monday,4.78,1,0
CUST_14352,Bangalore Central,3-5,Wednesday,11.48,3,1
CUST_14353,Bangalore South,12-3,Tuesday,2.33,2,0
CUST_14354,Bangalore South,3-5,Wednesday,2.25,2,1
CUST_14355,Bangalore Central,10-12,Friday,1.55,2,0
CUST_14356,Bangalore Central,12-3,Friday,4.4,2,0
CUST_14357,Bangalore South,3-5,Thursday,4.24,1,0
CUST_14358,Bangalore North,12-3,Thursday,10.18,2,0
CUST_14359,Bangalore Central,12-3,Tuesday,1.79,2,0
CUST_14360,Bangalore North,3-5,Monday,7.61,3,0
CUST_14361,Bangalore Central,10-12,Wednesday,1.16,2,1
CUST_14362,Bangalore South,12-3,Tuesday,3.92,3,0
CUST_14363,Bangalore South,12-3,Thursday,8.11,1,0
CUST_14364,Bangalore North,3-5,Thursday,6.16,2,0
CUST_14365,Bangalore East,12-3,Tuesday,8.82,2,0
CUST_14366,Bangalore Central,12-3,Wednesday,10.77,3,1
CUST_14367,Bangalore East,12-3,Friday,3.21,3,1
CUST_14368,Bangalore South,3-5,Friday,4.61,2,0
CUST_14369,Bangalore North,10-12,Friday,2.02,2,1
CUST_14370,Bangalore South,3-5,Wednesday,10.47,2,1
CUST_14371,Bangalore South,12-3,Tuesday,12.86,3,0
CUST_14372,Bangalore East,3-5,Friday,8.94,3,1
CUST_14373,Bangalore North,12-3,Tuesday,1.8,1,1
CUST_14374,Bangalore South,3-5,Tuesday,4.76,2,0
CUST_14375,Bangalore East,3-5,Wednesday,13.91,1,0
CUST_14376,Bangalore Central,12-3,Monday,8.24,3,1
CUST_14377,Bangalore North,10-12,Tuesday,13.7,2,0
CUST_14378,Bangalore South,12-3,Monday,7.58,3,0
CUST_14379,Bangalore South,3-5,Friday,12.71,1,0
CUST_14380,Bangalore North,10-12,Monday,4.08,1,0
CUST_14381,Bangalore South,12-3,Wednesday,12.31,3,0
CUST_14382,Bangalore South,12-3,Wednesday,12.56,1,1
CUST_14383,Bangalore Central,12-3,Thursday,5.62,2,0
CUST_14384,Bangalore East,10-12,Thursday,11.9,1,1
CUST_14385,Bangalore South,10-12,Wednesday,6.44,1,0
CUST_14386,Bangalore East,12-3,Tuesday,9.98,1,1
CUST_14387,Bangalore North,3-5,Tuesday,6.42,2,1
CUST_14388,Bangalore Central,10-12,Wednesday,4.43,1,0
CUST_14389,Bangalore South,3-5,Monday,6.63,2,0
CUST_14390,Bangalore North,10-12,Tuesday,12.63,1,1
CUST_14391,Bangalore North,3-5,Tuesday,8.49,2,1
CUST_14392,Bangalore North,10-12,Tuesday,3.04,1,1
CUST_14393,Bangalore North,12-3,Tuesday,13.17,2,0
CUST_14394,Bangalore North,10-12,Friday,9.17,2,1
CUST_14395,Bangalore East,12-3,Thursday,10.63,3,1
CUST_14396,Bangalore Central,10-12,Tuesday,11.23,2,0
CUST_14397,Bangalore South,12-3,Monday,3.38,1,0
CUST_14398,Bangalore South,3-5,Wednesday,4.19,2,0
CUST_14399,Bangalore South,3-5,Thursday,9.01,2,0
CUST_14400,Bangalore Central,10-12,Tuesday,1.46,1,0
CUST_14401,Bangalore East,3-5,Wednesday,13.07,2,0
CUST_14402,Bangalore East,12-3,Monday,12.52,1,0
CUST_14403,Bangalore Central,10-12,Thursday,6.79,2,1
CUST_14404,Bangalore East,3-5,Friday,3.7,3,1
CUST_14405,Bangalore Central,10-12,Friday,9.99,1,1
CUST_14406,Bangalore South,10-12,Friday,2.28,2,0
CUST_14407,Bangalore Central,3-5,Thursday,7.52,2,1
CUST_14408,Bangalore North,3-5,Thursday,8.7,1,0
CUST_14409,Bangalore East,12-3,Wednesday,7.84,3,0
CUST_14410,Bangalore South,12-3,Tuesday,5.8,3,1
CUST_14411,Bangalore East,12-3,Thursday,7.6,3,1
CUST_14412,Bangalore South,3-5,Monday,4.93,1,0
CUST_14413,Bangalore South,10-12,Friday,8.86,3,1
CUST_14414,Bangalore South,12-3,Friday,6.1,3,0
CUST_14415,Bangalore South,10-12,Friday,7.63,1,0
CUST_14416,Bangalore Central,12-3,Wednesday,9.72,3,1
CUST_14417,Bangalore North,3-5,Wednesday,4.54,2,1
CUST_14418,Bangalore Central,3-5,Wednesday,3.97,2,1
CUST_14419,Bangalore South,10-12,Tuesday,2.29,2,0
CUST_14420,Bangalore North,3-5,Friday,13.01,1,0
CUST_14421,Bangalore North,10-12,Thursday,5.91,1,1
CUST_14422,Bangalore Central,3-5,Friday,12.66,2,0
CUST_14423,Bangalore East,12-3,Tuesday,14.06,2,0
CUST_14424,Bangalore Central,12-3,Monday,3.22,2,0
CUST_14425,Bangalore South,3-5,Wednesday,6.17,2,1
CUST_14426,Bangalore East,3-5,Thursday,12.8,3,0
CUST_14427,Bangalore North,12-3,Friday,11.16,2,1
CUST_14428,Bangalore Central,3-5,Friday,7.65,1,1
CUST_14429,Bangalore South,12-3,Wednesday,11.47,3,0
CUST_14430,Bangalore South,12-3,Friday,7.89,1,0
CUST_14431,Bangalore Central,10-12,Thursday,1.74,2,1
CUST_14432,Bangalore Central,12-3,Thursday,5.07,1,0
CUST_14433,Bangalore South,10-12,Thursday,7.3,3,1
CUST_14434,Bangalore East,10-12,Friday,1.31,3,0
CUST_14435,Bangalore East,12-3,Thursday,9.88,3,0
CUST_14436,Bangalore Central,10-12,Tuesday,7.53,2,1
CUST_14437,Bangalore South,3-5,Friday,1.75,2,0
CUST_14438,Bangalore South,10-12,Tuesday,8.73,2,1
CUST_14439,Bangalore North,3-5,Friday,2.14,2,0
CUST_14440,Bangalore Central,12-3,Tuesday,3.32,3,0
CUST_14441,Bangalore South,10-12,Wednesday,6.79,2,1
CUST_14442,Bangalore East,10-12,Monday,6.78,3,0
CUST_14443,Bangalore Central,3-5,Friday,13.8,3,0
CUST_14444,Bangalore South,3-5,Thursday,3.92,2,1
CUST_14445,Bangalore Central,3-5,Friday,4.91,2,1
CUST_14446,Bangalore Central,10-12,Thursday,5.56,1,0
CUST_14447,Bangalore South,12-3,Wednesday,3.9,1,0
CUST_14448,Bangalore East,3-5,Wednesday,10.27,1,0
CUST_14449,Bangalore South,3-5,Monday,1.09,2,1
CUST_14450,Bangalore East,3-5,Thursday,11.82,1,0
CUST_14451,Bangalore South,10-12,Monday,13.5,2,1
CUST_14452,Bangalore South,3-5,Friday,1.2,3,1
CUST_14453,Bangalore North,10-12,Monday,1.34,1,0
CUST_14454,Bangalore Central,3-5,Monday,4.06,2,0
CUST_14455,Bangalore North,10-12,Monday,11.87,2,0
CUST_14456,Bangalore North,3-5,Friday,10.45,2,0
CUST_14457,Bangalore North,3-5,Monday,8.02,2,1
CUST_14458,Bangalore North,12-3,Friday,12.59,2,1
CUST_14459,Bangalore South,3-5,Friday,10.97,1,1
CUST_14460,Bangalore North,3-5,Tuesday,10.31,1,0
CUST_14461,Bangalore East,10-12,Monday,9.48,3,1
CUST_14462,Bangalore Central,3-5,Wednesday,2.24,1,0
CUST_14463,Bangalore East,3-5,Tuesday,13.58,2,0
CUST_14464,Bangalore North,10-12,Friday,12.46,1,1
CUST_14465,Bangalore Central,12-3,Tuesday,14.41,1,0
CUST_14466,Bangalore North,10-12,Thursday,2.03,1,1
CUST_14467,Bangalore North,3-5,Tuesday,2.17,1,0
CUST_14468,Bangalore North,10-12,Monday,14.41,2,1
CUST_14469,Bangalore East,10-12,Friday,13.14,2,1
CUST_14470,Bangalore North,10-12,Thursday,12.61,1,1
CUST_14471,Bangalore Central,12-3,Thursday,1.48,2,0
CUST_14472,Bangalore Central,10-12,Friday,14.27,2,1
CUST_14473,Bangalore East,10-12,Tuesday,10.14,3,1
CUST_14474,Bangalore East,3-5,Monday,9.49,2,1
CUST_14475,Bangalore East,12-3,Wednesday,3.6,1,1
CUST_14476,Bangalore North,12-3,Thursday,9.92,3,0
CUST_14477,Bangalore North,3-5,Friday,1.95,2,0
CUST_14478,Bangalore South,10-12,Friday,4.66,1,0
CUST_14479,Bangalore South,3-5,Wednesday,13.37,2,1
CUST_14480,Bangalore Central,10-12,Thursday,7.52,2,1
CUST_14481,Bangalore South,10-12,Friday,6.77,1,0
CUST_14482,Bangalore East,10-12,Monday,11.0,1,1
CUST_14483,Bangalore Central,12-3,Tuesday,10.51,3,1
CUST_14484,Bangalore East,12-3,Friday,13.53,1,1
CUST_14485,Bangalore South,12-3,Tuesday,3.04,1,1
CUST_14486,Bangalore East,10-12,Monday,9.36,1,0
CUST_14487,Bangalore East,3-5,Monday,10.75,2,0
CUST_14488,Bangalore South,10-12,Monday,6.96,1,0
CUST_14489,Bangalore South,3-5,Thursday,9.77,3,0
CUST_14490,Bangalore North,10-12,Monday,1.53,2,1
CUST_14491,Bangalore East,3-5,Friday,4.79,2,0
CUST_14492,Bangalore South,12-3,Monday,7.31,3,1
CUST_14493,Bangalore North,12-3,Wednesday,11.88,3,0
CUST_14494,Bangalore South,3-5,Thursday,1.88,1,1
CUST_14495,Bangalore East,12-3,Tuesday,4.11,2,0
CUST_14496,Bangalore South,12-3,Tuesday,14.43,2,1
CUST_14497,Bangalore North,12-3,Monday,3.7,3,1
CUST_14498,Bangalore Central,10-12,Friday,11.72,1,0
CUST_14499,Bangalore Central,12-3,Wednesday,8.71,3,0
CUST_14500,Bangalore North,3-5,Wednesday,2.64,1,1
CUST_14501,Bangalore North,3-5,Wednesday,7.88,1,1
CUST_14502,Bangalore East,10-12,Monday,12.99,2,0
CUST_14503,Bangalore South,10-12,Friday,12.19,2,0
CUST_14504,Bangalore South,3-5,Monday,8.69,2,1
CUST_14505,Bangalore East,10-12,Friday,6.62,1,1
CUST_14506,Bangalore Central,12-3,Monday,6.21,1,1
CUST_14507,Bangalore East,10-12,Friday,14.26,1,0
CUST_14508,Bangalore East,3-5,Monday,8.21,3,0
CUST_14509,Bangalore South,3-5,Tuesday,6.4,2,1
CUST_14510,Bangalore North,3-5,Tuesday,8.14,1,0
CUST_14511,Bangalore Central,12-3,Monday,1.88,2,0
CUST_14512,Bangalore North,3-5,Tuesday,6.93,2,0
CUST_14513,Bangalore Central,10-12,Thursday,11.78,3,0
CUST_14514,Bangalore Central,3-5,Friday,4.24,1,1
CUST_14515,Bangalore South,12-3,Tuesday,4.01,2,0
CUST_14516,Bangalore South,3-5,Wednesday,9.88,1,0
CUST_14517,Bangalore East,12-3,Tuesday,7.28,3,0
CUST_14518,Bangalore East,10-12,Thursday,9.95,1,1
CUST_14519,Bangalore North,10-12,Tuesday,7.25,2,1
CUST_14520,Bangalore North,12-3,Tuesday,14.93,2,0
CUST_14521,Bangalore North,3-5,Tuesday,4.21,1,1
CUST_14522,Bangalore North,10-12,Wednesday,12.78,1,0
CUST_14523,Bangalore North,3-5,Tuesday,10.11,2,0
CUST_14524,Bangalore East,12-3,Wednesday,4.15,2,1
CUST_14525,Bangalore North,10-12,Monday,6.13,1,1
CUST_14526,Bangalore North,10-12,Monday,6.66,2,0
CUST_14527,Bangalore North,3-5,Thursday,7.29,1,1
CUST_14528,Bangalore Central,10-12,Friday,5.02,2,0
CUST_14529,Bangalore East,12-3,Wednesday,6.41,3,1
CUST_14530,Bangalore Central,3-5,Monday,1.49,3,0
CUST_14531,Bangalore East,10-12,Tuesday,3.07,3,1
CUST_14532,Bangalore Central,12-3,Friday,12.79,2,0
CUST_14533,Bangalore East,10-12,Tuesday,4.58,2,1
CUST_14534,Bangalore East,10-12,Wednesday,10.79,2,0
CUST_14535,Bangalore Central,12-3,Monday,8.03,1,0
CUST_14536,Bangalore North,10-12,Thursday,9.94,2,0
CUST_14537,Bangalore South,12-3,Wednesday,12.31,2,1
CUST_14538,Bangalore Central,12-3,Wednesday,1.19,1,1
CUST_14539,Bangalore Central,10-12,Thursday,12.27,1,1
CUST_14540,Bangalore South,3-5,Friday,1.84,1,0
CUST_14541,Bangalore Central,10-12,Monday,10.6,2,1
CUST_14542,Bangalore North,12-3,Thursday,6.54,2,1
CUST_14543,Bangalore Central,12-3,Wednesday,14.82,1,0
CUST_14544,Bangalore East,10-12,Monday,6.56,2,0
CUST_14545,Bangalore North,12-3,Friday,14.81,2,0
CUST_14546,Bangalore East,3-5,Tuesday,9.19,2,1
CUST_14547,Bangalore South,10-12,Wednesday,11.14,3,0
CUST_14548,Bangalore North,3-5,Thursday,14.22,3,0
CUST_14549,Bangalore East,3-5,Wednesday,13.42,1,0
CUST_14550,Bangalore South,10-12,Wednesday,10.98,1,1
CUST_14551,Bangalore East,12-3,Friday,9.38,3,1
CUST_14552,Bangalore East,10-12,Tuesday,4.73,3,1
CUST_14553,Bangalore Central,10-12,Monday,3.7,1,1
CUST_14554,Bangalore South,3-5,Friday,5.97,3,1
CUST_14555,Bangalore North,10-12,Tuesday,2.42,1,0
CUST_14556,Bangalore South,12-3,Wednesday,10.97,1,1
CUST_14557,Bangalore South,3-5,Thursday,7.82,2,1
CUST_14558,Bangalore North,3-5,Monday,6.02,2,0
CUST_14559,Bangalore East,10-12,Wednesday,2.02,3,0
CUST_14560,Bangalore South,10-12,Thursday,5.91,2,1
CUST_14561,Bangalore East,3-5,Friday,8.38,1,1
CUST_14562,Bangalore Central,3-5,Friday,8.8,2,0
CUST_14563,Bangalore East,12-3,Thursday,12.17,2,0
CUST_14564,Bangalore North,3-5,Thursday,11.51,3,0
CUST_14565,Bangalore Central,10-12,Tuesday,12.75,2,0
CUST_14566,Bangalore East,12-3,Friday,2.9,3,0
CUST_14567,Bangalore Central,3-5,Friday,5.46,2,0
CUST_14568,Bangalore East,3-5,Friday,13.15,1,1
CUST_14569,Bangalore Central,12-3,Thursday,11.13,2,0
CUST_14570,Bangalore South,12-3,Wednesday,1.75,2,1
CUST_14571,Bangalore North,10-12,Tuesday,11.31,1,1
CUST_14572,Bangalore North,10-12,Wednesday,11.31,2,1
CUST_14573,Bangalore North,12-3,Wednesday,10.69,2,0
CUST_14574,Bangalore East,12-3,Tuesday,3.44,2,1
CUST_14575,Bangalore North,3-5,Wednesday,5.64,1,1
CUST_14576,Bangalore South,3-5,Tuesday,5.88,2,0
CUST_14577,Bangalore North,12-3,Tuesday,13.44,2,0
CUST_14578,Bangalore South,10-12,Friday,9.54,3,1
CUST_14579,Bangalore East,3-5,Tuesday,7.55,2,0
CUST_14580,Bangalore South,12-3,Wednesday,2.13,2,1
CUST_14581,Bangalore East,10-12,Wednesday,13.63,2,0
CUST_14582,Bangalore North,12-3,Tuesday,12.04,2,0
CUST_14583,Bangalore East,3-5,Monday,8.86,1,0
CUST_14584,Bangalore South,12-3,Wednesday,13.78,3,1
CUST_14585,Bangalore Central,12-3,Tuesday,1.16,3,1
CUST_14586,Bangalore East,12-3,Tuesday,2.87,2,1
CUST_14587,Bangalore Central,3-5,Monday,11.95,3,0
CUST_14588,Bangalore North,3-5,Thursday,8.73,2,0
CUST_14589,Bangalore South,12-3,Wednesday,4.61,2,0
CUST_14590,Bangalore North,12-3,Thursday,9.49,1,1
CUST_14591,Bangalore East,10-12,Friday,9.66,2,0
CUST_14592,Bangalore North,10-12,Monday,14.01,2,1
CUST_14593,Bangalore East,10-12,Tuesday,5.6,2,0
CUST_14594,Bangalore East,3-5,Tuesday,13.36,3,0
CUST_14595,Bangalore Central,12-3,Tuesday,8.86,1,0
CUST_14596,Bangalore South,10-12,Tuesday,8.72,2,0
CUST_14597,Bangalore North,10-12,Tuesday,9.56,1,0
CUST_14598,Bangalore South,3-5,Thursday,6.95,2,0
CUST_14599,Bangalore East,3-5,Wednesday,3.38,2,1
CUST_14600,Bangalore North,3-5,Tuesday,9.91,1,1
CUST_14601,Bangalore South,12-3,Thursday,1.62,2,1
CUST_14602,Bangalore Central,3-5,Friday,8.11,2,1
CUST_14603,Bangalore South,3-5,Thursday,12.08,1,0
CUST_14604,Bangalore South,12-3,Tuesday,5.91,2,0
CUST_14605,Bangalore Central,3-5,Friday,8.77,1,0
CUST_14606,Bangalore Central,3-5,Monday,2.98,2,1
CUST_14607,Bangalore North,3-5,Wednesday,13.9,2,1
CUST_14608,Bangalore South,12-3,Tuesday,11.59,1,0
CUST_14609,Bangalore Central,3-5,Wednesday,13.76,2,0
CUST_14610,Bangalore North,10-12,Tuesday,2.27,2,1
CUST_14611,Bangalore East,12-3,Thursday,11.35,3,1
CUST_14612,Bangalore North,10-12,Wednesday,13.54,2,1
CUST_14613,Bangalore East,12-3,Wednesday,1.21,2,0
CUST_14614,Bangalore South,3-5,Friday,14.61,2,1
CUST_14615,Bangalore Central,12-3,Thursday,13.43,2,0
CUST_14616,Bangalore North,12-3,Monday,10.01,1,0
CUST_14617,Bangalore South,12-3,Wednesday,14.84,1,1
CUST_14618,Bangalore North,12-3,Wednesday,13.03,2,0
CUST_14619,Bangalore Central,10-12,Friday,11.65,2,1
CUST_14620,Bangalore South,12-3,Tuesday,7.12,3,1
CUST_14621,Bangalore East,12-3,Monday,6.98,2,0
CUST_14622,Bangalore East,3-5,Friday,3.63,2,1
CUST_14623,Bangalore North,12-3,Friday,9.73,3,1
CUST_14624,Bangalore East,3-5,Wednesday,4.35,2,1
CUST_14625,Bangalore North,12-3,Monday,11.83,1,1
CUST_14626,Bangalore South,12-3,Friday,13.55,2,1
CUST_14627,Bangalore North,3-5,Friday,4.63,1,1
CUST_14628,Bangalore East,10-12,Tuesday,14.43,2,1
CUST_14629,Bangalore Central,12-3,Monday,10.48,2,0
CUST_14630,Bangalore South,3-5,Friday,7.4,1,0
CUST_14631,Bangalore East,3-5,Monday,13.65,3,1
CUST_14632,Bangalore North,12-3,Thursday,11.3,2,0
CUST_14633,Bangalore East,12-3,Monday,8.28,2,1
CUST_14634,Bangalore Central,3-5,Wednesday,6.28,3,1
CUST_14635,Bangalore South,10-12,Monday,11.38,3,0
CUST_14636,Bangalore East,12-3,Tuesday,10.81,2,0
CUST_14637,Bangalore East,10-12,Thursday,5.71,1,1
CUST_14638,Bangalore North,3-5,Friday,4.6,1,0
CUST_14639,Bangalore Central,10-12,Tuesday,9.69,1,0
CUST_14640,Bangalore South,3-5,Monday,12.74,1,0
CUST_14641,Bangalore North,3-5,Monday,14.18,3,0
CUST_14642,Bangalore North,3-5,Tuesday,6.98,2,1
CUST_14643,Bangalore Central,12-3,Wednesday,13.22,2,0
CUST_14644,Bangalore South,10-12,Wednesday,3.72,2,0
CUST_14645,Bangalore East,12-3,Friday,1.62,1,0
CUST_14646,Bangalore East,10-12,Friday,13.45,1,1
CUST_14647,Bangalore East,10-12,Wednesday,4.67,2,0
CUST_14648,Bangalore North,12-3,Thursday,8.71,2,0
CUST_14649,Bangalore East,10-12,Thursday,13.28,2,0
CUST_14650,Bangalore South,3-5,Wednesday,1.51,2,0
CUST_14651,Bangalore North,12-3,Thursday,10.1,2,1
CUST_14652,Bangalore South,3-5,Wednesday,13.18,2,1
CUST_14653,Bangalore Central,10-12,Thursday,12.37,1,0
CUST_14654,Bangalore East,10-12,Thursday,4.33,1,0
CUST_14655,Bangalore East,10-12,Wednesday,6.96,1,1
CUST_14656,Bangalore Central,3-5,Thursday,11.4,1,0
CUST_14657,Bangalore East,12-3,Tuesday,6.57,1,1
CUST_14658,Bangalore South,12-3,Wednesday,8.21,1,1
CUST_14659,Bangalore Central,12-3,Thursday,11.37,1,0
CUST_14660,Bangalore South,10-12,Friday,13.64,2,0
CUST_14661,Bangalore North,10-12,Monday,2.82,3,0
CUST_14662,Bangalore South,3-5,Monday,14.37,1,0
CUST_14663,Bangalore Central,3-5,Monday,5.96,2,0
CUST_14664,Bangalore South,12-3,Wednesday,4.44,2,1
CUST_14665,Bangalore North,12-3,Monday,8.24,2,0
CUST_14666,Bangalore South,10-12,Wednesday,12.68,2,0
CUST_14667,Bangalore North,12-3,Wednesday,8.46,3,0
CUST_14668,Bangalore South,3-5,Thursday,5.71,2,1
CUST_14669,Bangalore Central,3-5,Friday,4.59,2,1
CUST_14670,Bangalore Central,3-5,Tuesday,12.87,2,1
CUST_14671,Bangalore North,12-3,Tuesday,10.09,1,0
CUST_14672,Bangalore Central,3-5,Thursday,13.87,2,0
CUST_14673,Bangalore East,3-5,Tuesday,8.32,1,0
CUST_14674,Bangalore South,10-12,Friday,2.97,2,0
CUST_14675,Bangalore South,3-5,Wednesday,12.45,2,0
CUST_14676,Bangalore Central,3-5,Friday,7.71,2,0
CUST_14677,Bangalore South,10-12,Tuesday,8.86,3,0
CUST_14678,Bangalore South,10-12,Thursday,3.27,2,1
CUST_14679,Bangalore North,3-5,Monday,6.79,2,1
CUST_14680,Bangalore South,3-5,Monday,12.05,2,0
CUST_14681,Bangalore South,12-3,Friday,12.62,3,1
CUST_14682,Bangalore Central,10-12,Thursday,3.97,2,0
CUST_14683,Bangalore Central,3-5,Friday,12.17,3,0
CUST_14684,Bangalore North,3-5,Tuesday,13.95,2,0
CUST_14685,Bangalore Central,12-3,Tuesday,9.52,2,1
CUST_14686,Bangalore Central,3-5,Wednesday,1.54,1,1
CUST_14687,Bangalore North,10-12,Wednesday,9.55,3,1
CUST_14688,Bangalore South,3-5,Wednesday,3.95,2,0
CUST_14689,Bangalore South,12-3,Monday,5.74,1,0
CUST_14690,Bangalore Central,3-5,Monday,3.42,2,0
CUST_14691,Bangalore Central,3-5,Friday,12.69,1,1
CUST_14692,Bangalore East,10-12,Monday,11.87,2,0
CUST_14693,Bangalore East,12-3,Tuesday,10.88,1,0
CUST_14694,Bangalore East,12-3,Friday,1.22,1,0
CUST_14695,Bangalore East,10-12,Thursday,5.79,1,0
CUST_14696,Bangalore North,12-3,Tuesday,4.65,1,0
CUST_14697,Bangalore East,3-5,Wednesday,13.25,2,0
CUST_14698,Bangalore South,3-5,Tuesday,7.35,2,1
CUST_14699,Bangalore Central,12-3,Wednesday,11.52,2,0
CUST_14700,Bangalore South,3-5,Wednesday,9.86,2,1
CUST_14701,Bangalore East,12-3,Wednesday,2.87,3,1
CUST_14702,Bangalore Central,3-5,Wednesday,3.08,1,1
CUST_14703,Bangalore Central,3-5,Friday,11.51,3,1
CUST_14704,Bangalore North,12-3,Tuesday,2.09,3,1
CUST_14705,Bangalore South,3-5,Friday,1.61,1,1
CUST_14706,Bangalore East,3-5,Tuesday,6.94,1,1
CUST_14707,Bangalore North,12-3,Thursday,1.79,2,1
CUST_14708,Bangalore Central,12-3,Tuesday,2.59,2,0
CUST_14709,Bangalore East,3-5,Wednesday,13.62,1,0
CUST_14710,Bangalore North,10-12,Friday,1.6,2,1
CUST_14711,Bangalore North,12-3,Thursday,14.44,2,0
CUST_14712,Bangalore Central,12-3,Tuesday,1.13,2,1
CUST_14713,Bangalore Central,12-3,Thursday,4.59,1,1
CUST_14714,Bangalore South,10-12,Friday,3.79,1,1
CUST_14715,Bangalore North,10-12,Monday,11.26,2,0
CUST_14716,Bangalore North,12-3,Wednesday,4.15,1,1
CUST_14717,Bangalore East,12-3,Wednesday,7.24,2,1
CUST_14718,Bangalore Central,3-5,Tuesday,13.06,2,1
CUST_14719,Bangalore Central,10-12,Monday,8.87,1,0
CUST_14720,Bangalore Central,10-12,Thursday,8.95,1,0
CUST_14721,Bangalore South,12-3,Wednesday,10.63,3,1
CUST_14722,Bangalore South,12-3,Monday,4.04,1,1
CUST_14723,Bangalore North,10-12,Wednesday,10.75,2,0
CUST_14724,Bangalore South,12-3,Wednesday,9.13,1,1
CUST_14725,Bangalore Central,3-5,Monday,8.4,1,0
CUST_14726,Bangalore Central,12-3,Friday,13.47,2,0
CUST_14727,Bangalore East,10-12,Thursday,3.56,3,1
CUST_14728,Bangalore East,10-12,Monday,5.05,2,0
CUST_14729,Bangalore East,3-5,Tuesday,11.54,2,0
CUST_14730,Bangalore Central,12-3,Wednesday,9.91,2,1
CUST_14731,Bangalore North,10-12,Thursday,2.93,2,0
CUST_14732,Bangalore East,10-12,Wednesday,9.22,2,1
CUST_14733,Bangalore South,3-5,Friday,14.62,1,0
CUST_14734,Bangalore East,12-3,Monday,6.39,1,1
CUST_14735,Bangalore East,12-3,Wednesday,8.22,2,1
CUST_14736,Bangalore East,12-3,Friday,5.03,2,0
CUST_14737,Bangalore Central,10-12,Wednesday,13.19,3,0
CUST_14738,Bangalore Central,3-5,Wednesday,4.77,2,1
CUST_14739,Bangalore Central,10-12,Thursday,12.36,2,0
CUST_14740,Bangalore South,12-3,Wednesday,2.87,2,1
CUST_14741,Bangalore North,3-5,Wednesday,6.15,2,0
CUST_14742,Bangalore South,10-12,Tuesday,9.35,1,0
CUST_14743,Bangalore North,3-5,Friday,9.91,2,0
CUST_14744,Bangalore South,3-5,Thursday,1.23,2,0
CUST_14745,Bangalore East,10-12,Tuesday,14.22,3,1
CUST_14746,Bangalore Central,10-12,Tuesday,5.15,3,1
CUST_14747,Bangalore East,3-5,Wednesday,9.52,1,0
CUST_14748,Bangalore North,3-5,Thursday,2.48,2,1
CUST_14749,Bangalore South,12-3,Wednesday,10.56,2,1
CUST_14750,Bangalore South,12-3,Tuesday,8.62,1,1
CUST_14751,Bangalore East,10-12,Wednesday,3.42,2,0
CUST_14752,Bangalore North,3-5,Tuesday,6.65,1,1
CUST_14753,Bangalore South,12-3,Monday,7.57,1,0
CUST_14754,Bangalore Central,3-5,Thursday,6.02,3,1
CUST_14755,Bangalore East,10-12,Thursday,2.66,2,1
CUST_14756,Bangalore South,3-5,Tuesday,10.72,2,0
CUST_14757,Bangalore North,12-3,Friday,3.05,2,1
CUST_14758,Bangalore South,3-5,Friday,4.45,1,0
CUST_14759,Bangalore Central,10-12,Monday,3.95,1,1
CUST_14760,Bangalore South,10-12,Thursday,2.16,2,0
CUST_14761,Bangalore Central,10-12,Friday,3.74,2,1
CUST_14762,Bangalore Central,12-3,Friday,1.79,1,1
CUST_14763,Bangalore Central,3-5,Wednesday,3.43,2,1
CUST_14764,Bangalore East,3-5,Monday,4.23,2,1
CUST_14765,Bangalore North,3-5,Thursday,8.36,3,1
CUST_14766,Bangalore Central,10-12,Tuesday,11.11,2,1
CUST_14767,Bangalore South,3-5,Tuesday,3.86,2,1
CUST_14768,Bangalore South,3-5,Monday,5.33,1,1
CUST_14769,Bangalore South,10-12,Thursday,4.39,2,0
CUST_14770,Bangalore East,10-12,Tuesday,13.35,1,0
CUST_14771,Bangalore East,12-3,Thursday,3.21,2,0
CUST_14772,Bangalore South,10-12,Monday,7.8,2,0
CUST_14773,Bangalore South,12-3,Monday,14.66,2,1
CUST_14774,Bangalore Central,12-3,Tuesday,14.91,1,1
CUST_14775,Bangalore East,10-12,Wednesday,10.17,2,0
CUST_14776,Bangalore East,12-3,Tuesday,5.87,2,0
CUST_14777,Bangalore East,12-3,Monday,3.27,2,0
CUST_14778,Bangalore Central,10-12,Thursday,4.16,1,1
CUST_14779,Bangalore Central,10-12,Tuesday,7.95,2,0
CUST_14780,Bangalore South,10-12,Wednesday,10.19,2,1
CUST_14781,Bangalore East,12-3,Monday,1.28,3,1
CUST_14782,Bangalore North,12-3,Tuesday,6.82,2,1
CUST_14783,Bangalore Central,3-5,Wednesday,13.52,3,1
CUST_14784,Bangalore East,10-12,Tuesday,8.01,1,1
CUST_14785,Bangalore South,10-12,Tuesday,3.14,1,1
CUST_14786,Bangalore Central,10-12,Friday,4.88,1,0
CUST_14787,Bangalore South,10-12,Thursday,6.61,3,0
CUST_14788,Bangalore North,10-12,Monday,2.25,1,1
CUST_14789,Bangalore North,12-3,Tuesday,2.56,2,0
CUST_14790,Bangalore Central,12-3,Tuesday,12.36,3,0
CUST_14791,Bangalore North,3-5,Wednesday,3.21,1,1
CUST_14792,Bangalore East,12-3,Friday,3.87,2,1
CUST_14793,Bangalore North,12-3,Thursday,14.62,2,0
CUST_14794,Bangalore North,10-12,Tuesday,11.89,1,0
CUST_14795,Bangalore Central,12-3,Tuesday,4.53,2,0
CUST_14796,Bangalore South,12-3,Thursday,4.83,1,1
CUST_14797,Bangalore East,3-5,Wednesday,11.49,2,0
CUST_14798,Bangalore East,10-12,Tuesday,9.84,1,0
CUST_14799,Bangalore North,12-3,Wednesday,6.34,3,1
CUST_14800,Bangalore North,12-3,Friday,5.34,2,1
CUST_14801,Bangalore South,3-5,Thursday,3.32,2,0
CUST_14802,Bangalore South,3-5,Wednesday,5.61,2,0
CUST_14803,Bangalore North,3-5,Friday,12.6,2,0
CUST_14804,Bangalore Central,10-12,Thursday,13.95,2,1
CUST_14805,Bangalore North,3-5,Tuesday,9.06,2,0
CUST_14806,Bangalore East,3-5,Friday,1.2,1,1
CUST_14807,Bangalore North,12-3,Tuesday,10.16,2,1
CUST_14808,Bangalore North,12-3,Tuesday,7.2,1,1
CUST_14809,Bangalore North,12-3,Thursday,2.17,2,1
CUST_14810,Bangalore North,10-12,Monday,6.01,3,0
CUST_14811,Bangalore East,3-5,Tuesday,6.05,1,0
CUST_14812,Bangalore East,12-3,Thursday,2.52,3,1
CUST_14813,Bangalore South,3-5,Monday,12.05,1,1
CUST_14814,Bangalore South,10-12,Wednesday,12.73,1,1
CUST_14815,Bangalore East,3-5,Tuesday,5.93,1,1
CUST_14816,Bangalore East,12-3,Friday,11.62,2,1
CUST_14817,Bangalore North,3-5,Thursday,3.7,2,0
CUST_14818,Bangalore East,10-12,Monday,14.76,1,1
CUST_14819,Bangalore Central,12-3,Friday,8.88,1,1
CUST_14820,Bangalore East,10-12,Friday,10.58,3,1
CUST_14821,Bangalore Central,12-3,Friday,10.25,3,0
CUST_14822,Bangalore South,10-12,Tuesday,14.69,2,0
CUST_14823,Bangalore East,3-5,Thursday,2.75,1,1
CUST_14824,Bangalore East,10-12,Tuesday,13.78,2,1
CUST_14825,Bangalore South,3-5,Tuesday,13.23,2,1
CUST_14826,Bangalore East,10-12,Thursday,9.29,3,0
CUST_14827,Bangalore Central,12-3,Wednesday,1.79,2,1
CUST_14828,Bangalore East,3-5,Wednesday,5.9,1,1
CUST_14829,Bangalore East,12-3,Thursday,10.7,2,0
CUST_14830,Bangalore East,3-5,Wednesday,14.43,2,1
CUST_14831,Bangalore North,10-12,Wednesday,7.53,2,0
CUST_14832,Bangalore North,12-3,Friday,3.16,2,1
CUST_14833,Bangalore Central,10-12,Monday,10.67,2,1
CUST_14834,Bangalore Central,10-12,Tuesday,2.05,1,1
CUST_14835,Bangalore North,3-5,Friday,6.81,3,1
CUST_14836,Bangalore East,12-3,Wednesday,13.62,2,1
CUST_14837,Bangalore East,12-3,Thursday,6.15,2,1
CUST_14838,Bangalore East,10-12,Friday,9.66,1,1
CUST_14839,Bangalore East,10-12,Monday,2.73,1,1
CUST_14840,Bangalore North,10-12,Thursday,5.76,1,1
CUST_14841,Bangalore Central,3-5,Thursday,7.5,1,1
CUST_14842,Bangalore East,12-3,Thursday,7.41,1,1
CUST_14843,Bangalore East,10-12,Friday,1.6,2,0
CUST_14844,Bangalore Central,10-12,Tuesday,10.97,2,0
CUST_14845,Bangalore North,12-3,Monday,10.86,3,1
CUST_14846,Bangalore Central,12-3,Tuesday,1.9,1,1
CUST_14847,Bangalore South,10-12,Thursday,8.35,1,1
CUST_14848,Bangalore South,10-12,Monday,6.97,2,1
CUST_14849,Bangalore Central,3-5,Thursday,6.59,1,0
CUST_14850,Bangalore North,3-5,Friday,6.26,1,1
CUST_14851,Bangalore South,12-3,Friday,11.67,2,0
CUST_14852,Bangalore South,12-3,Friday,7.04,3,1
CUST_14853,Bangalore South,3-5,Tuesday,9.24,2,1
CUST_14854,Bangalore Central,10-12,Thursday,8.16,2,0
CUST_14855,Bangalore North,12-3,Wednesday,8.34,2,0
CUST_14856,Bangalore North,3-5,Monday,7.33,3,1
CUST_14857,Bangalore South,10-12,Wednesday,13.08,1,1
CUST_14858,Bangalore East,10-12,Wednesday,10.39,2,1
CUST_14859,Bangalore North,3-5,Thursday,14.62,3,0
CUST_14860,Bangalore South,3-5,Thursday,9.22,2,0
CUST_14861,Bangalore Central,3-5,Thursday,8.52,1,0
CUST_14862,Bangalore East,3-5,Monday,11.85,2,0
CUST_14863,Bangalore Central,10-12,Friday,10.66,2,1
CUST_14864,Bangalore East,3-5,Monday,5.04,2,0
CUST_14865,Bangalore East,10-12,Wednesday,7.75,3,1
CUST_14866,Bangalore Central,10-12,Monday,12.27,1,1
CUST_14867,Bangalore Central,3-5,Friday,8.82,1,0
CUST_14868,Bangalore East,3-5,Monday,3.22,2,1
CUST_14869,Bangalore South,12-3,Friday,4.68,1,0
CUST_14870,Bangalore North,3-5,Friday,14.11,2,0
CUST_14871,Bangalore South,3-5,Thursday,8.54,2,1
CUST_14872,Bangalore South,12-3,Monday,9.3,3,1
CUST_14873,Bangalore East,3-5,Friday,6.18,1,0
CUST_14874,Bangalore South,12-3,Tuesday,3.0,1,1
CUST_14875,Bangalore East,12-3,Thursday,6.08,1,1
CUST_14876,Bangalore East,12-3,Friday,2.19,3,1
CUST_14877,Bangalore Central,10-12,Wednesday,9.78,3,0
CUST_14878,Bangalore Central,3-5,Thursday,9.31,2,0
CUST_14879,Bangalore North,3-5,Thursday,9.77,2,1
CUST_14880,Bangalore North,12-3,Wednesday,1.18,2,0
CUST_14881,Bangalore Central,10-12,Thursday,12.89,3,1
CUST_14882,Bangalore North,3-5,Thursday,11.57,3,0
CUST_14883,Bangalore North,10-12,Wednesday,9.55,2,1
CUST_14884,Bangalore East,12-3,Tuesday,6.6,2,1
CUST_14885,Bangalore Central,10-12,Tuesday,2.39,2,0
CUST_14886,Bangalore East,3-5,Wednesday,1.51,1,0
CUST_14887,Bangalore North,3-5,Tuesday,7.36,2,1
CUST_14888,Bangalore South,10-12,Thursday,8.56,3,1
CUST_14889,Bangalore South,10-12,Wednesday,9.7,3,1
CUST_14890,Bangalore South,10-12,Monday,2.82,1,0
CUST_14891,Bangalore Central,10-12,Wednesday,10.5,1,1
CUST_14892,Bangalore Central,3-5,Monday,5.2,1,1
CUST_14893,Bangalore Central,10-12,Wednesday,10.06,1,1
CUST_14894,Bangalore East,3-5,Thursday,10.67,2,1
CUST_14895,Bangalore East,10-12,Tuesday,14.39,3,1
CUST_14896,Bangalore Central,10-12,Friday,4.47,2,1
CUST_14897,Bangalore East,10-12,Thursday,5.4,2,1
CUST_14898,Bangalore Central,10-12,Monday,11.15,2,0
CUST_14899,Bangalore East,12-3,Wednesday,12.65,2,1
CUST_14900,Bangalore North,3-5,Monday,12.87,2,0
CUST_14901,Bangalore South,12-3,Thursday,9.82,2,0
CUST_14902,Bangalore North,10-12,Thursday,6.63,2,0
CUST_14903,Bangalore South,3-5,Wednesday,1.07,3,1
CUST_14904,Bangalore South,10-12,Thursday,12.74,2,1
CUST_14905,Bangalore North,12-3,Monday,11.04,3,1
CUST_14906,Bangalore South,12-3,Monday,8.24,1,1
CUST_14907,Bangalore North,12-3,Wednesday,11.1,3,1
CUST_14908,Bangalore East,3-5,Thursday,2.5,2,1
CUST_14909,Bangalore East,10-12,Thursday,1.27,2,1
CUST_14910,Bangalore East,3-5,Tuesday,1.33,2,1
CUST_14911,Bangalore Central,3-5,Thursday,14.88,3,1
CUST_14912,Bangalore South,10-12,Friday,10.9,1,0
CUST_14913,Bangalore East,3-5,Friday,6.92,3,0
CUST_14914,Bangalore North,10-12,Monday,11.11,1,0
CUST_14915,Bangalore East,12-3,Monday,5.22,2,0
CUST_14916,Bangalore East,10-12,Thursday,7.2,1,0
CUST_14917,Bangalore North,3-5,Thursday,1.48,2,0
CUST_14918,Bangalore South,10-12,Friday,6.98,2,1
CUST_14919,Bangalore North,12-3,Tuesday,7.5,2,1
CUST_14920,Bangalore East,10-12,Thursday,14.39,2,0
CUST_14921,Bangalore South,12-3,Friday,9.14,2,1
CUST_14922,Bangalore South,3-5,Thursday,14.93,2,1
CUST_14923,Bangalore South,3-5,Thursday,6.98,2,1
CUST_14924,Bangalore Central,12-3,Wednesday,8.14,1,0
CUST_14925,Bangalore Central,12-3,Monday,10.71,1,1
CUST_14926,Bangalore South,3-5,Friday,6.49,2,1
CUST_14927,Bangalore East,3-5,Thursday,3.13,1,0
CUST_14928,Bangalore North,10-12,Friday,11.05,2,1
CUST_14929,Bangalore North,3-5,Wednesday,7.56,2,0
CUST_14930,Bangalore East,3-5,Friday,9.23,2,1
CUST_14931,Bangalore Central,3-5,Wednesday,6.12,2,0
CUST_14932,Bangalore South,10-12,Wednesday,12.89,2,0
CUST_14933,Bangalore South,12-3,Tuesday,9.71,3,1
CUST_14934,Bangalore North,10-12,Wednesday,4.47,3,1
CUST_14935,Bangalore North,10-12,Tuesday,6.67,3,0
CUST_14936,Bangalore North,3-5,Monday,14.44,2,0
CUST_14937,Bangalore North,10-12,Tuesday,6.95,2,1
CUST_14938,Bangalore South,12-3,Friday,1.44,1,1
CUST_14939,Bangalore Central,10-12,Friday,11.61,2,1
CUST_14940,Bangalore South,3-5,Monday,3.05,2,1
CUST_14941,Bangalore North,3-5,Friday,11.76,3,0
CUST_14942,Bangalore Central,3-5,Tuesday,12.1,2,1
CUST_14943,Bangalore East,3-5,Wednesday,10.82,2,0
CUST_14944,Bangalore Central,10-12,Monday,7.85,2,1
CUST_14945,Bangalore North,12-3,Tuesday,2.54,1,0
CUST_14946,Bangalore North,12-3,Monday,6.7,2,1
CUST_14947,Bangalore South,12-3,Monday,8.69,3,1
CUST_14948,Bangalore Central,3-5,Friday,2.34,2,0
CUST_14949,Bangalore North,3-5,Thursday,7.4,3,0
CUST_14950,Bangalore East,3-5,Monday,8.38,2,0
CUST_14951,Bangalore North,3-5,Monday,5.61,2,1
CUST_14952,Bangalore South,10-12,Monday,9.61,3,0
CUST_14953,Bangalore South,3-5,Thursday,9.82,3,1
CUST_14954,Bangalore North,3-5,Friday,12.67,2,0
CUST_14955,Bangalore East,12-3,Wednesday,9.71,2,1
CUST_14956,Bangalore Central,3-5,Wednesday,12.26,2,1
CUST_14957,Bangalore North,3-5,Tuesday,14.25,1,0
CUST_14958,Bangalore North,3-5,Wednesday,5.13,2,0
CUST_14959,Bangalore East,3-5,Monday,12.18,2,1
CUST_14960,Bangalore South,10-12,Thursday,3.24,1,0
CUST_14961,Bangalore East,3-5,Friday,14.54,3,1
CUST_14962,Bangalore South,10-12,Friday,11.92,2,1
CUST_14963,Bangalore South,3-5,Thursday,3.24,2,1
CUST_14964,Bangalore East,3-5,Monday,9.41,3,1
CUST_14965,Bangalore East,3-5,Friday,7.13,1,1
CUST_14966,Bangalore North,3-5,Friday,3.45,2,0
CUST_14967,Bangalore North,3-5,Monday,13.57,1,1
CUST_14968,Bangalore Central,12-3,Tuesday,5.9,1,1
CUST_14969,Bangalore North,10-12,Thursday,4.18,2,0
CUST_14970,Bangalore East,3-5,Tuesday,7.43,2,1
CUST_14971,Bangalore Central,10-12,Monday,13.93,1,0
CUST_14972,Bangalore Central,10-12,Thursday,9.89,3,0
CUST_14973,Bangalore South,12-3,Tuesday,6.75,1,0
CUST_14974,Bangalore Central,12-3,Monday,2.93,2,0
CUST_14975,Bangalore South,3-5,Tuesday,6.42,1,1
CUST_14976,Bangalore South,12-3,Wednesday,2.05,2,1
CUST_14977,Bangalore North,12-3,Tuesday,14.49,1,0
CUST_14978,Bangalore East,3-5,Friday,6.03,2,0
CUST_14979,Bangalore East,12-3,Friday,12.33,2,1
CUST_14980,Bangalore South,3-5,Monday,9.56,2,0
CUST_14981,Bangalore East,3-5,Tuesday,12.27,2,1
CUST_14982,Bangalore Central,3-5,Monday,8.18,1,0
CUST_14983,Bangalore North,12-3,Tuesday,6.27,3,1
CUST_14984,Bangalore Central,3-5,Wednesday,1.63,3,1
CUST_14985,Bangalore Central,10-12,Thursday,7.05,1,0
CUST_14986,Bangalore North,12-3,Tuesday,13.3,1,0
CUST_14987,Bangalore South,12-3,Wednesday,2.31,1,0
CUST_14988,Bangalore South,3-5,Tuesday,7.33,3,0
CUST_14989,Bangalore Central,12-3,Thursday,9.83,2,0
CUST_14990,Bangalore South,3-5,Thursday,7.52,2,0
CUST_14991,Bangalore North,10-12,Friday,12.52,2,0
CUST_14992,Bangalore South,3-5,Monday,10.12,3,1
CUST_14993,Bangalore Central,10-12,Friday,11.11,2,0
CUST_14994,Bangalore North,12-3,Thursday,4.99,1,1
CUST_14995,Bangalore North,3-5,Monday,14.45,2,1
CUST_14996,Bangalore North,10-12,Tuesday,3.17,3,1
CUST_14997,Bangalore Central,10-12,Wednesday,9.56,3,0
CUST_14998,Bangalore South,10-12,Monday,3.08,3,1
CUST_14999,Bangalore East,12-3,Friday,1.13,2,0
CUST_15000,Bangalore Central,3-5,Monday,3.79,1,1
CUST_15001,Bangalore North,12-3,Wednesday,8.57,1,0
CUST_15002,Bangalore South,3-5,Tuesday,4.19,3,0
CUST_15003,Bangalore Central,12-3,Friday,7.3,1,1
CUST_15004,Bangalore East,3-5,Thursday,8.19,3,0
CUST_15005,Bangalore North,3-5,Friday,1.01,3,0
CUST_15006,Bangalore North,12-3,Thursday,8.54,3,0
CUST_15007,Bangalore East,3-5,Thursday,11.62,2,1
CUST_15008,Bangalore South,12-3,Monday,1.27,2,0
CUST_15009,Bangalore South,3-5,Monday,7.49,1,0
CUST_15010,Bangalore South,3-5,Friday,1.59,1,1
CUST_15011,Bangalore South,3-5,Monday,8.64,1,1
CUST_15012,Bangalore South,12-3,Wednesday,9.29,2,0
CUST_15013,Bangalore South,3-5,Thursday,13.15,2,1
CUST_15014,Bangalore North,12-3,Wednesday,4.14,1,0
CUST_15015,Bangalore South,3-5,Wednesday,9.76,2,0
CUST_15016,Bangalore North,12-3,Monday,12.24,2,0
CUST_15017,Bangalore Central,3-5,Thursday,14.46,2,1
CUST_15018,Bangalore Central,12-3,Wednesday,1.07,3,1
CUST_15019,Bangalore South,12-3,Thursday,6.43,2,1
CUST_15020,Bangalore North,12-3,Monday,1.23,2,0
CUST_15021,Bangalore South,10-12,Friday,4.72,1,1
CUST_15022,Bangalore North,3-5,Monday,6.22,2,1
CUST_15023,Bangalore North,12-3,Wednesday,10.4,2,1
CUST_15024,Bangalore East,3-5,Wednesday,2.23,1,0
CUST_15025,Bangalore East,3-5,Friday,4.6,3,1
CUST_15026,Bangalore South,10-12,Thursday,13.88,2,0
CUST_15027,Bangalore North,12-3,Monday,5.41,2,1
CUST_15028,Bangalore East,12-3,Tuesday,5.15,2,1
CUST_15029,Bangalore East,10-12,Monday,13.28,1,0
CUST_15030,Bangalore Central,3-5,Thursday,1.69,2,1
CUST_15031,Bangalore Central,12-3,Thursday,9.36,2,1
CUST_15032,Bangalore East,12-3,Tuesday,11.03,1,0
CUST_15033,Bangalore East,3-5,Friday,7.12,2,1
CUST_15034,Bangalore Central,10-12,Friday,7.94,2,0
CUST_15035,Bangalore East,3-5,Wednesday,5.4,2,1
CUST_15036,Bangalore East,10-12,Friday,2.72,3,0
CUST_15037,Bangalore East,3-5,Tuesday,8.67,2,1
CUST_15038,Bangalore Central,10-12,Monday,7.07,1,0
CUST_15039,Bangalore East,10-12,Monday,9.31,1,1
CUST_15040,Bangalore East,10-12,Tuesday,11.47,1,1
CUST_15041,Bangalore North,10-12,Friday,6.26,3,0
CUST_15042,Bangalore South,12-3,Friday,13.47,2,1
CUST_15043,Bangalore Central,10-12,Monday,12.86,2,0
CUST_15044,Bangalore East,3-5,Monday,9.72,2,0
CUST_15045,Bangalore North,12-3,Monday,3.69,2,0
CUST_15046,Bangalore North,3-5,Thursday,4.95,1,1
CUST_15047,Bangalore East,12-3,Wednesday,8.4,1,0
CUST_15048,Bangalore South,12-3,Monday,4.36,1,1
CUST_15049,Bangalore East,10-12,Friday,10.33,2,0
CUST_15050,Bangalore Central,3-5,Friday,11.5,2,1
CUST_15051,Bangalore North,10-12,Monday,7.28,3,1
CUST_15052,Bangalore East,10-12,Wednesday,11.43,3,0
CUST_15053,Bangalore Central,3-5,Friday,3.65,3,1
CUST_15054,Bangalore South,12-3,Monday,11.71,2,0
CUST_15055,Bangalore East,12-3,Friday,4.02,1,1
CUST_15056,Bangalore South,12-3,Friday,13.72,2,0
CUST_15057,Bangalore North,12-3,Monday,3.37,2,1
CUST_15058,Bangalore South,12-3,Wednesday,10.48,3,1
CUST_15059,Bangalore North,3-5,Friday,1.1,3,0
CUST_15060,Bangalore North,3-5,Wednesday,3.73,2,0
CUST_15061,Bangalore East,3-5,Tuesday,3.2,2,1
CUST_15062,Bangalore South,12-3,Thursday,5.43,1,1
CUST_15063,Bangalore East,10-12,Tuesday,7.8,2,0
CUST_15064,Bangalore North,12-3,Thursday,14.48,1,1
CUST_15065,Bangalore East,12-3,Thursday,14.48,2,0
CUST_15066,Bangalore South,3-5,Monday,7.53,2,0
CUST_15067,Bangalore East,10-12,Friday,13.95,1,0
CUST_15068,Bangalore Central,12-3,Tuesday,7.11,2,1
CUST_15069,Bangalore Central,3-5,Thursday,13.32,1,1
CUST_15070,Bangalore East,3-5,Thursday,13.86,2,0
CUST_15071,Bangalore North,12-3,Tuesday,3.19,2,1
CUST_15072,Bangalore South,3-5,Tuesday,9.93,1,0
CUST_15073,Bangalore East,10-12,Monday,6.82,2,0
CUST_15074,Bangalore East,3-5,Friday,9.68,2,1
CUST_15075,Bangalore South,3-5,Friday,9.48,3,1
CUST_15076,Bangalore North,12-3,Wednesday,13.14,2,0
CUST_15077,Bangalore South,12-3,Wednesday,9.61,2,1
CUST_15078,Bangalore East,12-3,Friday,7.82,2,1
CUST_15079,Bangalore North,3-5,Thursday,14.23,2,1
CUST_15080,Bangalore South,3-5,Wednesday,12.92,3,1
CUST_15081,Bangalore Central,12-3,Wednesday,13.9,2,0
CUST_15082,Bangalore South,3-5,Friday,9.86,3,1
CUST_15083,Bangalore South,3-5,Thursday,11.51,2,0
CUST_15084,Bangalore Central,12-3,Monday,3.23,1,1
CUST_15085,Bangalore North,3-5,Thursday,6.77,2,0
CUST_15086,Bangalore South,12-3,Monday,9.79,2,1
CUST_15087,Bangalore East,3-5,Friday,4.89,2,1
CUST_15088,Bangalore South,3-5,Wednesday,9.7,1,1
CUST_15089,Bangalore Central,10-12,Wednesday,1.61,3,1
CUST_15090,Bangalore South,10-12,Tuesday,6.91,2,1
CUST_15091,Bangalore East,3-5,Monday,8.32,3,1
CUST_15092,Bangalore Central,10-12,Monday,2.37,1,1
CUST_15093,Bangalore East,12-3,Wednesday,13.16,3,1
CUST_15094,Bangalore East,12-3,Thursday,3.96,3,0
CUST_15095,Bangalore East,10-12,Monday,11.93,1,1
CUST_15096,Bangalore Central,3-5,Tuesday,3.67,2,1
CUST_15097,Bangalore South,12-3,Friday,4.82,2,1
CUST_15098,Bangalore East,3-5,Wednesday,3.05,2,1
CUST_15099,Bangalore East,3-5,Friday,3.08,2,0
CUST_15100,Bangalore South,12-3,Tuesday,3.1,3,1
CUST_15101,Bangalore North,10-12,Monday,4.16,3,1
CUST_15102,Bangalore South,10-12,Thursday,10.3,1,1
CUST_15103,Bangalore South,3-5,Thursday,2.4,3,1
CUST_15104,Bangalore South,3-5,Thursday,9.93,2,1
CUST_15105,Bangalore East,3-5,Wednesday,7.22,2,0
CUST_15106,Bangalore East,3-5,Monday,10.8,2,1
CUST_15107,Bangalore North,3-5,Thursday,3.09,1,0
CUST_15108,Bangalore East,12-3,Tuesday,14.82,2,1
CUST_15109,Bangalore East,3-5,Monday,8.18,2,1
CUST_15110,Bangalore South,3-5,Thursday,9.67,1,0
CUST_15111,Bangalore Central,12-3,Thursday,5.47,2,1
CUST_15112,Bangalore South,12-3,Tuesday,12.11,1,0
CUST_15113,Bangalore North,10-12,Thursday,12.9,2,0
CUST_15114,Bangalore Central,12-3,Thursday,9.54,2,1
CUST_15115,Bangalore South,3-5,Thursday,11.15,2,1
CUST_15116,Bangalore Central,12-3,Thursday,4.72,2,1
CUST_15117,Bangalore South,12-3,Wednesday,11.04,1,0
CUST_15118,Bangalore North,3-5,Friday,14.7,2,0
CUST_15119,Bangalore East,12-3,Thursday,1.14,2,1
CUST_15120,Bangalore North,10-12,Thursday,12.89,2,0
CUST_15121,Bangalore South,10-12,Friday,5.89,2,1
CUST_15122,Bangalore North,10-12,Tuesday,14.71,1,0
CUST_15123,Bangalore North,3-5,Friday,9.67,2,0
CUST_15124,Bangalore East,12-3,Wednesday,12.49,2,1
CUST_15125,Bangalore North,12-3,Monday,10.68,1,1
CUST_15126,Bangalore East,3-5,Monday,11.73,2,1
CUST_15127,Bangalore East,3-5,Monday,9.48,2,0
CUST_15128,Bangalore Central,10-12,Friday,2.05,2,0
CUST_15129,Bangalore North,10-12,Tuesday,2.39,2,0
CUST_15130,Bangalore East,3-5,Friday,8.16,3,1
CUST_15131,Bangalore South,12-3,Monday,12.75,2,0
CUST_15132,Bangalore North,3-5,Tuesday,2.56,3,1
CUST_15133,Bangalore South,3-5,Tuesday,5.69,2,1
CUST_15134,Bangalore Central,12-3,Monday,6.29,3,0
CUST_15135,Bangalore South,12-3,Monday,11.58,1,1
CUST_15136,Bangalore East,12-3,Wednesday,4.85,3,1
CUST_15137,Bangalore South,12-3,Friday,8.99,2,0
CUST_15138,Bangalore South,12-3,Monday,9.74,3,1
CUST_15139,Bangalore South,10-12,Wednesday,3.02,2,0
CUST_15140,Bangalore South,12-3,Friday,11.03,2,0
CUST_15141,Bangalore South,10-12,Wednesday,5.14,1,1
CUST_15142,Bangalore North,10-12,Monday,6.54,1,1
CUST_15143,Bangalore Central,10-12,Wednesday,11.38,2,1
CUST_15144,Bangalore East,3-5,Monday,3.87,1,0
CUST_15145,Bangalore East,10-12,Monday,2.27,2,0
CUST_15146,Bangalore East,10-12,Friday,14.95,2,0
CUST_15147,Bangalore Central,10-12,Thursday,1.99,2,0
CUST_15148,Bangalore East,3-5,Tuesday,6.62,3,0
CUST_15149,Bangalore North,12-3,Monday,5.98,2,0
CUST_15150,Bangalore South,12-3,Thursday,9.54,2,0
CUST_15151,Bangalore South,3-5,Friday,11.41,3,1
CUST_15152,Bangalore East,3-5,Thursday,14.88,2,0
CUST_15153,Bangalore Central,3-5,Wednesday,7.58,3,1
CUST_15154,Bangalore South,12-3,Monday,6.12,2,1
CUST_15155,Bangalore North,12-3,Wednesday,1.01,2,0
CUST_15156,Bangalore North,12-3,Wednesday,1.68,1,1
CUST_15157,Bangalore South,12-3,Wednesday,9.39,2,0
CUST_15158,Bangalore South,3-5,Wednesday,11.56,2,1
CUST_15159,Bangalore North,12-3,Wednesday,10.03,2,0
CUST_15160,Bangalore East,3-5,Tuesday,2.85,2,0
CUST_15161,Bangalore North,3-5,Wednesday,2.2,2,1
CUST_15162,Bangalore North,12-3,Wednesday,10.13,2,0
CUST_15163,Bangalore East,12-3,Friday,1.62,2,0
CUST_15164,Bangalore Central,10-12,Thursday,13.08,3,1
CUST_15165,Bangalore South,3-5,Thursday,10.02,1,1
CUST_15166,Bangalore North,3-5,Wednesday,5.28,3,1
CUST_15167,Bangalore North,10-12,Monday,4.09,3,0
CUST_15168,Bangalore Central,3-5,Tuesday,6.51,1,1
CUST_15169,Bangalore South,3-5,Monday,5.46,1,1
CUST_15170,Bangalore Central,12-3,Thursday,7.61,2,0
CUST_15171,Bangalore South,10-12,Tuesday,12.25,1,1
CUST_15172,Bangalore North,12-3,Friday,3.11,2,0
CUST_15173,Bangalore North,10-12,Thursday,2.71,1,0
CUST_15174,Bangalore North,10-12,Monday,2.36,2,0
CUST_15175,Bangalore North,12-3,Wednesday,7.65,1,0
CUST_15176,Bangalore Central,12-3,Monday,9.07,2,0
CUST_15177,Bangalore South,3-5,Tuesday,1.26,1,0
CUST_15178,Bangalore Central,10-12,Monday,3.23,2,0
CUST_15179,Bangalore East,12-3,Thursday,12.56,2,0
CUST_15180,Bangalore North,3-5,Friday,2.28,2,0
CUST_15181,Bangalore North,10-12,Thursday,14.18,2,0
CUST_15182,Bangalore East,3-5,Monday,8.21,2,1
CUST_15183,Bangalore East,10-12,Thursday,8.86,2,0
CUST_15184,Bangalore East,3-5,Thursday,9.21,1,1
CUST_15185,Bangalore South,12-3,Tuesday,9.06,2,0
CUST_15186,Bangalore East,3-5,Monday,2.35,2,1
CUST_15187,Bangalore South,10-12,Monday,2.66,2,1
CUST_15188,Bangalore Central,3-5,Monday,4.17,2,1
CUST_15189,Bangalore East,10-12,Wednesday,7.21,3,0
CUST_15190,Bangalore East,10-12,Friday,2.01,3,1
CUST_15191,Bangalore Central,10-12,Wednesday,7.83,2,0
CUST_15192,Bangalore North,12-3,Monday,6.92,1,0
CUST_15193,Bangalore South,12-3,Wednesday,4.81,1,1
CUST_15194,Bangalore Central,12-3,Wednesday,5.05,2,1
CUST_15195,Bangalore South,12-3,Monday,12.7,1,0
CUST_15196,Bangalore North,3-5,Monday,2.42,2,0
CUST_15197,Bangalore East,3-5,Monday,5.68,2,1
CUST_15198,Bangalore North,3-5,Friday,10.95,3,1
CUST_15199,Bangalore North,12-3,Friday,13.79,2,1
CUST_15200,Bangalore East,10-12,Wednesday,9.72,1,1
CUST_15201,Bangalore North,12-3,Friday,10.98,3,0
CUST_15202,Bangalore Central,10-12,Thursday,11.96,1,0
CUST_15203,Bangalore Central,10-12,Wednesday,3.93,1,1
CUST_15204,Bangalore East,10-12,Thursday,8.6,2,0
CUST_15205,Bangalore Central,10-12,Wednesday,14.6,3,0
CUST_15206,Bangalore East,10-12,Thursday,6.74,2,0
CUST_15207,Bangalore South,10-12,Friday,13.45,2,0
CUST_15208,Bangalore North,10-12,Friday,10.36,3,1
CUST_15209,Bangalore North,3-5,Thursday,12.8,2,1
CUST_15210,Bangalore Central,12-3,Friday,11.39,3,1
CUST_15211,Bangalore North,12-3,Thursday,8.65,1,0
CUST_15212,Bangalore South,3-5,Wednesday,2.88,2,0
CUST_15213,Bangalore North,12-3,Thursday,1.25,1,0
CUST_15214,Bangalore East,3-5,Monday,3.65,1,0
CUST_15215,Bangalore South,10-12,Friday,8.14,2,0
CUST_15216,Bangalore East,3-5,Wednesday,5.51,3,1
CUST_15217,Bangalore South,12-3,Monday,14.9,2,1
CUST_15218,Bangalore Central,12-3,Monday,10.6,3,1
CUST_15219,Bangalore North,3-5,Thursday,3.77,2,0
CUST_15220,Bangalore South,3-5,Tuesday,8.56,3,0
CUST_15221,Bangalore North,10-12,Friday,9.12,2,1
CUST_15222,Bangalore North,10-12,Tuesday,6.92,1,1
CUST_15223,Bangalore Central,12-3,Wednesday,13.1,1,0
CUST_15224,Bangalore East,3-5,Thursday,10.04,1,0
CUST_15225,Bangalore East,10-12,Tuesday,9.4,2,1
CUST_15226,Bangalore East,3-5,Tuesday,14.59,1,1
CUST_15227,Bangalore Central,3-5,Thursday,1.66,1,0
CUST_15228,Bangalore Central,12-3,Thursday,4.83,2,1
CUST_15229,Bangalore North,12-3,Wednesday,8.13,2,1
CUST_15230,Bangalore North,3-5,Friday,13.99,1,1
CUST_15231,Bangalore East,12-3,Friday,5.51,3,0
CUST_15232,Bangalore East,12-3,Friday,12.17,1,1
CUST_15233,Bangalore Central,10-12,Tuesday,11.46,1,1
CUST_15234,Bangalore South,12-3,Friday,10.59,2,1
CUST_15235,Bangalore East,12-3,Thursday,11.27,2,1
CUST_15236,Bangalore North,10-12,Wednesday,11.1,2,0
CUST_15237,Bangalore North,10-12,Friday,5.95,2,1
CUST_15238,Bangalore Central,10-12,Monday,10.94,2,1
CUST_15239,Bangalore North,12-3,Wednesday,7.93,2,1
CUST_15240,Bangalore Central,10-12,Friday,11.75,2,0
CUST_15241,Bangalore East,12-3,Thursday,11.28,2,1
CUST_15242,Bangalore South,12-3,Monday,14.22,2,0
CUST_15243,Bangalore South,3-5,Friday,14.61,3,0
CUST_15244,Bangalore East,10-12,Monday,10.18,2,1
CUST_15245,Bangalore Central,12-3,Friday,14.4,1,1
CUST_15246,Bangalore Central,12-3,Friday,12.73,1,1
CUST_15247,Bangalore Central,12-3,Wednesday,14.42,1,0
CUST_15248,Bangalore Central,10-12,Monday,9.3,1,0
CUST_15249,Bangalore South,3-5,Monday,7.2,2,0
CUST_15250,Bangalore South,10-12,Monday,3.13,2,0
CUST_15251,Bangalore Central,3-5,Friday,13.67,1,0
CUST_15252,Bangalore Central,3-5,Thursday,4.47,1,0
CUST_15253,Bangalore Central,3-5,Monday,1.52,3,1
CUST_15254,Bangalore South,12-3,Wednesday,12.21,2,0
CUST_15255,Bangalore North,10-12,Thursday,13.19,1,0
CUST_15256,Bangalore South,10-12,Wednesday,13.23,1,0
CUST_15257,Bangalore South,3-5,Monday,5.22,3,1
CUST_15258,Bangalore North,12-3,Wednesday,8.93,2,1
CUST_15259,Bangalore Central,3-5,Tuesday,12.39,3,0
CUST_15260,Bangalore East,3-5,Thursday,13.46,1,1
CUST_15261,Bangalore South,10-12,Friday,10.02,3,1
CUST_15262,Bangalore East,10-12,Tuesday,3.54,2,1
CUST_15263,Bangalore Central,12-3,Friday,7.78,3,1
CUST_15264,Bangalore Central,12-3,Wednesday,13.71,1,1
CUST_15265,Bangalore Central,10-12,Wednesday,13.12,1,1
CUST_15266,Bangalore Central,3-5,Tuesday,5.55,2,1
CUST_15267,Bangalore North,10-12,Monday,14.09,3,0
CUST_15268,Bangalore North,3-5,Tuesday,12.02,2,1
CUST_15269,Bangalore South,3-5,Tuesday,5.25,2,1
CUST_15270,Bangalore Central,10-12,Wednesday,8.47,1,1
CUST_15271,Bangalore East,12-3,Friday,13.87,3,1
CUST_15272,Bangalore North,10-12,Thursday,1.34,2,1
CUST_15273,Bangalore East,3-5,Tuesday,2.81,2,1
CUST_15274,Bangalore East,12-3,Monday,5.34,1,0
CUST_15275,Bangalore East,3-5,Thursday,6.2,2,1
CUST_15276,Bangalore Central,10-12,Thursday,5.68,1,1
CUST_15277,Bangalore East,12-3,Monday,13.7,1,0
CUST_15278,Bangalore South,3-5,Thursday,5.17,1,0
CUST_15279,Bangalore North,10-12,Thursday,3.65,2,0
CUST_15280,Bangalore South,10-12,Tuesday,13.61,1,0
CUST_15281,Bangalore South,10-12,Tuesday,14.45,1,0
CUST_15282,Bangalore Central,3-5,Wednesday,12.68,2,1
CUST_15283,Bangalore East,12-3,Wednesday,6.22,3,1
CUST_15284,Bangalore South,10-12,Monday,13.17,3,0
CUST_15285,Bangalore North,10-12,Tuesday,10.26,2,0
CUST_15286,Bangalore Central,10-12,Wednesday,9.05,3,0
CUST_15287,Bangalore North,3-5,Monday,1.6,2,0
CUST_15288,Bangalore North,3-5,Monday,3.29,3,0
CUST_15289,Bangalore East,12-3,Monday,5.06,2,0
CUST_15290,Bangalore South,3-5,Thursday,14.39,1,0
CUST_15291,Bangalore South,12-3,Wednesday,14.71,2,0
CUST_15292,Bangalore East,12-3,Wednesday,1.45,1,0
CUST_15293,Bangalore North,10-12,Monday,5.17,2,1
CUST_15294,Bangalore Central,10-12,Friday,6.59,2,0
CUST_15295,Bangalore South,10-12,Monday,13.43,1,0
CUST_15296,Bangalore East,10-12,Wednesday,11.59,1,1
CUST_15297,Bangalore South,3-5,Monday,11.28,1,0
CUST_15298,Bangalore South,10-12,Wednesday,10.99,2,0
CUST_15299,Bangalore South,10-12,Wednesday,3.88,2,0
CUST_15300,Bangalore Central,12-3,Friday,5.54,2,1
CUST_15301,Bangalore South,10-12,Friday,2.25,2,1
CUST_15302,Bangalore Central,12-3,Friday,7.34,3,0
CUST_15303,Bangalore North,10-12,Tuesday,7.68,1,0
CUST_15304,Bangalore East,10-12,Friday,2.28,2,0
CUST_15305,Bangalore East,10-12,Friday,7.09,2,1
CUST_15306,Bangalore North,12-3,Tuesday,12.67,1,1
CUST_15307,Bangalore East,12-3,Thursday,10.84,2,1
CUST_15308,Bangalore East,10-12,Thursday,6.97,2,1
CUST_15309,Bangalore Central,3-5,Wednesday,5.82,2,0
CUST_15310,Bangalore East,3-5,Thursday,11.74,2,0
CUST_15311,Bangalore East,12-3,Monday,7.84,2,0
CUST_15312,Bangalore Central,10-12,Friday,5.45,1,0
CUST_15313,Bangalore North,12-3,Wednesday,11.71,2,0
CUST_15314,Bangalore East,3-5,Thursday,11.29,3,1
CUST_15315,Bangalore Central,12-3,Friday,3.98,2,0
CUST_15316,Bangalore East,10-12,Tuesday,11.36,3,0
CUST_15317,Bangalore North,10-12,Tuesday,4.92,1,1
CUST_15318,Bangalore Central,10-12,Wednesday,7.33,1,1
CUST_15319,Bangalore Central,10-12,Wednesday,11.66,3,1
CUST_15320,Bangalore South,12-3,Tuesday,10.12,3,0
CUST_15321,Bangalore Central,10-12,Monday,14.68,1,1
CUST_15322,Bangalore North,3-5,Monday,12.67,2,1
CUST_15323,Bangalore North,10-12,Monday,9.71,1,0
CUST_15324,Bangalore East,12-3,Monday,12.33,1,1
CUST_15325,Bangalore Central,3-5,Thursday,6.94,1,0
CUST_15326,Bangalore North,12-3,Tuesday,5.39,1,0
CUST_15327,Bangalore South,10-12,Friday,1.84,2,1
CUST_15328,Bangalore Central,3-5,Friday,11.4,1,0
CUST_15329,Bangalore Central,12-3,Friday,6.37,2,0
CUST_15330,Bangalore East,12-3,Friday,10.53,2,1
CUST_15331,Bangalore East,10-12,Thursday,10.57,2,0
CUST_15332,Bangalore Central,3-5,Tuesday,1.82,2,0
CUST_15333,Bangalore East,10-12,Thursday,4.05,2,0
CUST_15334,Bangalore East,12-3,Thursday,3.74,3,1
CUST_15335,Bangalore East,3-5,Tuesday,14.18,1,1
CUST_15336,Bangalore South,12-3,Friday,13.3,2,1
CUST_15337,Bangalore East,10-12,Friday,7.09,2,0
CUST_15338,Bangalore North,3-5,Friday,14.03,2,0
CUST_15339,Bangalore North,3-5,Tuesday,13.04,2,1
CUST_15340,Bangalore North,3-5,Friday,7.41,3,1
CUST_15341,Bangalore East,12-3,Thursday,4.56,2,1
CUST_15342,Bangalore North,12-3,Tuesday,10.71,2,1
CUST_15343,Bangalore Central,3-5,Friday,11.29,2,1
CUST_15344,Bangalore North,3-5,Monday,14.01,2,1
CUST_15345,Bangalore East,12-3,Tuesday,11.44,2,0
CUST_15346,Bangalore South,10-12,Thursday,5.58,2,0
CUST_15347,Bangalore North,3-5,Tuesday,5.56,1,1
CUST_15348,Bangalore North,3-5,Tuesday,6.02,3,0
CUST_15349,Bangalore East,10-12,Thursday,14.05,1,1
CUST_15350,Bangalore East,3-5,Tuesday,3.97,1,0
CUST_15351,Bangalore South,12-3,Thursday,5.73,2,0
CUST_15352,Bangalore South,12-3,Monday,3.64,2,1
CUST_15353,Bangalore Central,10-12,Monday,5.01,2,0
CUST_15354,Bangalore East,3-5,Tuesday,2.7,1,0
CUST_15355,Bangalore Central,3-5,Thursday,10.81,2,1
CUST_15356,Bangalore Central,12-3,Tuesday,10.97,1,1
CUST_15357,Bangalore East,12-3,Monday,4.94,3,0
CUST_15358,Bangalore East,3-5,Wednesday,6.07,3,1
CUST_15359,Bangalore Central,10-12,Tuesday,10.18,3,0
CUST_15360,Bangalore Central,10-12,Wednesday,13.72,2,0
CUST_15361,Bangalore North,12-3,Monday,8.86,2,1
CUST_15362,Bangalore North,12-3,Monday,7.57,1,0
CUST_15363,Bangalore East,3-5,Tuesday,6.38,2,1
CUST_15364,Bangalore North,12-3,Wednesday,7.22,2,1
CUST_15365,Bangalore East,3-5,Thursday,6.87,2,1
CUST_15366,Bangalore North,10-12,Tuesday,11.57,2,1
CUST_15367,Bangalore Central,12-3,Monday,9.87,1,0
CUST_15368,Bangalore Central,3-5,Tuesday,11.5,3,0
CUST_15369,Bangalore South,12-3,Friday,1.45,3,0
CUST_15370,Bangalore South,12-3,Thursday,3.83,2,1
CUST_15371,Bangalore South,10-12,Friday,7.88,2,1
CUST_15372,Bangalore North,3-5,Friday,10.7,3,1
CUST_15373,Bangalore Central,10-12,Monday,13.42,2,0
CUST_15374,Bangalore East,10-12,Thursday,9.2,1,0
CUST_15375,Bangalore North,12-3,Thursday,1.18,1,0
CUST_15376,Bangalore Central,3-5,Thursday,5.19,2,1
CUST_15377,Bangalore South,3-5,Wednesday,7.57,2,0
CUST_15378,Bangalore North,3-5,Friday,1.55,2,0
CUST_15379,Bangalore East,12-3,Thursday,14.82,2,0
CUST_15380,Bangalore East,3-5,Wednesday,8.28,1,1
CUST_15381,Bangalore East,3-5,Thursday,1.57,2,0
CUST_15382,Bangalore East,3-5,Tuesday,10.09,3,1
CUST_15383,Bangalore North,12-3,Monday,10.22,1,0
CUST_15384,Bangalore East,12-3,Monday,10.46,2,0
CUST_15385,Bangalore South,12-3,Tuesday,13.68,3,0
CUST_15386,Bangalore East,3-5,Tuesday,7.13,2,0
CUST_15387,Bangalore North,3-5,Friday,14.93,1,1
CUST_15388,Bangalore East,10-12,Thursday,12.8,3,1
CUST_15389,Bangalore North,3-5,Tuesday,6.92,1,1
CUST_15390,Bangalore Central,10-12,Wednesday,9.58,1,0
CUST_15391,Bangalore East,12-3,Tuesday,9.57,2,0
CUST_15392,Bangalore East,3-5,Tuesday,7.58,3,0
CUST_15393,Bangalore East,10-12,Tuesday,2.87,1,0
CUST_15394,Bangalore North,3-5,Thursday,8.42,1,0
CUST_15395,Bangalore South,3-5,Wednesday,13.09,1,0
CUST_15396,Bangalore South,3-5,Wednesday,2.28,1,1
CUST_15397,Bangalore Central,12-3,Friday,3.52,2,1
CUST_15398,Bangalore South,12-3,Tuesday,10.54,2,1
CUST_15399,Bangalore Central,10-12,Wednesday,5.36,1,0
CUST_15400,Bangalore East,12-3,Tuesday,9.92,2,1
CUST_15401,Bangalore North,3-5,Tuesday,7.71,2,0
CUST_15402,Bangalore Central,3-5,Monday,9.79,1,0
CUST_15403,Bangalore East,12-3,Monday,10.29,1,1
CUST_15404,Bangalore East,12-3,Monday,14.65,1,0
CUST_15405,Bangalore South,3-5,Monday,7.72,2,0
CUST_15406,Bangalore East,3-5,Tuesday,3.81,1,1
CUST_15407,Bangalore South,10-12,Thursday,7.51,2,1
CUST_15408,Bangalore Central,12-3,Tuesday,12.04,2,1
CUST_15409,Bangalore Central,10-12,Thursday,11.78,1,1
CUST_15410,Bangalore Central,3-5,Thursday,11.48,2,1
CUST_15411,Bangalore East,3-5,Tuesday,7.3,2,1
CUST_15412,Bangalore Central,3-5,Thursday,6.41,1,0
CUST_15413,Bangalore East,12-3,Wednesday,6.71,2,0
CUST_15414,Bangalore East,12-3,Wednesday,14.18,2,1
CUST_15415,Bangalore Central,3-5,Monday,2.4,1,0
CUST_15416,Bangalore Central,10-12,Thursday,14.02,2,0
CUST_15417,Bangalore South,12-3,Wednesday,5.23,2,1
CUST_15418,Bangalore Central,10-12,Friday,12.13,1,0
CUST_15419,Bangalore North,12-3,Thursday,8.18,2,0
CUST_15420,Bangalore South,3-5,Monday,5.84,1,1
CUST_15421,Bangalore North,3-5,Tuesday,4.54,1,0
CUST_15422,Bangalore North,12-3,Thursday,3.14,3,1
CUST_15423,Bangalore Central,3-5,Tuesday,8.95,2,1
CUST_15424,Bangalore Central,10-12,Thursday,10.81,3,0
CUST_15425,Bangalore North,12-3,Wednesday,12.86,2,0
CUST_15426,Bangalore Central,10-12,Tuesday,4.59,3,1
CUST_15427,Bangalore Central,10-12,Thursday,12.37,3,0
CUST_15428,Bangalore North,12-3,Friday,12.3,2,1
CUST_15429,Bangalore South,10-12,Monday,14.54,2,1
CUST_15430,Bangalore East,10-12,Tuesday,5.34,2,1
CUST_15431,Bangalore East,10-12,Monday,12.0,1,0
CUST_15432,Bangalore North,10-12,Friday,5.56,3,0
CUST_15433,Bangalore North,12-3,Wednesday,7.41,3,0
CUST_15434,Bangalore North,3-5,Friday,9.3,3,1
CUST_15435,Bangalore North,10-12,Monday,11.84,3,0
CUST_15436,Bangalore North,3-5,Wednesday,3.68,3,1
CUST_15437,Bangalore East,3-5,Tuesday,1.26,1,1
CUST_15438,Bangalore South,12-3,Friday,7.29,3,1
CUST_15439,Bangalore East,3-5,Wednesday,10.0,2,0
CUST_15440,Bangalore Central,3-5,Thursday,11.48,2,0
CUST_15441,Bangalore South,12-3,Monday,5.34,1,1
CUST_15442,Bangalore Central,12-3,Friday,12.1,1,0
CUST_15443,Bangalore North,10-12,Friday,14.42,1,0
CUST_15444,Bangalore Central,12-3,Friday,13.06,2,0
CUST_15445,Bangalore South,12-3,Monday,9.55,3,0
CUST_15446,Bangalore East,3-5,Wednesday,5.18,3,1
CUST_15447,Bangalore Central,3-5,Tuesday,10.92,2,1
CUST_15448,Bangalore North,12-3,Friday,5.86,1,0
CUST_15449,Bangalore South,3-5,Monday,4.55,2,0
CUST_15450,Bangalore North,3-5,Tuesday,9.21,2,1
CUST_15451,Bangalore Central,3-5,Wednesday,8.04,3,1
CUST_15452,Bangalore East,3-5,Wednesday,4.14,2,0
CUST_15453,Bangalore North,10-12,Monday,1.04,2,0
CUST_15454,Bangalore North,12-3,Monday,11.03,3,0
CUST_15455,Bangalore South,12-3,Wednesday,11.1,2,1
CUST_15456,Bangalore Central,12-3,Friday,2.33,3,1
CUST_15457,Bangalore South,3-5,Thursday,14.6,3,0
CUST_15458,Bangalore East,12-3,Wednesday,5.28,2,0
CUST_15459,Bangalore Central,12-3,Thursday,2.87,1,1
CUST_15460,Bangalore Central,3-5,Friday,8.69,3,1
CUST_15461,Bangalore North,3-5,Thursday,4.87,2,0
CUST_15462,Bangalore North,12-3,Monday,12.72,2,0
CUST_15463,Bangalore East,3-5,Friday,11.42,2,1
CUST_15464,Bangalore East,3-5,Friday,7.89,1,1
CUST_15465,Bangalore Central,3-5,Monday,6.37,1,1
CUST_15466,Bangalore North,3-5,Monday,8.63,2,0
CUST_15467,Bangalore East,12-3,Wednesday,4.72,1,1
CUST_15468,Bangalore Central,3-5,Wednesday,1.14,3,1
CUST_15469,Bangalore North,12-3,Thursday,2.52,1,1
CUST_15470,Bangalore South,10-12,Wednesday,6.54,2,0
CUST_15471,Bangalore East,3-5,Wednesday,7.18,2,0
CUST_15472,Bangalore South,12-3,Wednesday,14.51,3,0
CUST_15473,Bangalore Central,12-3,Monday,1.23,1,1
CUST_15474,Bangalore North,12-3,Monday,4.26,3,1
CUST_15475,Bangalore Central,10-12,Wednesday,8.69,1,1
CUST_15476,Bangalore East,10-12,Thursday,12.88,1,1
CUST_15477,Bangalore Central,3-5,Thursday,6.19,2,1
CUST_15478,Bangalore North,10-12,Tuesday,5.99,1,0
CUST_15479,Bangalore Central,10-12,Wednesday,3.16,1,0
CUST_15480,Bangalore Central,12-3,Thursday,4.39,2,1
CUST_15481,Bangalore South,10-12,Thursday,11.51,3,0
CUST_15482,Bangalore East,10-12,Tuesday,7.12,3,0
CUST_15483,Bangalore North,3-5,Monday,9.95,1,1
CUST_15484,Bangalore East,12-3,Tuesday,1.66,1,0
CUST_15485,Bangalore East,12-3,Tuesday,3.28,2,0
CUST_15486,Bangalore East,10-12,Tuesday,10.11,1,0
CUST_15487,Bangalore South,3-5,Friday,7.79,2,0
CUST_15488,Bangalore Central,3-5,Thursday,8.17,2,1
CUST_15489,Bangalore South,3-5,Thursday,4.2,3,1
CUST_15490,Bangalore East,12-3,Monday,6.98,2,0
CUST_15491,Bangalore South,12-3,Monday,14.62,1,1
CUST_15492,Bangalore South,10-12,Tuesday,12.9,2,0
CUST_15493,Bangalore South,10-12,Friday,11.84,1,1
CUST_15494,Bangalore Central,12-3,Tuesday,4.09,2,1
CUST_15495,Bangalore South,3-5,Tuesday,6.87,1,0
CUST_15496,Bangalore Central,10-12,Friday,6.7,1,0
CUST_15497,Bangalore North,12-3,Tuesday,14.73,2,1
CUST_15498,Bangalore North,10-12,Tuesday,13.26,3,0
CUST_15499,Bangalore North,12-3,Wednesday,7.52,1,0
CUST_15500,Bangalore East,12-3,Wednesday,11.09,1,0
CUST_15501,Bangalore East,12-3,Friday,12.03,3,0
CUST_15502,Bangalore North,12-3,Tuesday,7.71,2,0
CUST_15503,Bangalore North,3-5,Wednesday,10.35,2,1
CUST_15504,Bangalore East,10-12,Monday,14.33,2,1
CUST_15505,Bangalore South,3-5,Friday,7.77,2,1
CUST_15506,Bangalore North,10-12,Monday,13.03,3,1
CUST_15507,Bangalore North,3-5,Friday,2.84,1,1
CUST_15508,Bangalore East,12-3,Thursday,8.3,2,0
CUST_15509,Bangalore North,10-12,Thursday,1.3,2,1
CUST_15510,Bangalore South,3-5,Wednesday,2.24,2,1
CUST_15511,Bangalore North,3-5,Wednesday,14.63,2,0
CUST_15512,Bangalore North,10-12,Friday,10.67,1,0
CUST_15513,Bangalore Central,3-5,Tuesday,14.72,2,0
CUST_15514,Bangalore Central,10-12,Wednesday,2.62,1,0
CUST_15515,Bangalore Central,10-12,Thursday,13.1,3,1
CUST_15516,Bangalore South,3-5,Thursday,2.4,3,1
CUST_15517,Bangalore East,12-3,Tuesday,12.99,2,1
CUST_15518,Bangalore North,10-12,Thursday,4.74,3,1
CUST_15519,Bangalore East,12-3,Thursday,12.59,3,1
CUST_15520,Bangalore East,10-12,Monday,10.43,2,0
CUST_15521,Bangalore South,12-3,Wednesday,12.8,2,0
CUST_15522,Bangalore South,3-5,Friday,2.38,2,1
CUST_15523,Bangalore Central,12-3,Tuesday,13.74,2,0
CUST_15524,Bangalore East,12-3,Tuesday,8.99,1,0
CUST_15525,Bangalore South,3-5,Tuesday,10.05,2,0
CUST_15526,Bangalore Central,3-5,Thursday,11.72,2,1
CUST_15527,Bangalore South,12-3,Friday,14.56,2,1
CUST_15528,Bangalore Central,3-5,Wednesday,12.29,2,1
CUST_15529,Bangalore North,12-3,Wednesday,2.15,2,0
CUST_15530,Bangalore North,10-12,Tuesday,2.4,3,0
CUST_15531,Bangalore East,3-5,Friday,12.18,2,0
CUST_15532,Bangalore South,12-3,Monday,8.72,1,1
CUST_15533,Bangalore Central,3-5,Thursday,1.6,3,1
CUST_15534,Bangalore Central,12-3,Thursday,1.29,2,1
CUST_15535,Bangalore Central,12-3,Monday,9.71,3,0
CUST_15536,Bangalore Central,3-5,Wednesday,10.55,2,0
CUST_15537,Bangalore East,10-12,Wednesday,2.17,2,1
CUST_15538,Bangalore East,12-3,Wednesday,9.37,3,0
CUST_15539,Bangalore South,3-5,Wednesday,11.84,2,0
CUST_15540,Bangalore North,3-5,Tuesday,14.19,3,1
CUST_15541,Bangalore East,12-3,Friday,11.75,3,1
CUST_15542,Bangalore North,10-12,Wednesday,14.34,1,0
CUST_15543,Bangalore East,3-5,Tuesday,14.81,2,1
CUST_15544,Bangalore Central,10-12,Wednesday,14.72,1,1
CUST_15545,Bangalore North,12-3,Tuesday,13.73,1,1
CUST_15546,Bangalore South,12-3,Monday,14.13,2,0
CUST_15547,Bangalore Central,12-3,Monday,10.18,2,0
CUST_15548,Bangalore East,12-3,Tuesday,9.57,2,0
CUST_15549,Bangalore South,10-12,Thursday,4.66,2,0
CUST_15550,Bangalore South,10-12,Monday,8.97,2,0
CUST_15551,Bangalore North,3-5,Friday,8.49,2,1
CUST_15552,Bangalore North,3-5,Thursday,6.3,2,0
CUST_15553,Bangalore Central,10-12,Tuesday,8.91,2,1
CUST_15554,Bangalore East,10-12,Monday,8.73,2,1
CUST_15555,Bangalore North,12-3,Thursday,2.59,2,1
CUST_15556,Bangalore South,10-12,Thursday,1.91,2,0
CUST_15557,Bangalore North,3-5,Friday,12.84,2,1
CUST_15558,Bangalore South,10-12,Monday,13.42,2,0
CUST_15559,Bangalore Central,12-3,Thursday,14.59,2,1
CUST_15560,Bangalore East,10-12,Friday,14.79,2,1
CUST_15561,Bangalore Central,12-3,Monday,12.08,3,1
CUST_15562,Bangalore Central,12-3,Monday,9.97,3,0
CUST_15563,Bangalore East,3-5,Friday,6.48,1,0
CUST_15564,Bangalore Central,12-3,Tuesday,5.55,3,0
CUST_15565,Bangalore North,3-5,Tuesday,9.51,2,0
CUST_15566,Bangalore East,10-12,Friday,1.18,3,1
CUST_15567,Bangalore North,3-5,Wednesday,12.27,1,1
CUST_15568,Bangalore Central,10-12,Tuesday,1.28,2,1
CUST_15569,Bangalore East,10-12,Tuesday,7.99,3,0
CUST_15570,Bangalore North,3-5,Wednesday,8.03,2,1
CUST_15571,Bangalore East,3-5,Thursday,4.09,2,0
CUST_15572,Bangalore East,3-5,Wednesday,7.62,3,0
CUST_15573,Bangalore East,3-5,Tuesday,10.47,1,1
CUST_15574,Bangalore North,3-5,Thursday,3.04,3,1
CUST_15575,Bangalore North,10-12,Thursday,8.21,2,0
CUST_15576,Bangalore North,10-12,Wednesday,2.86,3,1
CUST_15577,Bangalore South,10-12,Tuesday,11.81,1,0
CUST_15578,Bangalore Central,3-5,Friday,12.1,2,1
CUST_15579,Bangalore North,10-12,Thursday,4.82,2,1
CUST_15580,Bangalore Central,12-3,Tuesday,9.94,1,1
CUST_15581,Bangalore North,3-5,Thursday,4.02,1,0
CUST_15582,Bangalore South,10-12,Thursday,6.83,1,0
CUST_15583,Bangalore East,10-12,Wednesday,2.1,1,0
CUST_15584,Bangalore South,3-5,Friday,14.26,1,0
CUST_15585,Bangalore East,10-12,Tuesday,13.28,2,0
CUST_15586,Bangalore East,3-5,Thursday,8.62,3,1
CUST_15587,Bangalore East,12-3,Monday,13.72,3,0
CUST_15588,Bangalore South,12-3,Tuesday,14.34,2,1
CUST_15589,Bangalore East,12-3,Wednesday,2.24,2,1
CUST_15590,Bangalore North,12-3,Monday,5.04,3,1
CUST_15591,Bangalore South,10-12,Wednesday,9.86,2,0
CUST_15592,Bangalore Central,10-12,Tuesday,4.46,1,1
CUST_15593,Bangalore North,12-3,Friday,10.73,3,0
CUST_15594,Bangalore North,10-12,Monday,6.66,2,1
CUST_15595,Bangalore North,10-12,Thursday,3.61,3,1
CUST_15596,Bangalore North,10-12,Monday,5.09,1,0
CUST_15597,Bangalore South,12-3,Wednesday,13.7,3,0
CUST_15598,Bangalore East,12-3,Friday,3.04,2,1
CUST_15599,Bangalore Central,12-3,Wednesday,11.83,2,1
CUST_15600,Bangalore South,12-3,Friday,10.92,2,0
CUST_15601,Bangalore East,12-3,Monday,12.68,2,1
CUST_15602,Bangalore East,10-12,Tuesday,7.76,2,0
CUST_15603,Bangalore Central,3-5,Tuesday,4.9,1,1
CUST_15604,Bangalore Central,12-3,Monday,1.35,2,0
CUST_15605,Bangalore South,12-3,Wednesday,6.8,2,0
CUST_15606,Bangalore Central,3-5,Monday,7.35,1,1
CUST_15607,Bangalore North,12-3,Tuesday,6.31,2,0
CUST_15608,Bangalore East,10-12,Tuesday,11.6,3,0
CUST_15609,Bangalore North,10-12,Friday,13.17,1,0
CUST_15610,Bangalore Central,12-3,Thursday,13.53,2,0
CUST_15611,Bangalore South,10-12,Friday,7.65,1,0
CUST_15612,Bangalore South,10-12,Tuesday,3.33,1,1
CUST_15613,Bangalore East,12-3,Friday,9.18,1,1
CUST_15614,Bangalore South,10-12,Wednesday,2.87,1,1
CUST_15615,Bangalore South,3-5,Monday,6.4,1,0
CUST_15616,Bangalore North,3-5,Monday,10.14,2,1
CUST_15617,Bangalore Central,10-12,Tuesday,1.21,3,0
CUST_15618,Bangalore East,3-5,Wednesday,10.08,2,1
CUST_15619,Bangalore South,10-12,Friday,3.97,3,0
CUST_15620,Bangalore South,12-3,Monday,10.27,1,0
CUST_15621,Bangalore North,3-5,Friday,5.52,1,0
CUST_15622,Bangalore East,10-12,Monday,2.5,2,1
CUST_15623,Bangalore South,12-3,Monday,7.64,2,1
CUST_15624,Bangalore North,3-5,Monday,13.36,3,1
CUST_15625,Bangalore Central,12-3,Thursday,14.01,1,1
CUST_15626,Bangalore South,12-3,Thursday,11.98,2,1
CUST_15627,Bangalore East,10-12,Wednesday,10.35,3,0
CUST_15628,Bangalore Central,3-5,Tuesday,8.0,2,1
CUST_15629,Bangalore North,10-12,Thursday,2.29,3,0
CUST_15630,Bangalore North,3-5,Monday,6.26,2,1
CUST_15631,Bangalore North,10-12,Thursday,3.93,1,0
CUST_15632,Bangalore North,3-5,Thursday,2.45,2,0
CUST_15633,Bangalore South,10-12,Tuesday,1.81,2,1
CUST_15634,Bangalore North,12-3,Monday,7.33,2,1
CUST_15635,Bangalore South,3-5,Thursday,2.1,1,0
CUST_15636,Bangalore East,3-5,Friday,10.78,1,1
CUST_15637,Bangalore South,10-12,Tuesday,6.86,1,0
CUST_15638,Bangalore Central,3-5,Monday,10.76,2,1
CUST_15639,Bangalore Central,10-12,Friday,1.13,2,1
CUST_15640,Bangalore South,10-12,Tuesday,13.81,2,1
CUST_15641,Bangalore South,12-3,Tuesday,8.6,2,1
CUST_15642,Bangalore Central,10-12,Wednesday,12.95,1,1
CUST_15643,Bangalore North,12-3,Thursday,11.68,3,1
CUST_15644,Bangalore North,3-5,Wednesday,12.64,1,1
CUST_15645,Bangalore Central,3-5,Friday,8.28,2,0
CUST_15646,Bangalore North,10-12,Thursday,5.71,1,1
CUST_15647,Bangalore South,10-12,Friday,3.36,2,1
CUST_15648,Bangalore North,10-12,Tuesday,4.41,3,1
CUST_15649,Bangalore South,12-3,Thursday,14.9,2,1
CUST_15650,Bangalore North,3-5,Friday,12.27,2,0
CUST_15651,Bangalore Central,10-12,Tuesday,5.44,1,1
CUST_15652,Bangalore South,12-3,Friday,13.79,2,1
CUST_15653,Bangalore North,12-3,Monday,6.47,2,0
CUST_15654,Bangalore Central,10-12,Wednesday,12.42,2,0
CUST_15655,Bangalore Central,3-5,Wednesday,2.72,1,1
CUST_15656,Bangalore North,12-3,Friday,1.78,2,1
CUST_15657,Bangalore East,12-3,Wednesday,1.63,3,1
CUST_15658,Bangalore East,10-12,Monday,3.38,2,1
CUST_15659,Bangalore East,10-12,Friday,8.72,3,1
CUST_15660,Bangalore East,12-3,Friday,7.07,1,1
CUST_15661,Bangalore North,3-5,Monday,11.95,3,0
CUST_15662,Bangalore Central,10-12,Monday,14.96,2,0
CUST_15663,Bangalore East,12-3,Thursday,12.6,2,0
CUST_15664,Bangalore Central,12-3,Monday,9.71,1,0
CUST_15665,Bangalore Central,10-12,Wednesday,9.25,3,1
CUST_15666,Bangalore Central,3-5,Tuesday,10.18,1,1
CUST_15667,Bangalore South,10-12,Tuesday,8.18,2,0
CUST_15668,Bangalore East,10-12,Tuesday,9.0,1,0
CUST_15669,Bangalore East,12-3,Monday,9.28,2,1
CUST_15670,Bangalore South,10-12,Monday,8.84,2,1
CUST_15671,Bangalore East,3-5,Wednesday,5.99,1,0
CUST_15672,Bangalore North,10-12,Wednesday,9.85,2,0
CUST_15673,Bangalore North,10-12,Monday,14.86,3,0
CUST_15674,Bangalore East,10-12,Tuesday,13.66,1,0
CUST_15675,Bangalore South,12-3,Wednesday,3.06,3,0
CUST_15676,Bangalore North,3-5,Tuesday,2.25,1,1
CUST_15677,Bangalore South,3-5,Friday,13.16,3,1
CUST_15678,Bangalore Central,10-12,Monday,12.22,3,0
CUST_15679,Bangalore Central,12-3,Tuesday,4.55,2,1
CUST_15680,Bangalore East,3-5,Monday,10.68,2,1
CUST_15681,Bangalore Central,12-3,Monday,10.37,3,1
CUST_15682,Bangalore North,3-5,Tuesday,2.55,2,0
CUST_15683,Bangalore Central,10-12,Friday,5.29,3,0
CUST_15684,Bangalore North,10-12,Tuesday,1.05,1,0
CUST_15685,Bangalore Central,10-12,Thursday,13.9,2,1
CUST_15686,Bangalore Central,12-3,Wednesday,1.01,1,0
CUST_15687,Bangalore Central,10-12,Thursday,9.97,1,1
CUST_15688,Bangalore Central,12-3,Wednesday,12.37,3,0
CUST_15689,Bangalore East,3-5,Tuesday,3.57,2,1
CUST_15690,Bangalore Central,12-3,Wednesday,12.7,2,0
CUST_15691,Bangalore Central,12-3,Thursday,14.68,3,0
CUST_15692,Bangalore South,12-3,Thursday,8.0,2,0
CUST_15693,Bangalore North,3-5,Monday,6.83,2,0
CUST_15694,Bangalore Central,3-5,Monday,14.68,2,0
CUST_15695,Bangalore North,12-3,Monday,7.82,1,0
CUST_15696,Bangalore South,3-5,Friday,14.6,3,1
CUST_15697,Bangalore North,3-5,Wednesday,4.06,1,1
CUST_15698,Bangalore South,3-5,Wednesday,7.83,3,0
CUST_15699,Bangalore South,10-12,Wednesday,7.38,2,0
CUST_15700,Bangalore South,3-5,Thursday,13.48,3,0
CUST_15701,Bangalore North,3-5,Wednesday,3.19,1,0
CUST_15702,Bangalore Central,12-3,Friday,4.15,3,1
CUST_15703,Bangalore East,3-5,Wednesday,13.82,1,1
CUST_15704,Bangalore East,12-3,Tuesday,10.68,2,1
CUST_15705,Bangalore Central,10-12,Friday,14.34,3,1
CUST_15706,Bangalore North,3-5,Friday,7.44,1,1
CUST_15707,Bangalore South,10-12,Tuesday,3.45,2,0
CUST_15708,Bangalore North,12-3,Thursday,13.53,1,0
CUST_15709,Bangalore South,12-3,Friday,6.03,2,0
CUST_15710,Bangalore Central,10-12,Friday,6.12,1,0
CUST_15711,Bangalore East,3-5,Thursday,5.05,3,1
CUST_15712,Bangalore South,10-12,Tuesday,2.71,2,0
CUST_15713,Bangalore North,10-12,Monday,10.7,3,1
CUST_15714,Bangalore North,10-12,Thursday,6.4,2,0
CUST_15715,Bangalore North,12-3,Wednesday,12.24,2,1
CUST_15716,Bangalore North,12-3,Friday,10.35,2,1
CUST_15717,Bangalore South,12-3,Tuesday,2.54,2,0
CUST_15718,Bangalore South,3-5,Wednesday,6.64,2,0
CUST_15719,Bangalore South,3-5,Monday,10.21,2,1
CUST_15720,Bangalore North,3-5,Monday,5.97,2,0
CUST_15721,Bangalore South,12-3,Thursday,7.55,2,1
CUST_15722,Bangalore Central,3-5,Friday,6.5,3,1
CUST_15723,Bangalore South,10-12,Tuesday,6.42,1,0
CUST_15724,Bangalore Central,3-5,Thursday,11.33,2,1
CUST_15725,Bangalore East,3-5,Wednesday,9.42,2,0
CUST_15726,Bangalore North,3-5,Tuesday,9.08,2,0
CUST_15727,Bangalore Central,12-3,Thursday,8.6,1,0
CUST_15728,Bangalore East,12-3,Thursday,7.74,2,0
CUST_15729,Bangalore North,10-12,Wednesday,13.98,3,0
CUST_15730,Bangalore Central,10-12,Thursday,11.27,2,1
CUST_15731,Bangalore South,10-12,Wednesday,8.69,2,0
CUST_15732,Bangalore South,10-12,Wednesday,5.53,2,0
CUST_15733,Bangalore South,3-5,Thursday,6.46,3,1
CUST_15734,Bangalore North,12-3,Wednesday,12.76,1,0
CUST_15735,Bangalore East,10-12,Thursday,6.49,2,0
CUST_15736,Bangalore North,10-12,Tuesday,11.92,2,1
CUST_15737,Bangalore South,3-5,Monday,9.17,2,1
CUST_15738,Bangalore East,10-12,Wednesday,13.12,3,0
CUST_15739,Bangalore East,10-12,Monday,5.86,1,1
CUST_15740,Bangalore North,10-12,Wednesday,12.76,1,0
CUST_15741,Bangalore Central,10-12,Tuesday,13.3,2,0
CUST_15742,Bangalore South,10-12,Tuesday,2.77,1,0
CUST_15743,Bangalore Central,3-5,Tuesday,8.4,3,0
CUST_15744,Bangalore East,12-3,Tuesday,14.18,2,0
CUST_15745,Bangalore North,10-12,Thursday,5.6,1,0
CUST_15746,Bangalore South,3-5,Thursday,11.75,2,0
CUST_15747,Bangalore Central,12-3,Friday,1.89,2,1
CUST_15748,Bangalore North,10-12,Tuesday,1.85,3,1
CUST_15749,Bangalore North,3-5,Thursday,9.91,1,0
CUST_15750,Bangalore North,12-3,Monday,3.18,2,1
CUST_15751,Bangalore South,3-5,Friday,11.92,3,0
CUST_15752,Bangalore South,12-3,Friday,3.41,2,1
CUST_15753,Bangalore South,12-3,Thursday,9.43,2,1
CUST_15754,Bangalore Central,3-5,Tuesday,1.46,2,0
CUST_15755,Bangalore South,12-3,Thursday,7.56,3,0
CUST_15756,Bangalore East,12-3,Tuesday,14.61,2,1
CUST_15757,Bangalore East,10-12,Thursday,9.98,2,0
CUST_15758,Bangalore Central,10-12,Tuesday,11.34,2,1
CUST_15759,Bangalore Central,3-5,Friday,12.37,2,0
CUST_15760,Bangalore East,3-5,Wednesday,2.62,2,1
CUST_15761,Bangalore North,12-3,Thursday,10.23,1,0
CUST_15762,Bangalore Central,10-12,Wednesday,10.56,2,1
CUST_15763,Bangalore Central,10-12,Monday,1.25,3,1
CUST_15764,Bangalore South,3-5,Wednesday,13.5,3,0
CUST_15765,Bangalore East,3-5,Wednesday,12.02,3,0
CUST_15766,Bangalore East,10-12,Monday,5.54,1,1
CUST_15767,Bangalore East,12-3,Thursday,10.18,1,0
CUST_15768,Bangalore East,12-3,Friday,11.68,1,0
CUST_15769,Bangalore South,12-3,Tuesday,5.68,2,1
CUST_15770,Bangalore North,12-3,Thursday,14.96,2,0
CUST_15771,Bangalore Central,12-3,Thursday,3.38,1,0
CUST_15772,Bangalore North,12-3,Wednesday,13.83,1,1
CUST_15773,Bangalore Central,12-3,Thursday,4.5,1,1
CUST_15774,Bangalore Central,12-3,Friday,12.96,1,0
CUST_15775,Bangalore Central,12-3,Wednesday,10.87,2,0
CUST_15776,Bangalore South,12-3,Thursday,6.32,1,0
CUST_15777,Bangalore North,12-3,Friday,3.52,2,1
CUST_15778,Bangalore North,10-12,Wednesday,8.36,1,1
CUST_15779,Bangalore South,12-3,Tuesday,14.31,1,0
CUST_15780,Bangalore North,10-12,Monday,8.65,1,1
CUST_15781,Bangalore North,3-5,Tuesday,14.91,1,0
CUST_15782,Bangalore East,3-5,Tuesday,1.11,2,1
CUST_15783,Bangalore East,12-3,Monday,8.51,3,1
CUST_15784,Bangalore North,10-12,Tuesday,13.2,3,0
CUST_15785,Bangalore North,3-5,Friday,11.05,1,1
CUST_15786,Bangalore North,10-12,Friday,10.38,2,0
CUST_15787,Bangalore North,10-12,Thursday,8.54,3,1
CUST_15788,Bangalore East,12-3,Thursday,14.85,3,1
CUST_15789,Bangalore East,12-3,Wednesday,12.75,1,0
CUST_15790,Bangalore East,12-3,Wednesday,3.66,2,0
CUST_15791,Bangalore North,10-12,Wednesday,11.71,3,1
CUST_15792,Bangalore South,10-12,Friday,4.14,2,1
CUST_15793,Bangalore North,3-5,Wednesday,8.42,2,0
CUST_15794,Bangalore Central,12-3,Tuesday,5.1,1,1
CUST_15795,Bangalore South,12-3,Friday,2.44,1,1
CUST_15796,Bangalore East,12-3,Monday,4.78,1,1
CUST_15797,Bangalore North,3-5,Friday,6.22,2,1
CUST_15798,Bangalore North,10-12,Friday,9.18,1,1
CUST_15799,Bangalore North,3-5,Monday,7.54,1,1
CUST_15800,Bangalore North,3-5,Wednesday,8.67,3,1
CUST_15801,Bangalore South,3-5,Monday,7.39,1,0
CUST_15802,Bangalore South,3-5,Monday,2.94,2,0
CUST_15803,Bangalore Central,3-5,Monday,11.12,2,0
CUST_15804,Bangalore East,3-5,Friday,7.67,2,0
CUST_15805,Bangalore East,12-3,Wednesday,14.29,2,0
CUST_15806,Bangalore South,12-3,Wednesday,2.73,2,1
CUST_15807,Bangalore East,12-3,Friday,5.17,1,1
CUST_15808,Bangalore North,12-3,Tuesday,7.87,3,1
CUST_15809,Bangalore South,3-5,Monday,6.09,3,1
CUST_15810,Bangalore South,3-5,Friday,3.62,1,1
CUST_15811,Bangalore Central,10-12,Friday,1.03,2,0
CUST_15812,Bangalore East,3-5,Tuesday,7.47,1,0
CUST_15813,Bangalore South,10-12,Monday,11.15,3,1
CUST_15814,Bangalore South,3-5,Tuesday,9.46,2,1
CUST_15815,Bangalore South,12-3,Tuesday,2.9,1,1
CUST_15816,Bangalore East,10-12,Monday,5.21,2,0
CUST_15817,Bangalore North,10-12,Monday,8.45,3,0
CUST_15818,Bangalore Central,12-3,Thursday,8.17,2,0
CUST_15819,Bangalore Central,3-5,Monday,10.58,2,0
CUST_15820,Bangalore North,10-12,Wednesday,4.79,2,1
CUST_15821,Bangalore North,12-3,Wednesday,6.24,1,1
CUST_15822,Bangalore South,3-5,Monday,3.04,2,1
CUST_15823,Bangalore East,10-12,Wednesday,5.3,2,1
CUST_15824,Bangalore South,10-12,Thursday,12.76,3,1
CUST_15825,Bangalore East,3-5,Thursday,6.02,2,1
CUST_15826,Bangalore Central,3-5,Thursday,2.29,2,1
CUST_15827,Bangalore North,12-3,Wednesday,11.3,1,1
CUST_15828,Bangalore East,3-5,Thursday,11.75,1,0
CUST_15829,Bangalore North,12-3,Thursday,13.76,3,0
CUST_15830,Bangalore South,10-12,Monday,10.58,2,0
CUST_15831,Bangalore North,12-3,Thursday,6.51,3,1
CUST_15832,Bangalore Central,10-12,Thursday,4.53,2,0
CUST_15833,Bangalore East,12-3,Thursday,12.54,2,0
CUST_15834,Bangalore Central,12-3,Friday,4.96,2,1
CUST_15835,Bangalore Central,3-5,Thursday,7.62,3,0
CUST_15836,Bangalore North,3-5,Monday,14.57,2,1
CUST_15837,Bangalore East,12-3,Thursday,14.47,2,1
CUST_15838,Bangalore North,10-12,Thursday,11.05,3,0
CUST_15839,Bangalore Central,3-5,Wednesday,12.63,2,1
CUST_15840,Bangalore East,10-12,Wednesday,5.72,2,0
CUST_15841,Bangalore North,10-12,Tuesday,2.36,2,0
CUST_15842,Bangalore Central,3-5,Thursday,3.49,2,1
CUST_15843,Bangalore Central,3-5,Thursday,4.24,2,0
CUST_15844,Bangalore South,3-5,Friday,4.82,2,1
CUST_15845,Bangalore North,3-5,Thursday,9.69,2,0
CUST_15846,Bangalore South,12-3,Thursday,14.32,2,1
CUST_15847,Bangalore Central,12-3,Thursday,3.56,2,1
CUST_15848,Bangalore Central,3-5,Thursday,4.47,2,0
CUST_15849,Bangalore East,12-3,Tuesday,11.89,1,0
CUST_15850,Bangalore East,10-12,Monday,6.29,1,1
CUST_15851,Bangalore East,3-5,Tuesday,3.0,3,0
CUST_15852,Bangalore South,10-12,Monday,12.58,1,1
CUST_15853,Bangalore North,10-12,Friday,11.3,2,1
CUST_15854,Bangalore North,10-12,Wednesday,2.72,1,0
CUST_15855,Bangalore South,3-5,Thursday,5.32,2,1
CUST_15856,Bangalore South,3-5,Friday,6.92,2,1
CUST_15857,Bangalore East,3-5,Tuesday,13.17,3,1
CUST_15858,Bangalore North,12-3,Wednesday,1.32,2,1
CUST_15859,Bangalore Central,10-12,Thursday,1.75,3,1
CUST_15860,Bangalore East,10-12,Wednesday,2.15,2,0
CUST_15861,Bangalore South,12-3,Friday,8.46,2,1
CUST_15862,Bangalore South,10-12,Friday,8.87,2,0
CUST_15863,Bangalore South,3-5,Friday,3.51,2,0
CUST_15864,Bangalore Central,12-3,Thursday,9.99,2,0
CUST_15865,Bangalore Central,12-3,Tuesday,6.22,1,0
CUST_15866,Bangalore Central,10-12,Wednesday,7.96,3,0
CUST_15867,Bangalore Central,12-3,Thursday,14.0,3,0
CUST_15868,Bangalore Central,3-5,Friday,7.28,2,1
CUST_15869,Bangalore East,12-3,Monday,7.29,1,0
CUST_15870,Bangalore North,3-5,Tuesday,8.08,1,0
CUST_15871,Bangalore North,3-5,Thursday,12.1,2,1
CUST_15872,Bangalore North,3-5,Friday,5.06,2,0
CUST_15873,Bangalore East,3-5,Wednesday,2.57,2,1
CUST_15874,Bangalore North,10-12,Thursday,10.64,2,1
CUST_15875,Bangalore East,12-3,Friday,14.39,2,1
CUST_15876,Bangalore North,10-12,Friday,8.24,1,0
CUST_15877,Bangalore North,3-5,Wednesday,1.29,2,0
CUST_15878,Bangalore East,10-12,Wednesday,8.68,2,1
CUST_15879,Bangalore South,10-12,Tuesday,9.84,2,0
CUST_15880,Bangalore Central,12-3,Thursday,2.98,2,1
CUST_15881,Bangalore South,10-12,Wednesday,13.52,1,0
CUST_15882,Bangalore Central,3-5,Monday,1.54,2,1
CUST_15883,Bangalore Central,12-3,Wednesday,14.6,3,1
CUST_15884,Bangalore South,3-5,Monday,2.41,3,0
CUST_15885,Bangalore East,12-3,Thursday,4.64,3,0
CUST_15886,Bangalore Central,3-5,Friday,9.84,2,0
CUST_15887,Bangalore North,12-3,Tuesday,1.56,2,0
CUST_15888,Bangalore North,10-12,Friday,8.72,2,1
CUST_15889,Bangalore East,12-3,Friday,10.87,2,0
CUST_15890,Bangalore South,12-3,Thursday,12.66,3,1
CUST_15891,Bangalore Central,12-3,Tuesday,5.04,2,1
CUST_15892,Bangalore East,3-5,Friday,5.64,2,0
CUST_15893,Bangalore North,3-5,Friday,14.77,1,0
CUST_15894,Bangalore South,10-12,Wednesday,3.72,3,1
CUST_15895,Bangalore South,12-3,Monday,6.48,2,1
CUST_15896,Bangalore South,3-5,Tuesday,7.88,1,1
CUST_15897,Bangalore Central,12-3,Thursday,6.82,1,0
CUST_15898,Bangalore North,10-12,Thursday,2.27,2,0
CUST_15899,Bangalore South,3-5,Tuesday,3.94,2,1
CUST_15900,Bangalore East,3-5,Thursday,13.22,2,1
CUST_15901,Bangalore North,3-5,Friday,1.8,2,1
CUST_15902,Bangalore North,10-12,Friday,4.5,3,1
CUST_15903,Bangalore East,10-12,Tuesday,5.0,2,1
CUST_15904,Bangalore East,12-3,Friday,3.64,3,0
CUST_15905,Bangalore North,12-3,Monday,9.55,3,0
CUST_15906,Bangalore North,10-12,Thursday,4.95,3,1
CUST_15907,Bangalore East,10-12,Tuesday,14.71,2,1
CUST_15908,Bangalore North,3-5,Friday,4.56,2,0
CUST_15909,Bangalore Central,12-3,Thursday,3.77,3,0
CUST_15910,Bangalore South,10-12,Friday,10.6,3,0
CUST_15911,Bangalore Central,10-12,Wednesday,4.14,2,0
CUST_15912,Bangalore East,3-5,Friday,12.46,1,1
CUST_15913,Bangalore East,3-5,Friday,3.06,1,1
CUST_15914,Bangalore East,12-3,Thursday,3.37,2,0
CUST_15915,Bangalore South,3-5,Monday,13.95,2,1
CUST_15916,Bangalore East,12-3,Tuesday,4.86,2,0
CUST_15917,Bangalore Central,10-12,Thursday,2.3,1,1
CUST_15918,Bangalore Central,10-12,Monday,3.73,2,0
CUST_15919,Bangalore South,12-3,Monday,2.87,2,0
CUST_15920,Bangalore Central,12-3,Tuesday,6.02,2,0
CUST_15921,Bangalore Central,12-3,Wednesday,10.97,1,0
CUST_15922,Bangalore North,10-12,Wednesday,14.86,3,1
CUST_15923,Bangalore North,12-3,Monday,4.47,2,0
CUST_15924,Bangalore East,12-3,Thursday,3.84,1,0
CUST_15925,Bangalore East,3-5,Tuesday,1.97,1,1
CUST_15926,Bangalore South,12-3,Monday,11.28,2,0
CUST_15927,Bangalore South,12-3,Monday,14.06,3,0
CUST_15928,Bangalore South,12-3,Monday,3.86,3,1
CUST_15929,Bangalore South,10-12,Monday,8.15,2,0
CUST_15930,Bangalore Central,10-12,Tuesday,2.99,2,1
CUST_15931,Bangalore North,12-3,Wednesday,1.32,3,1
CUST_15932,Bangalore North,12-3,Tuesday,2.11,2,1
CUST_15933,Bangalore North,3-5,Wednesday,1.27,1,1
CUST_15934,Bangalore East,12-3,Friday,10.51,1,0
CUST_15935,Bangalore East,3-5,Tuesday,7.09,3,0
CUST_15936,Bangalore Central,12-3,Friday,1.51,2,1
CUST_15937,Bangalore North,3-5,Tuesday,14.35,3,1
CUST_15938,Bangalore South,10-12,Wednesday,4.16,2,0
CUST_15939,Bangalore North,12-3,Wednesday,1.53,2,1
CUST_15940,Bangalore South,12-3,Friday,13.45,1,1
CUST_15941,Bangalore Central,12-3,Thursday,10.13,1,1
CUST_15942,Bangalore East,12-3,Tuesday,14.5,3,0
CUST_15943,Bangalore East,10-12,Thursday,2.64,2,1
CUST_15944,Bangalore South,3-5,Tuesday,6.84,1,1
CUST_15945,Bangalore South,12-3,Monday,13.48,2,0
CUST_15946,Bangalore Central,3-5,Monday,5.88,2,0
CUST_15947,Bangalore East,10-12,Monday,1.57,1,0
CUST_15948,Bangalore East,10-12,Monday,11.07,3,1
CUST_15949,Bangalore East,3-5,Friday,14.62,2,1
CUST_15950,Bangalore South,3-5,Thursday,9.13,1,0
CUST_15951,Bangalore East,12-3,Friday,1.18,2,0
CUST_15952,Bangalore North,12-3,Wednesday,13.34,1,0
CUST_15953,Bangalore North,12-3,Tuesday,12.2,2,1
CUST_15954,Bangalore North,12-3,Thursday,9.45,3,1
CUST_15955,Bangalore East,3-5,Tuesday,12.79,2,0
CUST_15956,Bangalore North,10-12,Wednesday,2.16,2,0
CUST_15957,Bangalore North,12-3,Thursday,6.28,3,0
CUST_15958,Bangalore North,3-5,Wednesday,10.55,2,1
CUST_15959,Bangalore Central,3-5,Monday,5.75,2,0
CUST_15960,Bangalore Central,3-5,Monday,11.92,3,0
CUST_15961,Bangalore East,3-5,Wednesday,13.11,2,0
CUST_15962,Bangalore East,12-3,Monday,2.81,2,0
CUST_15963,Bangalore South,12-3,Thursday,1.18,1,0
CUST_15964,Bangalore North,12-3,Monday,12.35,3,0
CUST_15965,Bangalore Central,12-3,Wednesday,4.29,1,1
CUST_15966,Bangalore South,12-3,Tuesday,12.54,2,1
CUST_15967,Bangalore South,10-12,Wednesday,7.09,2,0
CUST_15968,Bangalore North,12-3,Monday,13.37,3,1
CUST_15969,Bangalore South,12-3,Monday,11.85,3,1
CUST_15970,Bangalore East,10-12,Wednesday,3.41,2,0
CUST_15971,Bangalore North,10-12,Monday,7.29,2,1
CUST_15972,Bangalore Central,10-12,Tuesday,1.98,1,0
CUST_15973,Bangalore South,12-3,Tuesday,7.73,3,0
CUST_15974,Bangalore North,3-5,Tuesday,5.48,3,1
CUST_15975,Bangalore Central,3-5,Wednesday,10.06,1,1
CUST_15976,Bangalore North,3-5,Friday,3.54,3,1
CUST_15977,Bangalore East,3-5,Thursday,8.21,3,0
CUST_15978,Bangalore North,10-12,Friday,4.41,2,1
CUST_15979,Bangalore North,12-3,Monday,7.37,2,1
CUST_15980,Bangalore East,10-12,Wednesday,4.39,2,1
CUST_15981,Bangalore South,12-3,Thursday,14.61,2,1
CUST_15982,Bangalore South,3-5,Monday,8.38,1,1
CUST_15983,Bangalore North,12-3,Thursday,6.16,3,1
CUST_15984,Bangalore North,12-3,Thursday,4.3,2,1
CUST_15985,Bangalore South,12-3,Monday,12.19,3,1
CUST_15986,Bangalore East,3-5,Thursday,1.99,2,0
CUST_15987,Bangalore North,12-3,Wednesday,10.94,1,0
CUST_15988,Bangalore East,12-3,Tuesday,8.34,1,0
CUST_15989,Bangalore Central,10-12,Wednesday,13.07,2,0
CUST_15990,Bangalore North,3-5,Monday,8.17,3,1
CUST_15991,Bangalore South,3-5,Wednesday,4.96,1,1
CUST_15992,Bangalore East,10-12,Tuesday,1.55,2,1
CUST_15993,Bangalore South,3-5,Wednesday,1.21,2,0
CUST_15994,Bangalore North,10-12,Tuesday,13.33,1,1
CUST_15995,Bangalore East,10-12,Tuesday,2.32,1,0
CUST_15996,Bangalore North,10-12,Friday,3.02,2,1
CUST_15997,Bangalore South,12-3,Thursday,5.62,1,1
CUST_15998,Bangalore East,12-3,Thursday,1.66,1,1
CUST_15999,Bangalore East,10-12,Friday,6.92,3,1
CUST_16000,Bangalore South,10-12,Tuesday,12.06,3,0
CUST_16001,Bangalore South,10-12,Tuesday,7.85,2,1
CUST_16002,Bangalore South,12-3,Thursday,12.55,3,0
CUST_16003,Bangalore South,3-5,Monday,8.82,2,0
CUST_16004,Bangalore Central,12-3,Tuesday,14.98,2,0
CUST_16005,Bangalore East,3-5,Thursday,14.74,1,0
CUST_16006,Bangalore South,10-12,Friday,4.99,1,0
CUST_16007,Bangalore East,12-3,Friday,9.73,2,0
CUST_16008,Bangalore South,12-3,Monday,1.86,2,0
CUST_16009,Bangalore Central,10-12,Friday,13.94,2,1
CUST_16010,Bangalore South,10-12,Friday,6.6,2,1
CUST_16011,Bangalore Central,10-12,Thursday,3.75,2,0
CUST_16012,Bangalore South,10-12,Wednesday,13.81,2,1
CUST_16013,Bangalore North,10-12,Wednesday,8.63,2,0
CUST_16014,Bangalore Central,3-5,Wednesday,13.07,2,0
CUST_16015,Bangalore North,3-5,Friday,6.09,1,1
CUST_16016,Bangalore North,12-3,Friday,10.33,1,1
CUST_16017,Bangalore East,12-3,Thursday,4.41,1,1
CUST_16018,Bangalore East,3-5,Wednesday,8.57,2,1
CUST_16019,Bangalore East,10-12,Monday,7.47,2,1
CUST_16020,Bangalore South,10-12,Wednesday,14.8,1,1
CUST_16021,Bangalore South,10-12,Friday,11.93,2,1
CUST_16022,Bangalore South,10-12,Thursday,5.57,2,0
CUST_16023,Bangalore East,10-12,Monday,2.04,2,1
CUST_16024,Bangalore North,3-5,Friday,14.97,2,1
CUST_16025,Bangalore South,12-3,Thursday,12.76,2,1
CUST_16026,Bangalore Central,12-3,Friday,12.52,2,1
CUST_16027,Bangalore North,10-12,Thursday,3.24,2,0
CUST_16028,Bangalore Central,12-3,Wednesday,8.73,1,0
CUST_16029,Bangalore South,12-3,Monday,3.99,1,1
CUST_16030,Bangalore Central,12-3,Thursday,8.38,2,0
CUST_16031,Bangalore South,12-3,Tuesday,14.48,2,0
CUST_16032,Bangalore Central,10-12,Thursday,14.58,2,1
CUST_16033,Bangalore East,10-12,Monday,1.51,2,0
CUST_16034,Bangalore North,10-12,Friday,7.71,3,0
CUST_16035,Bangalore East,3-5,Wednesday,11.48,3,1
CUST_16036,Bangalore South,12-3,Friday,5.73,1,0
CUST_16037,Bangalore North,3-5,Monday,4.42,2,0
CUST_16038,Bangalore Central,3-5,Wednesday,1.56,3,0
CUST_16039,Bangalore Central,10-12,Tuesday,2.14,3,1
CUST_16040,Bangalore South,3-5,Monday,9.65,3,0
CUST_16041,Bangalore Central,12-3,Friday,8.19,1,0
CUST_16042,Bangalore North,10-12,Wednesday,5.08,3,1
CUST_16043,Bangalore North,10-12,Friday,2.0,1,0
CUST_16044,Bangalore Central,10-12,Monday,8.88,3,1
CUST_16045,Bangalore Central,12-3,Monday,2.43,1,1
CUST_16046,Bangalore Central,3-5,Monday,1.38,2,1
CUST_16047,Bangalore South,12-3,Monday,11.21,1,0
CUST_16048,Bangalore North,10-12,Thursday,9.18,1,0
CUST_16049,Bangalore East,10-12,Tuesday,1.9,1,0
CUST_16050,Bangalore South,12-3,Thursday,12.89,1,0
CUST_16051,Bangalore South,3-5,Wednesday,3.09,3,1
CUST_16052,Bangalore East,12-3,Friday,8.21,2,0
CUST_16053,Bangalore Central,3-5,Monday,4.63,2,1
CUST_16054,Bangalore East,10-12,Wednesday,10.01,2,1
CUST_16055,Bangalore East,12-3,Thursday,1.66,2,1
CUST_16056,Bangalore Central,3-5,Friday,8.59,1,0
CUST_16057,Bangalore North,10-12,Friday,6.24,3,1
CUST_16058,Bangalore Central,3-5,Wednesday,5.01,3,1
CUST_16059,Bangalore East,3-5,Thursday,6.4,2,0
CUST_16060,Bangalore East,3-5,Wednesday,11.82,2,1
CUST_16061,Bangalore Central,12-3,Thursday,3.96,1,1
CUST_16062,Bangalore East,12-3,Friday,5.83,1,0
CUST_16063,Bangalore South,12-3,Friday,1.28,3,0
CUST_16064,Bangalore East,10-12,Friday,4.53,2,0
CUST_16065,Bangalore South,10-12,Friday,2.84,2,1
CUST_16066,Bangalore Central,12-3,Friday,12.56,2,0
CUST_16067,Bangalore North,3-5,Tuesday,5.07,2,0
CUST_16068,Bangalore East,12-3,Wednesday,12.89,3,0
CUST_16069,Bangalore South,3-5,Wednesday,2.47,3,1
CUST_16070,Bangalore North,10-12,Tuesday,14.93,1,1
CUST_16071,Bangalore East,3-5,Tuesday,7.92,1,1
CUST_16072,Bangalore East,3-5,Monday,4.86,3,0
CUST_16073,Bangalore North,12-3,Tuesday,6.04,2,0
CUST_16074,Bangalore South,12-3,Tuesday,8.7,2,0
CUST_16075,Bangalore North,10-12,Friday,3.72,1,0
CUST_16076,Bangalore South,10-12,Friday,1.16,2,1
CUST_16077,Bangalore East,12-3,Tuesday,13.64,1,1
CUST_16078,Bangalore Central,12-3,Tuesday,9.68,3,1
CUST_16079,Bangalore South,10-12,Wednesday,12.8,3,1
CUST_16080,Bangalore South,10-12,Monday,7.14,2,0
CUST_16081,Bangalore South,10-12,Monday,10.84,2,0
CUST_16082,Bangalore South,12-3,Wednesday,9.87,1,0
CUST_16083,Bangalore Central,12-3,Monday,14.61,2,0
CUST_16084,Bangalore North,12-3,Monday,14.49,3,0
CUST_16085,Bangalore East,12-3,Tuesday,1.38,3,1
CUST_16086,Bangalore Central,10-12,Wednesday,14.19,1,0
CUST_16087,Bangalore East,12-3,Wednesday,12.92,2,1
CUST_16088,Bangalore North,12-3,Wednesday,6.88,1,1
CUST_16089,Bangalore North,12-3,Wednesday,9.57,1,0
CUST_16090,Bangalore North,10-12,Tuesday,7.91,1,0
CUST_16091,Bangalore East,3-5,Tuesday,6.3,2,0
CUST_16092,Bangalore Central,10-12,Friday,2.52,1,0
CUST_16093,Bangalore South,10-12,Wednesday,10.75,2,1
CUST_16094,Bangalore East,10-12,Monday,3.01,1,1
CUST_16095,Bangalore Central,10-12,Thursday,3.91,2,0
CUST_16096,Bangalore Central,3-5,Friday,7.3,1,1
CUST_16097,Bangalore North,10-12,Wednesday,11.91,3,0
CUST_16098,Bangalore North,12-3,Monday,2.93,2,1
CUST_16099,Bangalore Central,10-12,Tuesday,1.13,2,0
CUST_16100,Bangalore Central,3-5,Tuesday,14.37,3,0
CUST_16101,Bangalore North,3-5,Wednesday,3.96,2,1
CUST_16102,Bangalore East,10-12,Tuesday,8.79,3,1
CUST_16103,Bangalore Central,3-5,Friday,11.66,2,0
CUST_16104,Bangalore Central,3-5,Wednesday,3.22,1,0
CUST_16105,Bangalore North,3-5,Tuesday,2.22,2,0
CUST_16106,Bangalore Central,12-3,Thursday,5.68,2,1
CUST_16107,Bangalore South,3-5,Friday,6.67,2,0
CUST_16108,Bangalore South,3-5,Tuesday,3.92,1,1
CUST_16109,Bangalore Central,12-3,Friday,8.74,2,1
CUST_16110,Bangalore South,12-3,Monday,13.41,1,1
CUST_16111,Bangalore South,12-3,Monday,2.66,3,1
CUST_16112,Bangalore South,12-3,Wednesday,12.29,2,1
CUST_16113,Bangalore Central,10-12,Friday,7.32,3,1
CUST_16114,Bangalore North,10-12,Tuesday,3.04,2,0
CUST_16115,Bangalore East,3-5,Tuesday,4.79,2,1
CUST_16116,Bangalore North,10-12,Wednesday,5.96,1,1
CUST_16117,Bangalore Central,12-3,Monday,5.62,3,1
CUST_16118,Bangalore Central,3-5,Tuesday,14.19,1,1
CUST_16119,Bangalore North,12-3,Tuesday,5.39,1,0
CUST_16120,Bangalore Central,10-12,Monday,2.66,1,1
CUST_16121,Bangalore Central,3-5,Monday,5.48,2,0
CUST_16122,Bangalore North,12-3,Wednesday,6.9,1,1
CUST_16123,Bangalore East,12-3,Monday,8.86,1,0
CUST_16124,Bangalore East,12-3,Monday,5.03,2,1
CUST_16125,Bangalore North,12-3,Thursday,11.7,2,1
CUST_16126,Bangalore North,10-12,Tuesday,9.97,2,1
CUST_16127,Bangalore South,10-12,Tuesday,13.09,2,1
CUST_16128,Bangalore North,12-3,Monday,6.39,2,0
CUST_16129,Bangalore Central,10-12,Friday,8.21,1,0
CUST_16130,Bangalore Central,10-12,Friday,4.99,1,0
CUST_16131,Bangalore East,10-12,Friday,2.82,2,1
CUST_16132,Bangalore East,10-12,Friday,1.41,2,1
CUST_16133,Bangalore Central,10-12,Wednesday,9.9,1,1
CUST_16134,Bangalore Central,12-3,Thursday,9.06,2,1
CUST_16135,Bangalore North,12-3,Monday,4.07,2,1
CUST_16136,Bangalore East,12-3,Tuesday,2.54,1,1
CUST_16137,Bangalore East,10-12,Monday,3.63,2,1
CUST_16138,Bangalore South,12-3,Wednesday,8.65,2,0
CUST_16139,Bangalore Central,12-3,Monday,10.33,3,1
CUST_16140,Bangalore Central,3-5,Wednesday,9.06,2,1
CUST_16141,Bangalore South,12-3,Thursday,6.99,1,0
CUST_16142,Bangalore Central,10-12,Monday,12.25,1,1
CUST_16143,Bangalore East,10-12,Wednesday,3.82,1,1
CUST_16144,Bangalore North,10-12,Thursday,2.19,1,0
CUST_16145,Bangalore South,10-12,Wednesday,2.85,1,0
CUST_16146,Bangalore East,12-3,Thursday,6.73,2,1
CUST_16147,Bangalore East,12-3,Monday,2.16,3,0
CUST_16148,Bangalore Central,10-12,Thursday,1.68,3,1
CUST_16149,Bangalore North,3-5,Friday,10.55,1,1
CUST_16150,Bangalore East,3-5,Tuesday,7.99,2,0
CUST_16151,Bangalore North,12-3,Friday,5.83,3,0
CUST_16152,Bangalore South,10-12,Tuesday,14.75,1,0
CUST_16153,Bangalore North,10-12,Monday,2.2,2,0
CUST_16154,Bangalore North,10-12,Wednesday,11.69,3,1
CUST_16155,Bangalore South,3-5,Friday,10.27,2,1
CUST_16156,Bangalore North,3-5,Monday,14.55,1,0
CUST_16157,Bangalore South,12-3,Wednesday,13.93,1,0
CUST_16158,Bangalore East,12-3,Thursday,5.51,2,1
CUST_16159,Bangalore South,3-5,Wednesday,5.25,2,1
CUST_16160,Bangalore East,12-3,Thursday,14.48,2,1
CUST_16161,Bangalore South,3-5,Monday,3.28,2,1
CUST_16162,Bangalore East,12-3,Friday,6.34,3,0
CUST_16163,Bangalore Central,10-12,Tuesday,10.91,2,1
CUST_16164,Bangalore East,12-3,Friday,9.6,1,0
CUST_16165,Bangalore Central,3-5,Friday,8.47,1,1
CUST_16166,Bangalore North,10-12,Friday,5.27,2,1
CUST_16167,Bangalore North,10-12,Monday,6.99,2,0
CUST_16168,Bangalore East,3-5,Monday,7.41,1,0
CUST_16169,Bangalore North,10-12,Wednesday,4.93,2,0
CUST_16170,Bangalore Central,12-3,Tuesday,13.81,2,1
CUST_16171,Bangalore North,10-12,Monday,10.82,1,0
CUST_16172,Bangalore South,12-3,Tuesday,10.31,2,1
CUST_16173,Bangalore Central,10-12,Friday,4.34,2,1
CUST_16174,Bangalore Central,10-12,Friday,9.84,1,0
CUST_16175,Bangalore Central,10-12,Thursday,1.21,3,0
CUST_16176,Bangalore South,10-12,Friday,5.04,2,1
CUST_16177,Bangalore East,12-3,Wednesday,7.41,1,0
CUST_16178,Bangalore South,3-5,Monday,4.17,2,1
CUST_16179,Bangalore South,10-12,Wednesday,6.23,3,1
CUST_16180,Bangalore North,12-3,Friday,4.07,2,0
CUST_16181,Bangalore South,3-5,Wednesday,8.21,3,1
CUST_16182,Bangalore Central,3-5,Tuesday,2.22,1,1
CUST_16183,Bangalore East,12-3,Tuesday,8.62,2,1
CUST_16184,Bangalore South,12-3,Monday,13.87,3,1
CUST_16185,Bangalore East,3-5,Thursday,4.75,2,1
CUST_16186,Bangalore Central,3-5,Monday,8.13,3,1
CUST_16187,Bangalore South,10-12,Thursday,6.42,2,0
CUST_16188,Bangalore North,12-3,Friday,10.97,1,1
CUST_16189,Bangalore East,10-12,Monday,8.05,2,1
CUST_16190,Bangalore Central,3-5,Tuesday,4.5,2,1
CUST_16191,Bangalore North,12-3,Friday,10.6,1,0
CUST_16192,Bangalore Central,12-3,Thursday,4.06,2,0
CUST_16193,Bangalore South,12-3,Wednesday,6.97,1,1
CUST_16194,Bangalore East,3-5,Friday,11.67,2,1
CUST_16195,Bangalore South,10-12,Thursday,5.66,3,1
CUST_16196,Bangalore North,10-12,Wednesday,2.41,3,0
CUST_16197,Bangalore East,12-3,Friday,1.07,3,1
CUST_16198,Bangalore South,3-5,Wednesday,9.96,1,0
CUST_16199,Bangalore South,12-3,Thursday,11.25,2,0
CUST_16200,Bangalore South,10-12,Monday,7.54,3,1
CUST_16201,Bangalore East,10-12,Monday,5.86,2,0
CUST_16202,Bangalore Central,10-12,Tuesday,5.91,2,0
CUST_16203,Bangalore East,10-12,Monday,5.96,1,0
CUST_16204,Bangalore East,10-12,Friday,11.82,2,1
CUST_16205,Bangalore North,10-12,Thursday,1.55,1,1
CUST_16206,Bangalore East,3-5,Thursday,12.67,1,1
CUST_16207,Bangalore North,10-12,Friday,6.7,1,0
CUST_16208,Bangalore Central,12-3,Wednesday,13.62,2,0
CUST_16209,Bangalore North,3-5,Friday,9.7,2,0
CUST_16210,Bangalore Central,10-12,Tuesday,1.98,2,1
CUST_16211,Bangalore South,12-3,Wednesday,4.04,3,0
CUST_16212,Bangalore Central,3-5,Wednesday,12.71,1,1
CUST_16213,Bangalore North,3-5,Wednesday,7.46,1,0
CUST_16214,Bangalore South,12-3,Tuesday,9.54,1,1
CUST_16215,Bangalore South,10-12,Thursday,9.89,1,0
CUST_16216,Bangalore East,3-5,Thursday,11.65,1,1
CUST_16217,Bangalore East,10-12,Tuesday,11.39,2,1
CUST_16218,Bangalore North,3-5,Friday,7.03,3,0
CUST_16219,Bangalore East,10-12,Wednesday,7.14,2,0
CUST_16220,Bangalore Central,12-3,Monday,2.58,3,0
CUST_16221,Bangalore East,12-3,Thursday,6.78,3,0
CUST_16222,Bangalore North,12-3,Friday,10.01,2,1
CUST_16223,Bangalore Central,10-12,Thursday,12.09,2,0
CUST_16224,Bangalore East,3-5,Wednesday,3.78,1,1
CUST_16225,Bangalore South,3-5,Thursday,13.11,3,0
CUST_16226,Bangalore South,12-3,Friday,11.15,2,1
CUST_16227,Bangalore South,10-12,Thursday,6.93,1,0
CUST_16228,Bangalore South,12-3,Tuesday,7.75,2,1
CUST_16229,Bangalore East,12-3,Tuesday,9.25,1,0
CUST_16230,Bangalore North,10-12,Thursday,14.53,1,1
CUST_16231,Bangalore East,3-5,Thursday,11.27,2,1
CUST_16232,Bangalore South,12-3,Friday,3.81,1,0
CUST_16233,Bangalore East,10-12,Wednesday,9.67,2,1
CUST_16234,Bangalore South,10-12,Monday,1.76,2,1
CUST_16235,Bangalore South,12-3,Tuesday,8.27,2,0
CUST_16236,Bangalore North,12-3,Monday,5.23,2,1
CUST_16237,Bangalore East,12-3,Tuesday,12.61,2,0
CUST_16238,Bangalore East,3-5,Friday,9.85,2,1
CUST_16239,Bangalore East,3-5,Thursday,9.67,1,1
CUST_16240,Bangalore South,12-3,Wednesday,8.19,2,0
CUST_16241,Bangalore East,10-12,Friday,4.89,1,1
CUST_16242,Bangalore Central,12-3,Wednesday,11.19,2,0
CUST_16243,Bangalore East,10-12,Tuesday,4.23,2,1
CUST_16244,Bangalore South,12-3,Tuesday,5.33,2,1
CUST_16245,Bangalore South,10-12,Monday,4.7,2,1
CUST_16246,Bangalore Central,10-12,Friday,14.28,1,0
CUST_16247,Bangalore North,3-5,Wednesday,10.56,1,1
CUST_16248,Bangalore East,12-3,Tuesday,13.68,2,1
CUST_16249,Bangalore South,3-5,Tuesday,9.92,2,1
CUST_16250,Bangalore South,3-5,Thursday,3.14,2,1
CUST_16251,Bangalore North,10-12,Tuesday,12.78,2,0
CUST_16252,Bangalore East,12-3,Friday,3.61,2,0
CUST_16253,Bangalore South,12-3,Monday,12.66,1,1
CUST_16254,Bangalore North,3-5,Wednesday,10.03,2,1
CUST_16255,Bangalore East,10-12,Tuesday,4.17,3,0
CUST_16256,Bangalore North,12-3,Thursday,10.34,3,1
CUST_16257,Bangalore East,3-5,Thursday,2.89,3,0
CUST_16258,Bangalore East,3-5,Thursday,13.64,1,1
CUST_16259,Bangalore East,3-5,Monday,9.04,1,1
CUST_16260,Bangalore East,12-3,Friday,12.51,1,0
CUST_16261,Bangalore Central,12-3,Thursday,2.56,1,1
CUST_16262,Bangalore North,10-12,Wednesday,12.7,1,0
CUST_16263,Bangalore East,10-12,Tuesday,10.78,1,1
CUST_16264,Bangalore Central,12-3,Friday,11.89,2,0
CUST_16265,Bangalore Central,3-5,Monday,3.13,2,0
CUST_16266,Bangalore South,12-3,Monday,6.9,1,1
CUST_16267,Bangalore East,10-12,Wednesday,5.41,1,0
CUST_16268,Bangalore East,12-3,Wednesday,9.11,1,1
CUST_16269,Bangalore East,12-3,Monday,9.97,3,1
CUST_16270,Bangalore Central,3-5,Tuesday,7.02,2,0
CUST_16271,Bangalore North,10-12,Thursday,9.69,1,1
CUST_16272,Bangalore East,12-3,Friday,9.26,2,1
CUST_16273,Bangalore South,10-12,Wednesday,12.62,3,0
CUST_16274,Bangalore Central,10-12,Thursday,8.16,1,0
CUST_16275,Bangalore North,10-12,Thursday,7.41,1,0
CUST_16276,Bangalore Central,10-12,Tuesday,6.96,1,1
CUST_16277,Bangalore South,3-5,Friday,3.64,1,0
CUST_16278,Bangalore East,12-3,Thursday,1.1,2,1
CUST_16279,Bangalore South,3-5,Friday,7.99,3,1
CUST_16280,Bangalore East,12-3,Monday,13.05,2,0
CUST_16281,Bangalore North,12-3,Thursday,4.34,1,1
CUST_16282,Bangalore East,3-5,Monday,11.91,1,0
CUST_16283,Bangalore South,3-5,Wednesday,12.5,2,1
CUST_16284,Bangalore East,3-5,Wednesday,13.75,3,1
CUST_16285,Bangalore North,10-12,Friday,11.6,1,0
CUST_16286,Bangalore South,10-12,Friday,2.05,2,0
CUST_16287,Bangalore North,12-3,Tuesday,2.95,2,0
CUST_16288,Bangalore North,3-5,Wednesday,11.8,1,1
CUST_16289,Bangalore East,3-5,Thursday,4.9,2,1
CUST_16290,Bangalore East,12-3,Friday,2.51,3,0
CUST_16291,Bangalore East,10-12,Tuesday,14.59,1,0
CUST_16292,Bangalore Central,12-3,Friday,4.99,1,1
CUST_16293,Bangalore Central,12-3,Wednesday,1.9,2,0
CUST_16294,Bangalore South,12-3,Monday,2.33,1,0
CUST_16295,Bangalore North,3-5,Tuesday,1.26,2,1
CUST_16296,Bangalore Central,3-5,Tuesday,6.21,2,0
CUST_16297,Bangalore South,10-12,Friday,6.27,1,1
CUST_16298,Bangalore South,12-3,Tuesday,8.24,1,1
CUST_16299,Bangalore North,12-3,Wednesday,2.47,2,0
CUST_16300,Bangalore Central,12-3,Wednesday,12.46,3,0
CUST_16301,Bangalore Central,10-12,Tuesday,4.09,1,0
CUST_16302,Bangalore North,3-5,Thursday,9.24,2,1
CUST_16303,Bangalore Central,10-12,Thursday,9.81,2,1
CUST_16304,Bangalore East,12-3,Monday,1.3,1,0
CUST_16305,Bangalore South,12-3,Thursday,13.03,2,1
CUST_16306,Bangalore South,10-12,Friday,11.53,2,0
CUST_16307,Bangalore South,12-3,Thursday,13.2,3,1
CUST_16308,Bangalore North,10-12,Friday,6.64,2,1
CUST_16309,Bangalore East,10-12,Tuesday,2.06,2,0
CUST_16310,Bangalore North,12-3,Thursday,5.53,2,1
CUST_16311,Bangalore Central,12-3,Tuesday,10.15,1,0
CUST_16312,Bangalore North,10-12,Monday,5.39,2,0
CUST_16313,Bangalore North,3-5,Monday,7.8,2,1
CUST_16314,Bangalore North,12-3,Wednesday,13.58,2,1
CUST_16315,Bangalore North,3-5,Monday,4.49,1,1
CUST_16316,Bangalore East,12-3,Tuesday,8.29,2,0
CUST_16317,Bangalore North,12-3,Wednesday,3.25,1,1
CUST_16318,Bangalore Central,3-5,Friday,9.2,2,1
CUST_16319,Bangalore East,10-12,Monday,6.99,2,1
CUST_16320,Bangalore South,3-5,Wednesday,11.82,2,1
CUST_16321,Bangalore South,10-12,Wednesday,3.52,3,0
CUST_16322,Bangalore South,3-5,Thursday,6.16,3,0
CUST_16323,Bangalore North,12-3,Tuesday,3.07,3,0
CUST_16324,Bangalore Central,3-5,Thursday,8.26,3,1
CUST_16325,Bangalore East,12-3,Tuesday,10.97,2,0
CUST_16326,Bangalore Central,3-5,Wednesday,5.27,2,1
CUST_16327,Bangalore Central,12-3,Thursday,2.89,2,1
CUST_16328,Bangalore North,3-5,Friday,10.54,3,1
CUST_16329,Bangalore East,10-12,Monday,3.05,2,0
CUST_16330,Bangalore Central,3-5,Tuesday,10.89,3,1
CUST_16331,Bangalore Central,12-3,Thursday,3.41,2,0
CUST_16332,Bangalore South,12-3,Monday,10.68,3,0
CUST_16333,Bangalore East,10-12,Tuesday,8.43,1,0
CUST_16334,Bangalore South,3-5,Tuesday,4.13,1,1
CUST_16335,Bangalore South,12-3,Monday,1.73,2,0
CUST_16336,Bangalore South,12-3,Monday,9.71,1,0
CUST_16337,Bangalore East,3-5,Monday,7.78,2,1
CUST_16338,Bangalore East,12-3,Thursday,1.26,2,1
CUST_16339,Bangalore East,3-5,Monday,3.49,3,0
CUST_16340,Bangalore East,12-3,Monday,11.19,2,0
CUST_16341,Bangalore North,3-5,Thursday,9.97,2,0
CUST_16342,Bangalore East,10-12,Wednesday,10.58,2,1
CUST_16343,Bangalore North,3-5,Monday,8.62,1,1
CUST_16344,Bangalore North,10-12,Wednesday,3.01,2,0
CUST_16345,Bangalore Central,12-3,Friday,12.14,2,1
CUST_16346,Bangalore East,3-5,Thursday,5.23,1,1
CUST_16347,Bangalore South,3-5,Friday,3.88,2,1
CUST_16348,Bangalore Central,12-3,Tuesday,12.92,2,1
CUST_16349,Bangalore South,12-3,Thursday,1.56,1,0
CUST_16350,Bangalore South,3-5,Thursday,12.2,2,0
CUST_16351,Bangalore Central,10-12,Friday,1.18,3,0
CUST_16352,Bangalore North,10-12,Monday,14.05,1,1
CUST_16353,Bangalore North,10-12,Friday,8.77,1,1
CUST_16354,Bangalore East,12-3,Monday,2.95,2,0
CUST_16355,Bangalore Central,10-12,Wednesday,13.7,2,0
CUST_16356,Bangalore Central,3-5,Friday,4.45,2,0
CUST_16357,Bangalore East,3-5,Tuesday,6.11,2,1
CUST_16358,Bangalore North,3-5,Friday,1.9,2,0
CUST_16359,Bangalore East,3-5,Monday,13.53,2,0
CUST_16360,Bangalore Central,10-12,Friday,9.72,2,0
CUST_16361,Bangalore Central,3-5,Thursday,3.6,2,1
CUST_16362,Bangalore East,12-3,Monday,5.96,2,1
CUST_16363,Bangalore North,3-5,Thursday,11.85,1,1
CUST_16364,Bangalore North,3-5,Thursday,14.83,2,1
CUST_16365,Bangalore East,10-12,Monday,5.33,2,1
CUST_16366,Bangalore North,12-3,Friday,13.27,2,1
CUST_16367,Bangalore East,10-12,Wednesday,13.43,2,0
CUST_16368,Bangalore North,12-3,Monday,6.51,2,1
CUST_16369,Bangalore South,12-3,Wednesday,3.38,1,1
CUST_16370,Bangalore East,12-3,Friday,11.43,1,0
CUST_16371,Bangalore Central,10-12,Tuesday,4.37,1,0
CUST_16372,Bangalore Central,3-5,Monday,2.01,2,1
CUST_16373,Bangalore East,12-3,Friday,14.24,2,1
CUST_16374,Bangalore East,10-12,Thursday,2.3,1,1
CUST_16375,Bangalore North,10-12,Thursday,6.25,2,0
CUST_16376,Bangalore South,12-3,Monday,6.7,1,1
CUST_16377,Bangalore Central,12-3,Monday,12.56,1,0
CUST_16378,Bangalore North,10-12,Monday,11.26,1,0
CUST_16379,Bangalore North,10-12,Wednesday,14.8,2,0
CUST_16380,Bangalore North,3-5,Tuesday,8.51,2,1
CUST_16381,Bangalore East,10-12,Thursday,4.26,2,0
CUST_16382,Bangalore North,10-12,Friday,9.69,3,1
CUST_16383,Bangalore East,3-5,Friday,1.43,1,0
CUST_16384,Bangalore South,10-12,Wednesday,6.81,3,0
CUST_16385,Bangalore South,3-5,Thursday,2.77,2,1
CUST_16386,Bangalore East,12-3,Thursday,12.35,1,0
CUST_16387,Bangalore South,12-3,Thursday,10.23,2,0
CUST_16388,Bangalore South,10-12,Wednesday,11.27,2,1
CUST_16389,Bangalore Central,3-5,Monday,11.03,1,1
CUST_16390,Bangalore North,3-5,Thursday,4.7,2,0
CUST_16391,Bangalore Central,10-12,Monday,7.96,2,0
CUST_16392,Bangalore South,10-12,Wednesday,3.9,2,1
CUST_16393,Bangalore East,3-5,Friday,11.51,1,1
CUST_16394,Bangalore Central,12-3,Monday,2.44,2,0
CUST_16395,Bangalore Central,12-3,Monday,7.1,1,1
CUST_16396,Bangalore South,3-5,Thursday,5.14,3,0
CUST_16397,Bangalore South,12-3,Thursday,6.22,2,1
CUST_16398,Bangalore North,3-5,Friday,3.03,3,1
CUST_16399,Bangalore South,3-5,Tuesday,8.61,1,1
CUST_16400,Bangalore East,12-3,Tuesday,14.43,2,0
CUST_16401,Bangalore North,12-3,Thursday,7.19,3,1
CUST_16402,Bangalore East,12-3,Tuesday,13.87,2,0
CUST_16403,Bangalore South,12-3,Monday,7.63,2,1
CUST_16404,Bangalore East,10-12,Thursday,11.28,2,0
CUST_16405,Bangalore South,10-12,Tuesday,1.66,3,0
CUST_16406,Bangalore South,3-5,Thursday,12.49,1,1
CUST_16407,Bangalore Central,12-3,Wednesday,2.48,1,0
CUST_16408,Bangalore East,10-12,Monday,12.72,2,0
CUST_16409,Bangalore North,3-5,Thursday,13.31,2,0
CUST_16410,Bangalore North,3-5,Friday,10.3,3,0
CUST_16411,Bangalore North,12-3,Tuesday,12.88,1,1
CUST_16412,Bangalore East,3-5,Tuesday,6.11,2,1
CUST_16413,Bangalore East,3-5,Thursday,4.48,1,1
CUST_16414,Bangalore South,3-5,Tuesday,1.77,3,0
CUST_16415,Bangalore East,3-5,Thursday,3.34,2,0
CUST_16416,Bangalore Central,3-5,Tuesday,14.47,2,0
CUST_16417,Bangalore North,10-12,Monday,13.87,1,1
CUST_16418,Bangalore Central,12-3,Thursday,8.88,3,1
CUST_16419,Bangalore Central,12-3,Monday,1.35,1,1
CUST_16420,Bangalore East,10-12,Monday,6.17,3,1
CUST_16421,Bangalore South,3-5,Monday,2.73,2,0
CUST_16422,Bangalore South,10-12,Wednesday,12.21,2,0
CUST_16423,Bangalore South,12-3,Thursday,3.16,2,0
CUST_16424,Bangalore North,12-3,Wednesday,9.5,1,1
CUST_16425,Bangalore Central,12-3,Friday,10.49,1,1
CUST_16426,Bangalore North,10-12,Wednesday,6.35,1,1
CUST_16427,Bangalore Central,10-12,Thursday,13.47,2,1
CUST_16428,Bangalore North,10-12,Wednesday,3.26,3,1
CUST_16429,Bangalore South,12-3,Monday,3.39,3,1
CUST_16430,Bangalore East,12-3,Thursday,6.32,1,0
CUST_16431,Bangalore North,12-3,Thursday,1.08,1,0
CUST_16432,Bangalore East,12-3,Friday,8.35,3,0
CUST_16433,Bangalore North,12-3,Wednesday,7.71,1,0
CUST_16434,Bangalore North,3-5,Friday,4.35,2,1
CUST_16435,Bangalore South,10-12,Wednesday,10.45,3,0
CUST_16436,Bangalore East,12-3,Monday,14.89,2,0
CUST_16437,Bangalore Central,12-3,Monday,5.93,3,1
CUST_16438,Bangalore East,12-3,Wednesday,13.1,2,0
CUST_16439,Bangalore Central,12-3,Wednesday,5.07,3,1
CUST_16440,Bangalore East,12-3,Monday,14.67,2,1
CUST_16441,Bangalore East,3-5,Monday,13.54,2,1
CUST_16442,Bangalore North,12-3,Friday,13.58,3,1
CUST_16443,Bangalore Central,10-12,Friday,1.74,2,1
CUST_16444,Bangalore Central,10-12,Monday,1.24,1,1
CUST_16445,Bangalore Central,10-12,Wednesday,4.17,1,1
CUST_16446,Bangalore East,12-3,Wednesday,2.27,2,1
CUST_16447,Bangalore East,3-5,Thursday,14.53,2,1
CUST_16448,Bangalore Central,3-5,Thursday,10.72,1,0
CUST_16449,Bangalore North,3-5,Wednesday,14.61,1,1
CUST_16450,Bangalore Central,10-12,Tuesday,6.72,2,0
CUST_16451,Bangalore Central,10-12,Tuesday,9.93,2,1
CUST_16452,Bangalore South,12-3,Thursday,5.88,2,1
CUST_16453,Bangalore North,10-12,Thursday,10.2,2,1
CUST_16454,Bangalore South,3-5,Wednesday,5.13,2,0
CUST_16455,Bangalore Central,10-12,Thursday,10.55,1,0
CUST_16456,Bangalore North,12-3,Tuesday,6.35,2,0
CUST_16457,Bangalore South,12-3,Monday,14.15,2,0
CUST_16458,Bangalore South,10-12,Tuesday,3.5,2,0
CUST_16459,Bangalore South,12-3,Friday,13.25,2,0
CUST_16460,Bangalore South,12-3,Friday,3.14,1,1
CUST_16461,Bangalore South,10-12,Tuesday,7.4,1,1
CUST_16462,Bangalore North,10-12,Monday,6.19,2,1
CUST_16463,Bangalore North,3-5,Wednesday,11.57,1,1
CUST_16464,Bangalore South,12-3,Thursday,1.21,2,0
CUST_16465,Bangalore Central,10-12,Thursday,13.85,1,1
CUST_16466,Bangalore East,3-5,Wednesday,7.93,2,0
CUST_16467,Bangalore South,12-3,Wednesday,10.86,1,1
CUST_16468,Bangalore East,10-12,Thursday,10.54,2,0
CUST_16469,Bangalore North,10-12,Monday,11.42,3,0
CUST_16470,Bangalore Central,3-5,Tuesday,3.11,2,0
CUST_16471,Bangalore East,3-5,Thursday,6.96,2,1
CUST_16472,Bangalore East,3-5,Thursday,7.79,3,0
CUST_16473,Bangalore East,12-3,Wednesday,7.35,1,0
CUST_16474,Bangalore East,3-5,Tuesday,13.25,1,1
CUST_16475,Bangalore South,12-3,Friday,10.59,2,1
CUST_16476,Bangalore North,3-5,Friday,4.17,2,0
CUST_16477,Bangalore South,12-3,Tuesday,9.74,3,1
CUST_16478,Bangalore North,3-5,Monday,4.29,2,1
CUST_16479,Bangalore North,10-12,Friday,8.94,1,0
CUST_16480,Bangalore South,3-5,Friday,14.71,2,0
CUST_16481,Bangalore North,10-12,Tuesday,11.85,2,1
CUST_16482,Bangalore East,10-12,Friday,9.99,3,1
CUST_16483,Bangalore East,10-12,Wednesday,6.78,2,0
CUST_16484,Bangalore Central,12-3,Monday,9.26,2,1
CUST_16485,Bangalore East,10-12,Wednesday,10.2,2,0
CUST_16486,Bangalore East,12-3,Tuesday,9.77,2,1
CUST_16487,Bangalore East,3-5,Friday,6.55,2,0
CUST_16488,Bangalore North,12-3,Thursday,14.13,1,1
CUST_16489,Bangalore Central,3-5,Monday,6.86,3,0
CUST_16490,Bangalore North,12-3,Tuesday,7.64,2,0
CUST_16491,Bangalore North,3-5,Thursday,4.44,1,1
CUST_16492,Bangalore East,12-3,Tuesday,14.56,2,1
CUST_16493,Bangalore South,3-5,Thursday,12.01,2,1
CUST_16494,Bangalore South,10-12,Friday,2.08,2,1
CUST_16495,Bangalore East,3-5,Wednesday,13.23,2,1
CUST_16496,Bangalore North,10-12,Monday,14.76,2,0
CUST_16497,Bangalore North,10-12,Tuesday,9.02,3,1
CUST_16498,Bangalore North,10-12,Tuesday,9.98,3,1
CUST_16499,Bangalore South,10-12,Thursday,5.94,2,1
CUST_16500,Bangalore South,12-3,Tuesday,3.87,2,1
CUST_16501,Bangalore Central,12-3,Monday,13.23,2,0
CUST_16502,Bangalore East,12-3,Monday,1.34,3,1
CUST_16503,Bangalore South,3-5,Thursday,10.32,1,0
CUST_16504,Bangalore East,3-5,Wednesday,4.0,1,1
CUST_16505,Bangalore East,12-3,Friday,14.03,2,0
CUST_16506,Bangalore North,10-12,Thursday,7.15,3,0
CUST_16507,Bangalore South,10-12,Thursday,7.63,1,1
CUST_16508,Bangalore South,12-3,Friday,9.19,2,1
CUST_16509,Bangalore North,3-5,Friday,1.8,1,1
CUST_16510,Bangalore East,10-12,Friday,12.07,1,0
CUST_16511,Bangalore Central,3-5,Friday,3.47,2,0
CUST_16512,Bangalore South,10-12,Wednesday,8.6,2,1
CUST_16513,Bangalore Central,10-12,Thursday,2.56,2,1
CUST_16514,Bangalore East,12-3,Friday,6.91,3,0
CUST_16515,Bangalore South,12-3,Tuesday,8.71,2,0
CUST_16516,Bangalore North,3-5,Wednesday,10.97,1,0
CUST_16517,Bangalore East,12-3,Monday,2.86,3,0
CUST_16518,Bangalore East,12-3,Wednesday,12.87,1,0
CUST_16519,Bangalore South,3-5,Thursday,1.13,2,0
CUST_16520,Bangalore East,3-5,Wednesday,8.43,2,0
CUST_16521,Bangalore South,10-12,Tuesday,8.48,2,0
CUST_16522,Bangalore East,12-3,Wednesday,5.97,1,0
CUST_16523,Bangalore South,3-5,Wednesday,12.85,2,1
CUST_16524,Bangalore East,3-5,Tuesday,4.03,1,0
CUST_16525,Bangalore North,3-5,Wednesday,3.46,1,0
CUST_16526,Bangalore East,3-5,Thursday,4.49,1,0
CUST_16527,Bangalore North,12-3,Tuesday,6.1,2,1
CUST_16528,Bangalore South,10-12,Thursday,1.87,3,0
CUST_16529,Bangalore East,12-3,Tuesday,7.64,2,1
CUST_16530,Bangalore South,12-3,Tuesday,12.76,3,0
CUST_16531,Bangalore South,12-3,Monday,13.84,2,0
CUST_16532,Bangalore South,3-5,Friday,3.28,2,0
CUST_16533,Bangalore Central,10-12,Wednesday,6.71,1,0
CUST_16534,Bangalore South,10-12,Wednesday,12.95,1,1
CUST_16535,Bangalore North,3-5,Wednesday,11.99,1,0
CUST_16536,Bangalore North,12-3,Friday,1.85,2,0
CUST_16537,Bangalore East,12-3,Friday,9.34,2,1
CUST_16538,Bangalore South,3-5,Wednesday,4.32,3,1
CUST_16539,Bangalore Central,10-12,Friday,14.86,1,1
CUST_16540,Bangalore East,12-3,Monday,9.52,3,1
CUST_16541,Bangalore East,12-3,Wednesday,13.16,3,0
CUST_16542,Bangalore Central,3-5,Tuesday,2.86,2,1
CUST_16543,Bangalore East,12-3,Wednesday,3.06,2,1
CUST_16544,Bangalore North,12-3,Monday,3.21,2,0
CUST_16545,Bangalore East,10-12,Friday,10.29,2,1
CUST_16546,Bangalore South,3-5,Friday,1.82,2,0
CUST_16547,Bangalore Central,3-5,Friday,3.47,2,1
CUST_16548,Bangalore South,3-5,Friday,12.38,1,1
CUST_16549,Bangalore South,12-3,Thursday,2.26,2,0
CUST_16550,Bangalore North,12-3,Monday,13.86,1,0
CUST_16551,Bangalore South,10-12,Friday,11.71,1,0
CUST_16552,Bangalore South,10-12,Friday,2.32,2,0
CUST_16553,Bangalore South,10-12,Wednesday,6.66,2,1
CUST_16554,Bangalore North,10-12,Wednesday,1.1,3,0
CUST_16555,Bangalore South,3-5,Wednesday,10.45,2,1
CUST_16556,Bangalore East,3-5,Monday,1.58,2,0
CUST_16557,Bangalore South,3-5,Friday,3.82,2,0
CUST_16558,Bangalore South,10-12,Thursday,2.57,2,1
CUST_16559,Bangalore Central,10-12,Monday,2.48,3,0
CUST_16560,Bangalore South,10-12,Thursday,1.71,3,0
CUST_16561,Bangalore Central,12-3,Thursday,12.65,3,0
CUST_16562,Bangalore South,10-12,Wednesday,1.53,2,0
CUST_16563,Bangalore South,10-12,Wednesday,10.44,2,0
CUST_16564,Bangalore South,3-5,Wednesday,7.18,3,1
CUST_16565,Bangalore East,12-3,Monday,14.48,2,0
CUST_16566,Bangalore East,12-3,Thursday,13.35,2,1
CUST_16567,Bangalore North,12-3,Wednesday,11.05,1,0
CUST_16568,Bangalore Central,10-12,Thursday,3.04,2,1
CUST_16569,Bangalore North,3-5,Wednesday,9.76,2,1
CUST_16570,Bangalore North,10-12,Friday,8.23,2,1
CUST_16571,Bangalore East,12-3,Wednesday,9.37,1,0
CUST_16572,Bangalore South,12-3,Wednesday,7.12,1,1
CUST_16573,Bangalore Central,12-3,Thursday,4.49,2,1
CUST_16574,Bangalore Central,3-5,Wednesday,10.4,2,0
CUST_16575,Bangalore Central,10-12,Friday,8.35,2,1
CUST_16576,Bangalore East,10-12,Tuesday,1.88,1,1
CUST_16577,Bangalore East,3-5,Monday,11.3,2,0
CUST_16578,Bangalore East,10-12,Wednesday,12.7,1,0
CUST_16579,Bangalore South,10-12,Tuesday,14.28,2,1
CUST_16580,Bangalore East,3-5,Thursday,10.03,3,1
CUST_16581,Bangalore East,10-12,Wednesday,5.7,2,0
CUST_16582,Bangalore North,10-12,Monday,5.39,3,0
CUST_16583,Bangalore East,10-12,Friday,4.91,2,0
CUST_16584,Bangalore Central,10-12,Wednesday,2.03,1,0
CUST_16585,Bangalore East,12-3,Friday,11.21,2,0
CUST_16586,Bangalore South,3-5,Thursday,3.46,2,1
CUST_16587,Bangalore Central,10-12,Wednesday,12.03,1,1
CUST_16588,Bangalore East,3-5,Friday,6.01,1,1
CUST_16589,Bangalore North,12-3,Friday,7.42,1,0
CUST_16590,Bangalore South,12-3,Wednesday,8.69,1,1
CUST_16591,Bangalore East,10-12,Friday,11.25,2,0
CUST_16592,Bangalore South,10-12,Thursday,11.09,2,1
CUST_16593,Bangalore East,12-3,Friday,14.57,1,1
CUST_16594,Bangalore North,3-5,Tuesday,1.3,1,1
CUST_16595,Bangalore Central,10-12,Tuesday,14.77,2,1
CUST_16596,Bangalore East,3-5,Friday,13.56,2,0
CUST_16597,Bangalore North,10-12,Wednesday,4.95,3,0
CUST_16598,Bangalore South,12-3,Monday,1.01,1,1
CUST_16599,Bangalore South,3-5,Tuesday,7.14,1,0
CUST_16600,Bangalore North,12-3,Monday,7.27,1,0
CUST_16601,Bangalore North,10-12,Tuesday,1.02,2,0
CUST_16602,Bangalore North,12-3,Monday,12.35,2,0
CUST_16603,Bangalore South,10-12,Monday,8.71,2,1
CUST_16604,Bangalore East,10-12,Wednesday,13.04,1,0
CUST_16605,Bangalore Central,10-12,Thursday,1.6,3,0
CUST_16606,Bangalore North,3-5,Thursday,13.77,1,0
CUST_16607,Bangalore South,10-12,Friday,5.95,2,0
CUST_16608,Bangalore South,10-12,Monday,4.39,3,1
CUST_16609,Bangalore Central,3-5,Tuesday,3.09,1,0
CUST_16610,Bangalore North,12-3,Monday,10.19,3,0
CUST_16611,Bangalore Central,12-3,Wednesday,12.36,3,1
CUST_16612,Bangalore East,10-12,Friday,2.69,3,1
CUST_16613,Bangalore East,3-5,Friday,1.22,1,1
CUST_16614,Bangalore East,10-12,Tuesday,10.55,2,1
CUST_16615,Bangalore East,10-12,Tuesday,8.78,2,0
CUST_16616,Bangalore East,12-3,Tuesday,5.11,2,1
CUST_16617,Bangalore Central,10-12,Tuesday,3.51,2,1
CUST_16618,Bangalore North,12-3,Monday,13.2,2,1
CUST_16619,Bangalore Central,3-5,Thursday,7.45,2,0
CUST_16620,Bangalore North,12-3,Tuesday,8.94,1,0
CUST_16621,Bangalore North,12-3,Wednesday,4.16,3,1
CUST_16622,Bangalore East,3-5,Monday,1.48,3,0
CUST_16623,Bangalore North,3-5,Tuesday,11.41,2,1
CUST_16624,Bangalore East,12-3,Monday,1.41,3,0
CUST_16625,Bangalore South,10-12,Thursday,1.73,1,0
CUST_16626,Bangalore South,3-5,Tuesday,9.68,1,1
CUST_16627,Bangalore Central,12-3,Monday,1.62,2,1
CUST_16628,Bangalore South,10-12,Monday,4.97,1,0
CUST_16629,Bangalore South,12-3,Thursday,4.72,1,1
CUST_16630,Bangalore East,10-12,Wednesday,7.94,1,1
CUST_16631,Bangalore East,12-3,Tuesday,4.64,1,0
CUST_16632,Bangalore South,3-5,Friday,2.55,1,1
CUST_16633,Bangalore North,10-12,Wednesday,10.36,2,0
CUST_16634,Bangalore East,3-5,Thursday,11.93,2,1
CUST_16635,Bangalore South,3-5,Monday,7.42,2,1
CUST_16636,Bangalore South,12-3,Wednesday,14.07,2,0
CUST_16637,Bangalore East,3-5,Monday,11.36,3,0
CUST_16638,Bangalore Central,12-3,Tuesday,3.04,1,1
CUST_16639,Bangalore North,10-12,Friday,9.42,2,0
CUST_16640,Bangalore South,10-12,Friday,5.11,2,0
CUST_16641,Bangalore South,3-5,Wednesday,14.32,1,1
CUST_16642,Bangalore Central,10-12,Wednesday,6.17,2,1
CUST_16643,Bangalore North,10-12,Tuesday,11.15,3,0
CUST_16644,Bangalore South,12-3,Wednesday,10.26,2,1
CUST_16645,Bangalore North,12-3,Monday,8.72,1,1
CUST_16646,Bangalore North,10-12,Thursday,4.7,1,1
CUST_16647,Bangalore East,10-12,Wednesday,3.37,2,1
CUST_16648,Bangalore South,12-3,Wednesday,3.87,3,0
CUST_16649,Bangalore Central,12-3,Monday,5.76,2,1
CUST_16650,Bangalore Central,12-3,Thursday,8.81,1,1
CUST_16651,Bangalore North,10-12,Wednesday,7.97,2,0
CUST_16652,Bangalore North,3-5,Wednesday,4.46,1,1
CUST_16653,Bangalore East,10-12,Tuesday,6.57,2,0
CUST_16654,Bangalore South,3-5,Tuesday,7.1,2,0
CUST_16655,Bangalore Central,3-5,Tuesday,14.75,1,0
CUST_16656,Bangalore Central,12-3,Friday,12.3,2,1
CUST_16657,Bangalore South,10-12,Friday,5.11,3,0
CUST_16658,Bangalore North,3-5,Wednesday,6.25,3,1
CUST_16659,Bangalore North,12-3,Thursday,3.59,2,1
CUST_16660,Bangalore East,10-12,Friday,9.33,2,0
CUST_16661,Bangalore South,12-3,Friday,13.64,2,0
CUST_16662,Bangalore North,10-12,Thursday,14.85,1,1
CUST_16663,Bangalore South,10-12,Monday,10.93,2,1
CUST_16664,Bangalore Central,12-3,Monday,1.54,1,1
CUST_16665,Bangalore South,12-3,Thursday,14.72,2,0
CUST_16666,Bangalore Central,10-12,Wednesday,10.8,3,0
CUST_16667,Bangalore Central,12-3,Wednesday,5.61,3,0
CUST_16668,Bangalore South,12-3,Wednesday,12.92,1,1
CUST_16669,Bangalore Central,12-3,Thursday,13.98,3,1
CUST_16670,Bangalore South,10-12,Thursday,3.57,2,1
CUST_16671,Bangalore South,12-3,Wednesday,12.71,3,1
CUST_16672,Bangalore East,12-3,Monday,12.06,2,1
CUST_16673,Bangalore North,3-5,Thursday,5.71,1,0
CUST_16674,Bangalore North,12-3,Wednesday,7.86,2,1
CUST_16675,Bangalore Central,10-12,Tuesday,6.97,2,1
CUST_16676,Bangalore South,10-12,Friday,6.77,3,0
CUST_16677,Bangalore East,3-5,Monday,4.6,3,0
CUST_16678,Bangalore Central,10-12,Tuesday,5.98,2,1
CUST_16679,Bangalore Central,3-5,Wednesday,13.35,2,1
CUST_16680,Bangalore North,10-12,Thursday,7.8,2,1
CUST_16681,Bangalore East,3-5,Thursday,5.74,2,1
CUST_16682,Bangalore South,10-12,Thursday,14.77,2,0
CUST_16683,Bangalore East,12-3,Thursday,14.81,1,1
CUST_16684,Bangalore South,10-12,Thursday,8.37,3,1
CUST_16685,Bangalore South,3-5,Tuesday,4.15,3,1
CUST_16686,Bangalore North,3-5,Wednesday,1.19,3,0
CUST_16687,Bangalore East,3-5,Thursday,3.97,2,1
CUST_16688,Bangalore East,3-5,Tuesday,3.9,1,0
CUST_16689,Bangalore North,12-3,Friday,2.05,2,0
CUST_16690,Bangalore North,10-12,Thursday,12.07,2,1
CUST_16691,Bangalore North,3-5,Friday,4.89,2,0
CUST_16692,Bangalore Central,3-5,Wednesday,8.75,1,0
CUST_16693,Bangalore Central,10-12,Thursday,12.64,3,1
CUST_16694,Bangalore East,3-5,Friday,14.56,3,0
CUST_16695,Bangalore South,10-12,Monday,11.13,2,0
CUST_16696,Bangalore Central,10-12,Monday,3.94,1,0
CUST_16697,Bangalore South,10-12,Friday,12.53,2,0
CUST_16698,Bangalore East,12-3,Thursday,9.71,2,0
CUST_16699,Bangalore Central,3-5,Friday,2.01,1,0
CUST_16700,Bangalore South,3-5,Thursday,8.49,1,0
CUST_16701,Bangalore East,12-3,Friday,3.39,1,1
CUST_16702,Bangalore East,3-5,Tuesday,8.73,3,0
CUST_16703,Bangalore South,3-5,Thursday,5.86,2,0
CUST_16704,Bangalore East,12-3,Tuesday,14.91,3,1
CUST_16705,Bangalore East,12-3,Thursday,1.65,3,1
CUST_16706,Bangalore East,10-12,Monday,9.27,1,0
CUST_16707,Bangalore South,12-3,Tuesday,10.23,1,1
CUST_16708,Bangalore Central,3-5,Thursday,7.73,2,1
CUST_16709,Bangalore Central,12-3,Monday,8.1,1,1
CUST_16710,Bangalore East,10-12,Friday,14.57,2,0
CUST_16711,Bangalore North,12-3,Monday,6.25,2,1
CUST_16712,Bangalore Central,12-3,Friday,13.84,2,0
CUST_16713,Bangalore Central,12-3,Friday,14.77,2,1
CUST_16714,Bangalore Central,12-3,Friday,10.68,1,1
CUST_16715,Bangalore East,10-12,Wednesday,9.71,1,1
CUST_16716,Bangalore North,12-3,Thursday,9.62,2,1
CUST_16717,Bangalore North,3-5,Tuesday,10.86,2,0
CUST_16718,Bangalore Central,3-5,Friday,3.42,2,1
CUST_16719,Bangalore North,3-5,Wednesday,1.82,1,1
CUST_16720,Bangalore North,10-12,Wednesday,9.17,2,1
CUST_16721,Bangalore South,10-12,Wednesday,11.54,2,0
CUST_16722,Bangalore South,12-3,Monday,5.97,3,1
CUST_16723,Bangalore East,12-3,Tuesday,3.86,3,1
CUST_16724,Bangalore North,3-5,Friday,10.43,1,1
CUST_16725,Bangalore South,10-12,Monday,9.99,2,0
CUST_16726,Bangalore South,3-5,Thursday,6.21,2,1
CUST_16727,Bangalore East,10-12,Tuesday,7.26,2,1
CUST_16728,Bangalore East,3-5,Tuesday,10.79,1,0
CUST_16729,Bangalore North,3-5,Friday,11.7,3,0
CUST_16730,Bangalore East,12-3,Wednesday,11.87,2,0
CUST_16731,Bangalore Central,10-12,Friday,8.2,3,1
CUST_16732,Bangalore East,12-3,Monday,14.32,2,0
CUST_16733,Bangalore Central,10-12,Tuesday,7.61,1,1
CUST_16734,Bangalore South,10-12,Friday,13.0,2,1
CUST_16735,Bangalore North,12-3,Tuesday,7.68,2,0
CUST_16736,Bangalore North,10-12,Friday,14.49,3,1
CUST_16737,Bangalore North,3-5,Friday,1.19,2,0
CUST_16738,Bangalore East,12-3,Thursday,4.86,2,1
CUST_16739,Bangalore Central,12-3,Wednesday,10.44,1,0
CUST_16740,Bangalore Central,12-3,Tuesday,1.85,2,0
CUST_16741,Bangalore North,10-12,Wednesday,5.61,1,1
CUST_16742,Bangalore North,10-12,Monday,3.63,1,1
CUST_16743,Bangalore East,12-3,Tuesday,6.57,2,0
CUST_16744,Bangalore South,3-5,Friday,5.03,3,1
CUST_16745,Bangalore East,3-5,Tuesday,10.83,3,0
CUST_16746,Bangalore Central,10-12,Tuesday,8.65,2,1
CUST_16747,Bangalore Central,3-5,Wednesday,4.55,1,1
CUST_16748,Bangalore East,10-12,Friday,5.28,2,1
CUST_16749,Bangalore North,12-3,Friday,9.87,2,1
CUST_16750,Bangalore North,10-12,Monday,14.22,1,0
CUST_16751,Bangalore South,10-12,Monday,4.02,1,0
CUST_16752,Bangalore South,3-5,Monday,5.32,1,1
CUST_16753,Bangalore Central,3-5,Tuesday,3.28,2,1
CUST_16754,Bangalore Central,3-5,Monday,12.49,2,1
CUST_16755,Bangalore Central,12-3,Thursday,4.04,1,0
CUST_16756,Bangalore South,3-5,Wednesday,2.94,2,1
CUST_16757,Bangalore East,10-12,Thursday,7.4,2,1
CUST_16758,Bangalore Central,10-12,Wednesday,4.92,2,1
CUST_16759,Bangalore North,12-3,Monday,8.06,2,0
CUST_16760,Bangalore North,10-12,Thursday,5.14,2,1
CUST_16761,Bangalore Central,3-5,Thursday,6.33,1,1
CUST_16762,Bangalore South,12-3,Friday,12.91,2,0
CUST_16763,Bangalore Central,3-5,Tuesday,3.96,1,0
CUST_16764,Bangalore Central,10-12,Monday,1.43,3,1
CUST_16765,Bangalore North,3-5,Monday,12.36,3,0
CUST_16766,Bangalore East,10-12,Friday,14.77,2,0
CUST_16767,Bangalore North,10-12,Monday,6.9,1,1
CUST_16768,Bangalore North,10-12,Thursday,5.46,1,0
CUST_16769,Bangalore South,3-5,Tuesday,5.53,1,0
CUST_16770,Bangalore Central,10-12,Wednesday,1.97,2,0
CUST_16771,Bangalore Central,12-3,Friday,4.08,2,0
CUST_16772,Bangalore South,12-3,Friday,3.4,2,1
CUST_16773,Bangalore Central,12-3,Tuesday,11.53,2,0
CUST_16774,Bangalore South,3-5,Friday,3.21,2,1
CUST_16775,Bangalore East,12-3,Friday,12.3,3,1
CUST_16776,Bangalore South,10-12,Friday,11.81,2,1
CUST_16777,Bangalore Central,3-5,Friday,14.77,2,0
CUST_16778,Bangalore South,10-12,Wednesday,7.03,1,0
CUST_16779,Bangalore South,12-3,Wednesday,14.22,2,0
CUST_16780,Bangalore South,10-12,Wednesday,5.33,1,0
CUST_16781,Bangalore East,3-5,Monday,10.47,1,0
CUST_16782,Bangalore South,12-3,Tuesday,11.88,3,1
CUST_16783,Bangalore North,3-5,Monday,12.93,3,1
CUST_16784,Bangalore North,3-5,Thursday,2.33,1,1
CUST_16785,Bangalore South,10-12,Monday,4.56,3,0
CUST_16786,Bangalore South,10-12,Friday,9.74,2,1
CUST_16787,Bangalore North,12-3,Tuesday,6.38,2,0
CUST_16788,Bangalore East,12-3,Thursday,12.58,3,0
CUST_16789,Bangalore Central,10-12,Monday,1.8,3,0
CUST_16790,Bangalore East,10-12,Tuesday,12.54,1,0
CUST_16791,Bangalore East,12-3,Wednesday,1.04,3,1
CUST_16792,Bangalore South,12-3,Wednesday,10.64,2,0
CUST_16793,Bangalore Central,12-3,Friday,12.62,2,0
CUST_16794,Bangalore East,10-12,Tuesday,3.0,2,1
CUST_16795,Bangalore South,10-12,Tuesday,11.33,2,0
CUST_16796,Bangalore South,10-12,Tuesday,9.58,3,0
CUST_16797,Bangalore Central,3-5,Thursday,9.4,2,1
CUST_16798,Bangalore South,10-12,Wednesday,3.4,1,0
CUST_16799,Bangalore South,3-5,Wednesday,10.85,2,0
CUST_16800,Bangalore East,3-5,Wednesday,8.27,2,0
CUST_16801,Bangalore Central,3-5,Wednesday,13.74,1,0
CUST_16802,Bangalore North,3-5,Friday,1.21,2,1
CUST_16803,Bangalore North,12-3,Friday,4.22,2,0
CUST_16804,Bangalore South,3-5,Tuesday,5.08,1,1
CUST_16805,Bangalore South,3-5,Friday,10.94,2,1
CUST_16806,Bangalore East,12-3,Monday,9.62,2,0
CUST_16807,Bangalore North,3-5,Wednesday,7.83,2,1
CUST_16808,Bangalore Central,3-5,Thursday,14.19,3,0
CUST_16809,Bangalore South,10-12,Thursday,7.01,2,1
CUST_16810,Bangalore East,3-5,Friday,10.74,1,0
CUST_16811,Bangalore East,10-12,Thursday,4.66,2,1
CUST_16812,Bangalore East,3-5,Thursday,7.9,1,1
CUST_16813,Bangalore East,10-12,Thursday,6.81,3,0
CUST_16814,Bangalore East,10-12,Friday,5.5,2,0
CUST_16815,Bangalore South,10-12,Thursday,10.19,2,1
CUST_16816,Bangalore South,3-5,Tuesday,13.66,2,0
CUST_16817,Bangalore North,3-5,Friday,11.32,2,0
CUST_16818,Bangalore East,12-3,Tuesday,2.11,3,0
CUST_16819,Bangalore Central,12-3,Wednesday,6.73,3,1
CUST_16820,Bangalore East,3-5,Thursday,14.0,2,0
CUST_16821,Bangalore Central,3-5,Wednesday,1.13,2,0
CUST_16822,Bangalore North,12-3,Monday,5.96,2,1
CUST_16823,Bangalore Central,10-12,Monday,3.42,2,1
CUST_16824,Bangalore Central,12-3,Wednesday,13.68,2,1
CUST_16825,Bangalore Central,3-5,Wednesday,3.97,2,1
CUST_16826,Bangalore Central,10-12,Friday,5.34,2,1
CUST_16827,Bangalore East,12-3,Monday,8.32,1,0
CUST_16828,Bangalore North,3-5,Thursday,5.19,2,0
CUST_16829,Bangalore North,3-5,Monday,4.39,2,0
CUST_16830,Bangalore East,10-12,Friday,13.56,1,0
CUST_16831,Bangalore South,3-5,Thursday,5.88,1,0
CUST_16832,Bangalore Central,10-12,Thursday,14.87,3,1
CUST_16833,Bangalore North,12-3,Monday,10.29,2,1
CUST_16834,Bangalore Central,3-5,Thursday,13.5,1,0
CUST_16835,Bangalore East,3-5,Thursday,14.29,2,1
CUST_16836,Bangalore North,10-12,Wednesday,12.61,3,1
CUST_16837,Bangalore South,3-5,Friday,6.84,1,0
CUST_16838,Bangalore East,12-3,Thursday,11.63,3,1
CUST_16839,Bangalore Central,10-12,Tuesday,10.55,2,0
CUST_16840,Bangalore South,10-12,Thursday,9.6,3,0
CUST_16841,Bangalore South,3-5,Friday,11.64,2,0
CUST_16842,Bangalore North,10-12,Thursday,12.4,1,1
CUST_16843,Bangalore South,10-12,Wednesday,1.39,1,1
CUST_16844,Bangalore North,12-3,Friday,8.39,2,1
CUST_16845,Bangalore Central,3-5,Wednesday,6.9,3,0
CUST_16846,Bangalore North,3-5,Monday,3.97,2,1
CUST_16847,Bangalore East,12-3,Tuesday,9.47,3,1
CUST_16848,Bangalore South,3-5,Monday,10.36,2,0
CUST_16849,Bangalore South,3-5,Tuesday,8.94,3,0
CUST_16850,Bangalore North,12-3,Friday,6.21,1,1
CUST_16851,Bangalore South,3-5,Monday,7.08,1,0
CUST_16852,Bangalore East,10-12,Friday,4.66,2,1
CUST_16853,Bangalore Central,10-12,Friday,7.92,3,1
CUST_16854,Bangalore Central,3-5,Monday,3.8,2,0
CUST_16855,Bangalore North,10-12,Tuesday,7.2,1,0
CUST_16856,Bangalore East,12-3,Tuesday,14.6,2,1
CUST_16857,Bangalore Central,3-5,Thursday,1.91,2,1
CUST_16858,Bangalore East,10-12,Monday,10.9,2,0
CUST_16859,Bangalore South,12-3,Tuesday,4.99,2,1
CUST_16860,Bangalore South,12-3,Tuesday,9.8,3,1
CUST_16861,Bangalore East,12-3,Wednesday,6.15,2,0
CUST_16862,Bangalore North,3-5,Friday,13.35,2,1
CUST_16863,Bangalore East,12-3,Monday,13.65,2,1
CUST_16864,Bangalore North,10-12,Wednesday,11.11,2,0
CUST_16865,Bangalore Central,3-5,Tuesday,10.6,2,1
CUST_16866,Bangalore Central,3-5,Monday,6.56,1,0
CUST_16867,Bangalore East,12-3,Wednesday,9.03,1,0
CUST_16868,Bangalore Central,3-5,Thursday,10.77,2,0
CUST_16869,Bangalore North,12-3,Tuesday,1.47,2,0
CUST_16870,Bangalore North,10-12,Tuesday,10.27,2,0
CUST_16871,Bangalore South,12-3,Wednesday,7.35,2,1
CUST_16872,Bangalore Central,12-3,Wednesday,11.76,2,1
CUST_16873,Bangalore Central,12-3,Monday,3.97,1,1
CUST_16874,Bangalore Central,3-5,Tuesday,4.22,2,1
CUST_16875,Bangalore North,12-3,Friday,10.54,2,1
CUST_16876,Bangalore South,10-12,Wednesday,2.69,2,1
CUST_16877,Bangalore North,10-12,Friday,8.23,2,0
CUST_16878,Bangalore North,10-12,Monday,9.39,1,1
CUST_16879,Bangalore South,12-3,Thursday,14.94,1,1
CUST_16880,Bangalore South,10-12,Wednesday,13.97,1,1
CUST_16881,Bangalore East,12-3,Thursday,11.8,1,1
CUST_16882,Bangalore South,3-5,Friday,12.42,1,1
CUST_16883,Bangalore Central,12-3,Monday,3.24,2,1
CUST_16884,Bangalore North,3-5,Friday,14.91,2,1
CUST_16885,Bangalore North,12-3,Friday,11.33,2,1
CUST_16886,Bangalore East,10-12,Friday,4.94,2,1
CUST_16887,Bangalore South,12-3,Thursday,12.85,2,0
CUST_16888,Bangalore North,3-5,Friday,3.17,3,1
CUST_16889,Bangalore North,3-5,Thursday,10.04,1,1
CUST_16890,Bangalore South,10-12,Thursday,7.91,2,0
CUST_16891,Bangalore South,10-12,Thursday,5.3,2,1
CUST_16892,Bangalore South,12-3,Friday,8.12,1,0
CUST_16893,Bangalore North,3-5,Friday,13.95,2,1
CUST_16894,Bangalore Central,12-3,Wednesday,5.92,1,0
CUST_16895,Bangalore North,10-12,Friday,5.57,1,0
CUST_16896,Bangalore North,10-12,Wednesday,3.52,1,0
CUST_16897,Bangalore North,12-3,Wednesday,11.85,1,1
CUST_16898,Bangalore North,10-12,Tuesday,14.7,1,1
CUST_16899,Bangalore South,10-12,Friday,2.71,3,0
CUST_16900,Bangalore Central,3-5,Friday,5.3,2,0
CUST_16901,Bangalore East,10-12,Monday,13.1,2,0
CUST_16902,Bangalore East,10-12,Wednesday,12.13,2,1
CUST_16903,Bangalore East,12-3,Wednesday,9.78,2,1
CUST_16904,Bangalore South,3-5,Thursday,11.42,3,1
CUST_16905,Bangalore East,12-3,Monday,11.26,1,1
CUST_16906,Bangalore North,10-12,Thursday,8.96,1,1
CUST_16907,Bangalore North,3-5,Thursday,14.48,3,0
CUST_16908,Bangalore South,12-3,Wednesday,4.7,1,1
CUST_16909,Bangalore North,12-3,Thursday,1.38,1,0
CUST_16910,Bangalore Central,3-5,Monday,9.81,2,1
CUST_16911,Bangalore East,3-5,Monday,1.95,1,0
CUST_16912,Bangalore East,10-12,Friday,12.81,1,0
CUST_16913,Bangalore Central,3-5,Monday,13.33,2,0
CUST_16914,Bangalore North,3-5,Friday,1.96,1,0
CUST_16915,Bangalore Central,10-12,Friday,5.35,3,0
CUST_16916,Bangalore North,10-12,Wednesday,6.66,2,1
CUST_16917,Bangalore North,12-3,Tuesday,12.67,3,0
CUST_16918,Bangalore Central,3-5,Monday,2.28,1,1
CUST_16919,Bangalore Central,3-5,Monday,10.37,2,1
CUST_16920,Bangalore North,10-12,Monday,14.43,1,0
CUST_16921,Bangalore East,3-5,Thursday,1.61,1,1
CUST_16922,Bangalore South,10-12,Friday,14.46,1,1
CUST_16923,Bangalore Central,12-3,Monday,6.5,2,0
CUST_16924,Bangalore Central,3-5,Tuesday,14.06,2,0
CUST_16925,Bangalore South,3-5,Friday,2.83,2,0
CUST_16926,Bangalore Central,12-3,Monday,4.75,1,1
CUST_16927,Bangalore South,12-3,Thursday,12.26,1,1
CUST_16928,Bangalore East,10-12,Tuesday,14.95,2,0
CUST_16929,Bangalore East,3-5,Thursday,8.41,2,1
CUST_16930,Bangalore South,12-3,Monday,3.1,2,0
CUST_16931,Bangalore East,10-12,Wednesday,14.18,2,0
CUST_16932,Bangalore Central,12-3,Monday,4.17,2,0
CUST_16933,Bangalore North,10-12,Friday,4.61,2,1
CUST_16934,Bangalore South,12-3,Thursday,10.8,2,0
CUST_16935,Bangalore North,10-12,Monday,6.25,2,0
CUST_16936,Bangalore North,10-12,Friday,9.74,3,1
CUST_16937,Bangalore South,12-3,Thursday,13.95,3,0
CUST_16938,Bangalore North,10-12,Wednesday,9.28,1,0
CUST_16939,Bangalore East,12-3,Monday,4.5,2,1
CUST_16940,Bangalore North,3-5,Wednesday,14.84,2,0
CUST_16941,Bangalore North,10-12,Thursday,10.76,1,0
CUST_16942,Bangalore East,12-3,Wednesday,11.73,1,0
CUST_16943,Bangalore East,3-5,Monday,6.42,1,1
CUST_16944,Bangalore East,3-5,Wednesday,11.89,2,1
CUST_16945,Bangalore East,10-12,Wednesday,13.12,2,1
CUST_16946,Bangalore East,3-5,Friday,9.69,2,1
CUST_16947,Bangalore North,3-5,Friday,4.11,3,0
CUST_16948,Bangalore South,10-12,Friday,1.37,2,0
CUST_16949,Bangalore Central,10-12,Monday,10.23,3,0
CUST_16950,Bangalore East,3-5,Thursday,2.94,3,0
CUST_16951,Bangalore North,12-3,Monday,9.13,2,1
CUST_16952,Bangalore North,12-3,Tuesday,9.31,2,0
CUST_16953,Bangalore Central,12-3,Tuesday,1.99,2,1
CUST_16954,Bangalore Central,3-5,Friday,9.6,1,1
CUST_16955,Bangalore East,3-5,Tuesday,14.29,1,1
CUST_16956,Bangalore North,10-12,Thursday,2.87,2,1
CUST_16957,Bangalore North,10-12,Tuesday,1.22,2,1
CUST_16958,Bangalore South,3-5,Wednesday,10.23,3,0
CUST_16959,Bangalore South,12-3,Friday,4.22,2,1
CUST_16960,Bangalore East,12-3,Friday,8.41,1,1
CUST_16961,Bangalore North,12-3,Friday,11.87,1,0
CUST_16962,Bangalore East,10-12,Thursday,12.75,2,1
CUST_16963,Bangalore East,10-12,Thursday,3.03,2,0
CUST_16964,Bangalore Central,3-5,Wednesday,4.36,1,1
CUST_16965,Bangalore East,3-5,Friday,12.9,2,0
CUST_16966,Bangalore North,12-3,Tuesday,5.32,3,0
CUST_16967,Bangalore South,12-3,Monday,13.43,1,1
CUST_16968,Bangalore Central,10-12,Friday,4.88,1,0
CUST_16969,Bangalore South,10-12,Thursday,11.59,2,1
CUST_16970,Bangalore East,3-5,Wednesday,9.39,2,1
CUST_16971,Bangalore North,12-3,Monday,14.18,2,1
CUST_16972,Bangalore East,12-3,Wednesday,12.86,2,0
CUST_16973,Bangalore South,12-3,Friday,9.21,1,0
CUST_16974,Bangalore North,10-12,Friday,14.54,1,1
CUST_16975,Bangalore South,10-12,Wednesday,8.28,2,1
CUST_16976,Bangalore South,10-12,Wednesday,3.4,2,0
CUST_16977,Bangalore East,10-12,Tuesday,10.7,1,0
CUST_16978,Bangalore North,10-12,Tuesday,13.44,2,0
CUST_16979,Bangalore Central,12-3,Wednesday,6.12,2,0
CUST_16980,Bangalore East,3-5,Monday,3.21,2,1
CUST_16981,Bangalore Central,3-5,Thursday,3.35,2,1
CUST_16982,Bangalore East,3-5,Monday,10.05,1,1
CUST_16983,Bangalore South,10-12,Tuesday,2.36,3,1
CUST_16984,Bangalore Central,10-12,Wednesday,1.19,2,1
CUST_16985,Bangalore East,3-5,Wednesday,14.43,2,0
CUST_16986,Bangalore East,3-5,Tuesday,10.29,3,0
CUST_16987,Bangalore East,3-5,Thursday,8.28,2,0
CUST_16988,Bangalore South,3-5,Friday,2.26,1,0
CUST_16989,Bangalore Central,10-12,Wednesday,10.58,1,1
CUST_16990,Bangalore Central,12-3,Wednesday,3.64,2,0
CUST_16991,Bangalore South,3-5,Thursday,14.16,2,0
CUST_16992,Bangalore North,12-3,Wednesday,13.54,3,1
CUST_16993,Bangalore North,3-5,Monday,11.11,1,1
CUST_16994,Bangalore South,12-3,Wednesday,11.51,2,1
CUST_16995,Bangalore East,10-12,Wednesday,12.09,2,1
CUST_16996,Bangalore East,10-12,Friday,3.63,1,0
CUST_16997,Bangalore North,12-3,Friday,14.8,2,0
CUST_16998,Bangalore Central,3-5,Friday,13.63,3,1
CUST_16999,Bangalore Central,12-3,Tuesday,5.38,2,0
CUST_17000,Bangalore East,12-3,Friday,4.03,2,0
CUST_17001,Bangalore North,12-3,Monday,8.69,2,0
CUST_17002,Bangalore South,3-5,Thursday,9.86,2,0
CUST_17003,Bangalore Central,10-12,Thursday,5.29,3,0
CUST_17004,Bangalore Central,3-5,Friday,7.42,3,0
CUST_17005,Bangalore East,12-3,Wednesday,7.19,1,0
CUST_17006,Bangalore East,10-12,Friday,1.56,1,1
CUST_17007,Bangalore East,12-3,Friday,3.81,2,1
CUST_17008,Bangalore South,3-5,Thursday,9.6,2,0
CUST_17009,Bangalore Central,10-12,Wednesday,12.68,1,0
CUST_17010,Bangalore East,12-3,Friday,3.07,1,1
CUST_17011,Bangalore East,3-5,Tuesday,4.67,1,0
CUST_17012,Bangalore East,10-12,Thursday,2.77,1,0
CUST_17013,Bangalore South,12-3,Friday,8.8,1,0
CUST_17014,Bangalore Central,10-12,Monday,6.39,2,0
CUST_17015,Bangalore East,3-5,Wednesday,9.78,3,1
CUST_17016,Bangalore Central,3-5,Tuesday,13.8,2,0
CUST_17017,Bangalore South,12-3,Monday,11.5,1,0
CUST_17018,Bangalore Central,3-5,Wednesday,12.27,2,0
CUST_17019,Bangalore East,3-5,Thursday,1.99,3,0
CUST_17020,Bangalore North,12-3,Friday,12.36,2,0
CUST_17021,Bangalore South,10-12,Tuesday,12.77,2,0
CUST_17022,Bangalore Central,12-3,Wednesday,4.55,1,0
CUST_17023,Bangalore East,3-5,Tuesday,8.72,2,0
CUST_17024,Bangalore North,10-12,Tuesday,10.63,1,1
CUST_17025,Bangalore North,12-3,Friday,2.97,2,0
CUST_17026,Bangalore North,3-5,Thursday,10.13,2,1
CUST_17027,Bangalore East,3-5,Friday,8.12,2,0
CUST_17028,Bangalore Central,10-12,Thursday,4.04,2,0
CUST_17029,Bangalore North,10-12,Thursday,11.95,3,1
CUST_17030,Bangalore Central,10-12,Tuesday,11.92,3,0
CUST_17031,Bangalore East,12-3,Wednesday,7.88,1,1
CUST_17032,Bangalore South,3-5,Friday,6.01,2,0
CUST_17033,Bangalore Central,12-3,Tuesday,13.14,2,1
CUST_17034,Bangalore East,10-12,Thursday,5.78,2,1
CUST_17035,Bangalore East,12-3,Thursday,5.92,2,1
CUST_17036,Bangalore North,3-5,Thursday,10.08,2,0
CUST_17037,Bangalore Central,10-12,Wednesday,11.19,3,1
CUST_17038,Bangalore Central,10-12,Wednesday,1.68,3,1
CUST_17039,Bangalore East,10-12,Monday,8.0,1,0
CUST_17040,Bangalore South,3-5,Monday,1.56,1,1
CUST_17041,Bangalore North,12-3,Friday,7.48,2,1
CUST_17042,Bangalore South,10-12,Thursday,8.74,2,0
CUST_17043,Bangalore East,3-5,Tuesday,4.42,1,0
CUST_17044,Bangalore South,12-3,Friday,12.8,1,1
CUST_17045,Bangalore East,10-12,Wednesday,8.58,3,1
CUST_17046,Bangalore Central,10-12,Tuesday,6.48,3,1
CUST_17047,Bangalore East,12-3,Wednesday,11.74,1,1
CUST_17048,Bangalore Central,12-3,Thursday,5.82,1,1
CUST_17049,Bangalore North,10-12,Wednesday,6.58,1,0
CUST_17050,Bangalore Central,3-5,Tuesday,2.25,1,1
CUST_17051,Bangalore South,3-5,Thursday,2.85,1,0
CUST_17052,Bangalore East,12-3,Tuesday,9.4,1,0
CUST_17053,Bangalore South,12-3,Tuesday,12.15,2,1
CUST_17054,Bangalore Central,3-5,Wednesday,12.57,2,1
CUST_17055,Bangalore North,3-5,Monday,9.47,1,0
CUST_17056,Bangalore North,12-3,Tuesday,5.76,2,1
CUST_17057,Bangalore North,12-3,Friday,13.42,2,1
CUST_17058,Bangalore East,12-3,Monday,13.6,2,1
CUST_17059,Bangalore North,10-12,Tuesday,12.98,1,0
CUST_17060,Bangalore East,3-5,Thursday,2.26,1,0
CUST_17061,Bangalore East,10-12,Monday,2.51,2,0
CUST_17062,Bangalore East,3-5,Wednesday,11.99,1,0
CUST_17063,Bangalore South,12-3,Tuesday,10.54,1,0
CUST_17064,Bangalore North,3-5,Wednesday,13.23,2,1
CUST_17065,Bangalore South,10-12,Thursday,3.78,2,0
CUST_17066,Bangalore South,3-5,Thursday,7.07,1,1
CUST_17067,Bangalore Central,10-12,Monday,12.76,2,1
CUST_17068,Bangalore East,12-3,Monday,1.03,1,1
CUST_17069,Bangalore Central,3-5,Wednesday,6.56,3,1
CUST_17070,Bangalore East,12-3,Wednesday,1.61,2,1
CUST_17071,Bangalore South,10-12,Monday,6.49,2,1
CUST_17072,Bangalore East,3-5,Thursday,11.97,1,1
CUST_17073,Bangalore East,10-12,Monday,6.07,1,1
CUST_17074,Bangalore North,3-5,Thursday,3.8,2,1
CUST_17075,Bangalore Central,12-3,Friday,9.28,2,0
CUST_17076,Bangalore Central,12-3,Wednesday,9.51,1,0
CUST_17077,Bangalore South,12-3,Thursday,2.58,2,1
CUST_17078,Bangalore North,3-5,Friday,12.17,2,1
CUST_17079,Bangalore North,3-5,Thursday,10.54,1,1
CUST_17080,Bangalore South,10-12,Friday,8.65,2,1
CUST_17081,Bangalore South,10-12,Tuesday,4.34,3,1
CUST_17082,Bangalore North,10-12,Wednesday,7.48,1,1
CUST_17083,Bangalore East,12-3,Monday,7.27,2,1
CUST_17084,Bangalore East,10-12,Monday,6.58,2,1
CUST_17085,Bangalore Central,10-12,Friday,1.12,2,0
CUST_17086,Bangalore North,3-5,Friday,12.12,2,1
CUST_17087,Bangalore North,10-12,Tuesday,6.0,2,0
CUST_17088,Bangalore North,3-5,Wednesday,10.33,3,0
CUST_17089,Bangalore Central,3-5,Wednesday,14.07,3,0
CUST_17090,Bangalore North,10-12,Thursday,1.47,3,1
CUST_17091,Bangalore South,12-3,Tuesday,14.22,2,0
CUST_17092,Bangalore East,3-5,Thursday,6.65,3,1
CUST_17093,Bangalore South,3-5,Tuesday,3.44,1,0
CUST_17094,Bangalore Central,12-3,Monday,10.14,2,0
CUST_17095,Bangalore Central,12-3,Thursday,4.06,2,1
CUST_17096,Bangalore East,12-3,Friday,11.65,1,1
CUST_17097,Bangalore East,10-12,Friday,12.77,2,1
CUST_17098,Bangalore South,3-5,Thursday,4.85,2,1
CUST_17099,Bangalore North,3-5,Wednesday,1.31,2,0
CUST_17100,Bangalore South,10-12,Thursday,14.62,3,1
CUST_17101,Bangalore East,12-3,Tuesday,9.85,1,1
CUST_17102,Bangalore Central,10-12,Thursday,11.4,2,0
CUST_17103,Bangalore North,12-3,Tuesday,7.45,2,0
CUST_17104,Bangalore North,3-5,Tuesday,10.03,1,0
CUST_17105,Bangalore North,10-12,Thursday,11.7,1,1
CUST_17106,Bangalore East,12-3,Friday,6.91,2,0
CUST_17107,Bangalore South,12-3,Tuesday,1.86,2,1
CUST_17108,Bangalore East,3-5,Tuesday,2.65,1,0
CUST_17109,Bangalore East,10-12,Thursday,13.24,3,1
CUST_17110,Bangalore North,10-12,Tuesday,11.85,2,1
CUST_17111,Bangalore Central,12-3,Monday,14.54,2,0
CUST_17112,Bangalore South,10-12,Monday,10.73,3,0
CUST_17113,Bangalore Central,12-3,Wednesday,6.68,2,1
CUST_17114,Bangalore North,3-5,Wednesday,1.91,3,1
CUST_17115,Bangalore South,10-12,Thursday,6.11,1,1
CUST_17116,Bangalore East,3-5,Wednesday,14.06,2,0
CUST_17117,Bangalore Central,12-3,Monday,2.63,3,0
CUST_17118,Bangalore North,3-5,Monday,4.48,2,0
CUST_17119,Bangalore East,3-5,Wednesday,2.99,2,1
CUST_17120,Bangalore Central,12-3,Wednesday,12.7,2,1
CUST_17121,Bangalore Central,12-3,Wednesday,1.21,1,0
CUST_17122,Bangalore North,10-12,Thursday,12.34,1,1
CUST_17123,Bangalore South,12-3,Tuesday,14.27,2,1
CUST_17124,Bangalore South,10-12,Tuesday,7.71,2,1
CUST_17125,Bangalore Central,12-3,Friday,12.75,2,0
CUST_17126,Bangalore South,10-12,Friday,13.74,2,0
CUST_17127,Bangalore East,10-12,Thursday,14.84,2,0
CUST_17128,Bangalore East,3-5,Wednesday,10.73,2,1
CUST_17129,Bangalore South,3-5,Monday,7.18,2,0
CUST_17130,Bangalore North,12-3,Monday,10.81,2,0
CUST_17131,Bangalore East,10-12,Monday,6.32,2,0
CUST_17132,Bangalore North,10-12,Thursday,10.31,1,0
CUST_17133,Bangalore Central,12-3,Tuesday,11.07,2,0
CUST_17134,Bangalore South,10-12,Friday,11.86,2,1
CUST_17135,Bangalore East,10-12,Wednesday,3.15,2,0
CUST_17136,Bangalore North,12-3,Thursday,4.81,2,0
CUST_17137,Bangalore North,3-5,Thursday,6.04,1,0
CUST_17138,Bangalore East,10-12,Thursday,2.47,1,0
CUST_17139,Bangalore Central,3-5,Friday,8.16,2,0
CUST_17140,Bangalore North,12-3,Monday,9.54,3,0
CUST_17141,Bangalore East,3-5,Monday,3.95,1,1
CUST_17142,Bangalore South,3-5,Thursday,14.42,2,1
CUST_17143,Bangalore North,3-5,Wednesday,7.45,1,1
CUST_17144,Bangalore South,10-12,Monday,12.33,3,0
CUST_17145,Bangalore South,12-3,Friday,3.61,2,0
CUST_17146,Bangalore Central,10-12,Thursday,6.04,2,1
CUST_17147,Bangalore Central,10-12,Friday,12.7,3,0
CUST_17148,Bangalore Central,10-12,Tuesday,7.7,2,0
CUST_17149,Bangalore North,3-5,Monday,1.11,1,1
CUST_17150,Bangalore South,3-5,Friday,6.81,2,1
CUST_17151,Bangalore North,12-3,Thursday,14.29,2,0
CUST_17152,Bangalore North,12-3,Monday,12.43,2,0
CUST_17153,Bangalore Central,12-3,Monday,7.86,2,0
CUST_17154,Bangalore East,3-5,Wednesday,3.76,2,1
CUST_17155,Bangalore South,3-5,Wednesday,11.88,2,1
CUST_17156,Bangalore East,3-5,Wednesday,8.34,2,1
CUST_17157,Bangalore South,3-5,Monday,2.3,3,1
CUST_17158,Bangalore South,10-12,Thursday,3.66,3,1
CUST_17159,Bangalore East,12-3,Tuesday,1.62,2,0
CUST_17160,Bangalore East,12-3,Thursday,11.27,2,0
CUST_17161,Bangalore North,3-5,Friday,13.31,2,1
CUST_17162,Bangalore East,10-12,Thursday,3.66,3,1
CUST_17163,Bangalore Central,3-5,Friday,14.93,3,1
CUST_17164,Bangalore South,12-3,Thursday,11.36,1,1
CUST_17165,Bangalore Central,12-3,Wednesday,2.34,3,1
CUST_17166,Bangalore Central,12-3,Tuesday,4.61,2,0
CUST_17167,Bangalore North,10-12,Thursday,12.42,3,1
CUST_17168,Bangalore South,10-12,Tuesday,6.52,1,1
CUST_17169,Bangalore North,3-5,Monday,6.43,1,1
CUST_17170,Bangalore Central,10-12,Monday,11.35,2,0
CUST_17171,Bangalore South,12-3,Friday,4.3,2,0
CUST_17172,Bangalore North,12-3,Monday,2.7,1,0
CUST_17173,Bangalore South,10-12,Monday,9.03,2,0
CUST_17174,Bangalore East,10-12,Tuesday,1.95,2,0
CUST_17175,Bangalore East,12-3,Wednesday,2.29,3,1
CUST_17176,Bangalore Central,12-3,Wednesday,6.27,3,0
CUST_17177,Bangalore Central,3-5,Thursday,3.57,1,0
CUST_17178,Bangalore Central,12-3,Wednesday,12.97,2,0
CUST_17179,Bangalore Central,10-12,Monday,9.64,1,0
CUST_17180,Bangalore Central,3-5,Wednesday,5.5,1,0
CUST_17181,Bangalore East,10-12,Thursday,9.94,2,0
CUST_17182,Bangalore South,12-3,Friday,9.19,2,1
CUST_17183,Bangalore North,3-5,Wednesday,4.54,3,1
CUST_17184,Bangalore South,10-12,Tuesday,1.82,1,0
CUST_17185,Bangalore East,3-5,Monday,3.47,1,1
CUST_17186,Bangalore South,3-5,Wednesday,9.95,2,1
CUST_17187,Bangalore East,3-5,Monday,14.47,3,1
CUST_17188,Bangalore East,3-5,Friday,7.11,1,1
CUST_17189,Bangalore East,3-5,Tuesday,12.3,2,0
CUST_17190,Bangalore Central,3-5,Wednesday,10.77,1,1
CUST_17191,Bangalore North,12-3,Wednesday,2.19,1,0
CUST_17192,Bangalore Central,12-3,Tuesday,9.43,2,1
CUST_17193,Bangalore North,12-3,Wednesday,12.27,2,0
CUST_17194,Bangalore South,3-5,Monday,9.74,1,1
CUST_17195,Bangalore East,12-3,Tuesday,12.02,1,1
CUST_17196,Bangalore South,10-12,Friday,2.45,2,1
CUST_17197,Bangalore North,3-5,Wednesday,10.77,2,1
CUST_17198,Bangalore Central,3-5,Tuesday,11.37,2,0
CUST_17199,Bangalore Central,12-3,Thursday,14.51,3,1
CUST_17200,Bangalore East,12-3,Tuesday,7.75,2,0
CUST_17201,Bangalore East,12-3,Tuesday,8.57,2,0
CUST_17202,Bangalore South,12-3,Monday,2.3,2,0
CUST_17203,Bangalore Central,3-5,Tuesday,3.54,1,1
CUST_17204,Bangalore South,10-12,Thursday,9.63,2,1
CUST_17205,Bangalore Central,10-12,Wednesday,4.07,3,0
CUST_17206,Bangalore Central,12-3,Friday,11.02,2,0
CUST_17207,Bangalore East,12-3,Monday,13.14,2,0
CUST_17208,Bangalore North,12-3,Thursday,10.75,2,0
CUST_17209,Bangalore Central,12-3,Wednesday,12.32,3,1
CUST_17210,Bangalore East,10-12,Tuesday,14.37,3,0
CUST_17211,Bangalore South,3-5,Friday,4.5,2,1
CUST_17212,Bangalore North,3-5,Wednesday,5.22,3,1
CUST_17213,Bangalore North,12-3,Thursday,7.22,2,0
CUST_17214,Bangalore East,10-12,Thursday,5.13,2,0
CUST_17215,Bangalore Central,12-3,Thursday,10.33,1,1
CUST_17216,Bangalore Central,3-5,Wednesday,11.57,2,1
CUST_17217,Bangalore East,3-5,Thursday,6.09,3,1
CUST_17218,Bangalore South,3-5,Wednesday,3.0,2,1
CUST_17219,Bangalore South,3-5,Tuesday,12.64,3,0
CUST_17220,Bangalore South,10-12,Wednesday,9.13,2,0
CUST_17221,Bangalore Central,3-5,Friday,7.33,2,1
CUST_17222,Bangalore North,3-5,Thursday,4.2,3,0
CUST_17223,Bangalore Central,12-3,Thursday,10.74,2,1
CUST_17224,Bangalore East,10-12,Monday,1.62,2,1
CUST_17225,Bangalore North,10-12,Thursday,7.68,2,0
CUST_17226,Bangalore North,10-12,Monday,4.78,3,1
CUST_17227,Bangalore South,12-3,Tuesday,13.09,3,1
CUST_17228,Bangalore Central,10-12,Thursday,4.59,1,1
CUST_17229,Bangalore Central,12-3,Wednesday,7.9,2,0
CUST_17230,Bangalore South,12-3,Thursday,13.6,3,0
CUST_17231,Bangalore North,12-3,Thursday,2.76,3,1
CUST_17232,Bangalore North,12-3,Thursday,14.64,3,1
CUST_17233,Bangalore Central,10-12,Friday,1.3,2,0
CUST_17234,Bangalore Central,10-12,Friday,12.57,1,0
CUST_17235,Bangalore North,12-3,Tuesday,5.89,3,0
CUST_17236,Bangalore Central,3-5,Thursday,6.38,2,0
CUST_17237,Bangalore North,12-3,Wednesday,14.76,2,0
CUST_17238,Bangalore North,3-5,Tuesday,14.44,1,0
CUST_17239,Bangalore North,10-12,Wednesday,3.9,3,0
CUST_17240,Bangalore Central,3-5,Tuesday,10.79,2,1
CUST_17241,Bangalore East,12-3,Tuesday,8.94,1,0
CUST_17242,Bangalore Central,3-5,Monday,3.31,2,1
CUST_17243,Bangalore Central,10-12,Thursday,4.2,2,0
CUST_17244,Bangalore Central,10-12,Friday,14.01,2,0
CUST_17245,Bangalore East,3-5,Tuesday,14.39,3,0
CUST_17246,Bangalore North,3-5,Thursday,6.82,3,1
CUST_17247,Bangalore South,3-5,Monday,5.98,2,1
CUST_17248,Bangalore East,3-5,Friday,12.8,3,0
CUST_17249,Bangalore North,3-5,Thursday,7.91,2,0
CUST_17250,Bangalore South,10-12,Thursday,4.7,2,0
CUST_17251,Bangalore North,12-3,Friday,5.77,3,0
CUST_17252,Bangalore North,12-3,Thursday,14.93,1,1
CUST_17253,Bangalore North,10-12,Tuesday,2.28,3,1
CUST_17254,Bangalore Central,3-5,Wednesday,7.45,3,0
CUST_17255,Bangalore North,12-3,Tuesday,4.72,3,0
CUST_17256,Bangalore North,12-3,Wednesday,8.05,3,0
CUST_17257,Bangalore North,10-12,Wednesday,2.59,1,1
CUST_17258,Bangalore Central,3-5,Monday,14.7,2,0
CUST_17259,Bangalore South,3-5,Thursday,2.83,2,1
CUST_17260,Bangalore Central,12-3,Tuesday,13.66,2,1
CUST_17261,Bangalore South,10-12,Friday,2.18,3,1
CUST_17262,Bangalore South,12-3,Friday,10.81,3,0
CUST_17263,Bangalore South,10-12,Tuesday,12.19,2,0
CUST_17264,Bangalore Central,12-3,Tuesday,9.88,3,1
CUST_17265,Bangalore East,12-3,Tuesday,14.75,2,0
CUST_17266,Bangalore South,3-5,Tuesday,5.17,2,1
CUST_17267,Bangalore Central,12-3,Wednesday,10.1,3,1
CUST_17268,Bangalore South,3-5,Friday,11.77,3,1
CUST_17269,Bangalore North,12-3,Wednesday,2.63,2,1
CUST_17270,Bangalore East,12-3,Thursday,7.33,2,1
CUST_17271,Bangalore North,3-5,Thursday,1.84,1,1
CUST_17272,Bangalore East,3-5,Tuesday,7.88,1,1
CUST_17273,Bangalore North,10-12,Thursday,4.17,2,0
CUST_17274,Bangalore East,3-5,Wednesday,3.18,1,0
CUST_17275,Bangalore North,3-5,Monday,12.13,3,1
CUST_17276,Bangalore Central,3-5,Thursday,6.52,1,1
CUST_17277,Bangalore South,12-3,Thursday,12.54,1,0
CUST_17278,Bangalore Central,10-12,Tuesday,3.7,3,1
CUST_17279,Bangalore Central,10-12,Thursday,8.83,2,0
CUST_17280,Bangalore South,12-3,Friday,4.37,1,1
CUST_17281,Bangalore South,10-12,Monday,8.19,2,1
CUST_17282,Bangalore North,10-12,Thursday,3.18,2,0
CUST_17283,Bangalore East,12-3,Thursday,3.6,1,0
CUST_17284,Bangalore South,12-3,Thursday,9.4,3,1
CUST_17285,Bangalore Central,12-3,Monday,8.38,1,0
CUST_17286,Bangalore North,3-5,Thursday,1.36,1,0
CUST_17287,Bangalore North,12-3,Thursday,12.18,2,0
CUST_17288,Bangalore North,10-12,Wednesday,5.66,1,1
CUST_17289,Bangalore East,10-12,Friday,10.25,1,1
CUST_17290,Bangalore Central,3-5,Tuesday,4.23,2,1
CUST_17291,Bangalore South,3-5,Monday,6.68,3,0
CUST_17292,Bangalore East,12-3,Thursday,12.55,1,0
CUST_17293,Bangalore North,12-3,Friday,2.12,2,1
CUST_17294,Bangalore East,3-5,Monday,11.66,3,1
CUST_17295,Bangalore South,3-5,Friday,13.2,2,0
CUST_17296,Bangalore Central,3-5,Monday,12.68,1,0
CUST_17297,Bangalore East,3-5,Wednesday,4.76,1,1
CUST_17298,Bangalore South,3-5,Thursday,12.22,2,1
CUST_17299,Bangalore South,3-5,Thursday,11.33,2,1
CUST_17300,Bangalore North,12-3,Wednesday,1.61,1,0
CUST_17301,Bangalore Central,10-12,Tuesday,6.73,1,1
CUST_17302,Bangalore North,12-3,Monday,7.79,1,1
CUST_17303,Bangalore East,3-5,Monday,14.03,2,1
CUST_17304,Bangalore South,3-5,Thursday,8.65,1,1
CUST_17305,Bangalore North,10-12,Monday,2.74,2,1
CUST_17306,Bangalore East,3-5,Thursday,14.92,2,1
CUST_17307,Bangalore East,12-3,Friday,13.61,2,0
CUST_17308,Bangalore North,10-12,Thursday,12.49,2,1
CUST_17309,Bangalore East,3-5,Wednesday,9.65,2,1
CUST_17310,Bangalore East,12-3,Tuesday,13.75,1,1
CUST_17311,Bangalore East,12-3,Wednesday,8.64,1,0
CUST_17312,Bangalore North,3-5,Thursday,1.27,3,1
CUST_17313,Bangalore South,12-3,Tuesday,9.23,2,0
CUST_17314,Bangalore East,12-3,Wednesday,4.3,1,1
CUST_17315,Bangalore East,12-3,Friday,5.37,1,0
CUST_17316,Bangalore South,3-5,Monday,8.11,3,0
CUST_17317,Bangalore South,3-5,Monday,2.59,2,1
CUST_17318,Bangalore North,10-12,Friday,10.07,2,1
CUST_17319,Bangalore East,12-3,Thursday,5.42,1,1
CUST_17320,Bangalore East,10-12,Wednesday,10.17,1,0
CUST_17321,Bangalore Central,12-3,Thursday,13.83,1,1
CUST_17322,Bangalore North,10-12,Monday,14.96,2,0
CUST_17323,Bangalore Central,10-12,Friday,12.86,2,1
CUST_17324,Bangalore South,3-5,Thursday,4.13,1,0
CUST_17325,Bangalore East,3-5,Friday,7.58,1,0
CUST_17326,Bangalore Central,12-3,Friday,11.27,2,1
CUST_17327,Bangalore East,10-12,Friday,13.54,1,1
CUST_17328,Bangalore South,10-12,Tuesday,8.49,3,0
CUST_17329,Bangalore North,12-3,Thursday,4.35,2,0
CUST_17330,Bangalore North,3-5,Tuesday,4.58,2,1
CUST_17331,Bangalore South,12-3,Monday,10.78,2,0
CUST_17332,Bangalore North,3-5,Thursday,3.69,3,0
CUST_17333,Bangalore North,10-12,Wednesday,11.96,2,0
CUST_17334,Bangalore East,3-5,Monday,5.51,1,1
CUST_17335,Bangalore East,3-5,Friday,7.67,2,1
CUST_17336,Bangalore Central,12-3,Friday,13.51,2,0
CUST_17337,Bangalore Central,10-12,Monday,11.37,3,0
CUST_17338,Bangalore South,12-3,Tuesday,1.43,1,0
CUST_17339,Bangalore Central,3-5,Thursday,7.44,1,0
CUST_17340,Bangalore North,3-5,Monday,1.9,2,0
CUST_17341,Bangalore South,12-3,Friday,8.74,3,0
CUST_17342,Bangalore South,12-3,Tuesday,11.8,1,0
CUST_17343,Bangalore North,10-12,Tuesday,5.12,1,1
CUST_17344,Bangalore Central,12-3,Wednesday,10.53,2,0
CUST_17345,Bangalore Central,10-12,Thursday,8.11,2,1
CUST_17346,Bangalore North,10-12,Friday,14.59,2,1
CUST_17347,Bangalore South,3-5,Tuesday,12.66,3,0
CUST_17348,Bangalore Central,12-3,Tuesday,4.53,1,0
CUST_17349,Bangalore East,10-12,Friday,1.06,3,1
CUST_17350,Bangalore Central,3-5,Friday,2.34,3,1
CUST_17351,Bangalore East,10-12,Tuesday,14.62,2,1
CUST_17352,Bangalore North,10-12,Tuesday,13.21,3,1
CUST_17353,Bangalore East,12-3,Tuesday,5.46,3,1
CUST_17354,Bangalore Central,12-3,Wednesday,5.86,2,1
CUST_17355,Bangalore North,12-3,Friday,5.13,1,1
CUST_17356,Bangalore East,3-5,Tuesday,1.78,3,1
CUST_17357,Bangalore Central,10-12,Monday,6.2,2,1
CUST_17358,Bangalore South,10-12,Wednesday,9.75,2,0
CUST_17359,Bangalore South,12-3,Wednesday,14.78,2,1
CUST_17360,Bangalore North,10-12,Wednesday,13.74,2,1
CUST_17361,Bangalore South,3-5,Wednesday,3.53,3,0
CUST_17362,Bangalore South,10-12,Thursday,6.85,2,1
CUST_17363,Bangalore North,10-12,Friday,6.31,2,1
CUST_17364,Bangalore Central,3-5,Friday,8.99,2,0
CUST_17365,Bangalore East,10-12,Monday,13.22,2,1
CUST_17366,Bangalore East,3-5,Tuesday,1.45,3,1
CUST_17367,Bangalore South,10-12,Wednesday,2.62,2,1
CUST_17368,Bangalore Central,12-3,Thursday,1.26,2,0
CUST_17369,Bangalore Central,10-12,Wednesday,1.85,2,0
CUST_17370,Bangalore Central,10-12,Monday,3.94,2,1
CUST_17371,Bangalore Central,3-5,Thursday,13.04,2,0
CUST_17372,Bangalore East,3-5,Friday,5.6,1,1
CUST_17373,Bangalore South,3-5,Friday,11.54,3,1
CUST_17374,Bangalore South,3-5,Wednesday,8.24,2,0
CUST_17375,Bangalore Central,3-5,Thursday,12.45,2,0
CUST_17376,Bangalore East,10-12,Monday,8.65,3,1
CUST_17377,Bangalore East,12-3,Monday,2.34,1,0
CUST_17378,Bangalore South,12-3,Tuesday,4.33,2,0
CUST_17379,Bangalore Central,10-12,Wednesday,7.99,2,1
CUST_17380,Bangalore East,12-3,Friday,8.85,2,0
CUST_17381,Bangalore Central,3-5,Monday,3.08,3,1
CUST_17382,Bangalore North,12-3,Wednesday,4.79,3,1
CUST_17383,Bangalore Central,10-12,Tuesday,13.51,2,1
CUST_17384,Bangalore Central,12-3,Monday,4.67,1,1
CUST_17385,Bangalore South,12-3,Monday,2.64,1,0
CUST_17386,Bangalore East,12-3,Tuesday,13.37,2,0
CUST_17387,Bangalore North,10-12,Wednesday,8.75,2,1
CUST_17388,Bangalore Central,10-12,Tuesday,12.07,2,1
CUST_17389,Bangalore South,12-3,Wednesday,8.37,3,1
CUST_17390,Bangalore Central,3-5,Monday,7.48,2,0
CUST_17391,Bangalore North,10-12,Thursday,6.36,3,0
CUST_17392,Bangalore East,3-5,Wednesday,3.49,3,1
CUST_17393,Bangalore Central,12-3,Friday,10.7,2,1
CUST_17394,Bangalore North,3-5,Tuesday,11.81,3,0
CUST_17395,Bangalore Central,3-5,Monday,12.49,2,0
CUST_17396,Bangalore North,3-5,Wednesday,4.28,1,1
CUST_17397,Bangalore South,10-12,Tuesday,12.48,2,0
CUST_17398,Bangalore Central,10-12,Tuesday,10.51,1,1
CUST_17399,Bangalore East,10-12,Friday,7.62,2,0
CUST_17400,Bangalore Central,3-5,Wednesday,10.81,2,1
CUST_17401,Bangalore South,10-12,Friday,14.24,3,1
CUST_17402,Bangalore Central,10-12,Tuesday,2.11,1,1
CUST_17403,Bangalore North,3-5,Thursday,10.19,2,1
CUST_17404,Bangalore East,10-12,Friday,2.28,1,0
CUST_17405,Bangalore North,3-5,Friday,7.13,3,0
CUST_17406,Bangalore Central,12-3,Friday,6.16,2,0
CUST_17407,Bangalore East,12-3,Tuesday,5.96,2,0
CUST_17408,Bangalore East,12-3,Thursday,5.26,2,1
CUST_17409,Bangalore North,10-12,Tuesday,4.57,1,1
CUST_17410,Bangalore North,12-3,Tuesday,7.18,3,0
CUST_17411,Bangalore North,10-12,Monday,3.96,2,0
CUST_17412,Bangalore South,10-12,Wednesday,12.29,2,0
CUST_17413,Bangalore North,12-3,Thursday,7.45,1,1
CUST_17414,Bangalore South,10-12,Wednesday,13.35,1,1
CUST_17415,Bangalore Central,3-5,Tuesday,7.3,2,1
CUST_17416,Bangalore East,10-12,Monday,7.33,1,0
CUST_17417,Bangalore Central,10-12,Monday,9.45,2,1
CUST_17418,Bangalore East,10-12,Friday,6.76,1,0
CUST_17419,Bangalore East,12-3,Monday,10.03,1,0
CUST_17420,Bangalore North,3-5,Wednesday,3.36,1,0
CUST_17421,Bangalore East,12-3,Monday,2.81,3,0
CUST_17422,Bangalore Central,10-12,Thursday,5.75,2,1
CUST_17423,Bangalore East,10-12,Tuesday,6.91,2,1
CUST_17424,Bangalore Central,10-12,Tuesday,2.31,1,0
CUST_17425,Bangalore North,12-3,Thursday,8.27,1,0
CUST_17426,Bangalore East,12-3,Monday,3.1,1,1
CUST_17427,Bangalore East,12-3,Thursday,7.76,1,1
CUST_17428,Bangalore East,10-12,Wednesday,10.78,3,0
CUST_17429,Bangalore North,3-5,Monday,4.74,2,0
CUST_17430,Bangalore North,3-5,Monday,4.06,1,0
CUST_17431,Bangalore South,10-12,Monday,4.73,3,1
CUST_17432,Bangalore North,12-3,Friday,11.01,3,1
CUST_17433,Bangalore East,10-12,Thursday,14.75,2,1
CUST_17434,Bangalore North,3-5,Wednesday,2.75,3,0
CUST_17435,Bangalore South,10-12,Wednesday,1.53,2,1
CUST_17436,Bangalore Central,3-5,Friday,10.58,1,1
CUST_17437,Bangalore Central,10-12,Thursday,12.97,1,1
CUST_17438,Bangalore Central,10-12,Friday,10.55,1,0
CUST_17439,Bangalore South,12-3,Wednesday,5.55,2,0
CUST_17440,Bangalore South,3-5,Monday,4.13,3,0
CUST_17441,Bangalore Central,12-3,Wednesday,1.68,1,0
CUST_17442,Bangalore South,12-3,Thursday,4.39,1,0
CUST_17443,Bangalore South,3-5,Tuesday,9.3,2,1
CUST_17444,Bangalore East,3-5,Wednesday,6.18,2,1
CUST_17445,Bangalore North,12-3,Thursday,5.06,2,0
CUST_17446,Bangalore South,12-3,Friday,10.74,2,0
CUST_17447,Bangalore North,10-12,Monday,2.32,2,0
CUST_17448,Bangalore East,12-3,Thursday,8.21,1,1
CUST_17449,Bangalore Central,3-5,Thursday,10.9,3,1
CUST_17450,Bangalore Central,10-12,Tuesday,10.83,1,1
CUST_17451,Bangalore East,12-3,Friday,7.93,2,1
CUST_17452,Bangalore Central,3-5,Thursday,10.61,3,1
CUST_17453,Bangalore East,3-5,Tuesday,2.67,1,1
CUST_17454,Bangalore South,12-3,Monday,12.4,2,0
CUST_17455,Bangalore East,12-3,Thursday,8.2,2,1
CUST_17456,Bangalore North,10-12,Wednesday,3.23,1,0
CUST_17457,Bangalore South,10-12,Wednesday,13.06,1,0
CUST_17458,Bangalore North,10-12,Tuesday,1.46,3,1
CUST_17459,Bangalore North,12-3,Thursday,4.98,2,0
CUST_17460,Bangalore East,3-5,Friday,1.4,1,0
CUST_17461,Bangalore North,12-3,Monday,10.41,1,0
CUST_17462,Bangalore North,12-3,Thursday,8.65,2,1
CUST_17463,Bangalore North,12-3,Monday,8.45,1,0
CUST_17464,Bangalore Central,3-5,Wednesday,7.5,2,1
CUST_17465,Bangalore South,12-3,Wednesday,4.17,1,1
CUST_17466,Bangalore East,10-12,Thursday,14.59,3,1
CUST_17467,Bangalore East,12-3,Monday,4.63,2,1
CUST_17468,Bangalore South,10-12,Thursday,5.97,1,0
CUST_17469,Bangalore East,3-5,Wednesday,6.48,2,0
CUST_17470,Bangalore North,10-12,Friday,9.72,2,1
CUST_17471,Bangalore South,10-12,Thursday,6.76,2,1
CUST_17472,Bangalore South,10-12,Wednesday,1.05,2,0
CUST_17473,Bangalore North,3-5,Wednesday,12.85,2,0
CUST_17474,Bangalore South,3-5,Tuesday,7.0,1,1
CUST_17475,Bangalore South,12-3,Tuesday,7.79,2,1
CUST_17476,Bangalore North,3-5,Tuesday,14.33,1,0
CUST_17477,Bangalore North,10-12,Thursday,14.87,1,0
CUST_17478,Bangalore East,10-12,Thursday,8.51,1,0
CUST_17479,Bangalore East,10-12,Thursday,4.44,2,1
CUST_17480,Bangalore Central,10-12,Tuesday,12.52,2,1
CUST_17481,Bangalore North,10-12,Thursday,12.56,2,0
CUST_17482,Bangalore Central,10-12,Wednesday,6.74,1,1
CUST_17483,Bangalore South,12-3,Monday,3.02,2,0
CUST_17484,Bangalore South,10-12,Wednesday,8.08,2,0
CUST_17485,Bangalore North,10-12,Tuesday,3.38,1,0
CUST_17486,Bangalore North,3-5,Friday,10.74,2,1
CUST_17487,Bangalore Central,12-3,Tuesday,4.36,2,0
CUST_17488,Bangalore East,12-3,Tuesday,7.43,1,0
CUST_17489,Bangalore South,12-3,Wednesday,3.21,2,1
CUST_17490,Bangalore North,12-3,Monday,4.85,1,1
CUST_17491,Bangalore North,10-12,Monday,12.18,1,0
CUST_17492,Bangalore South,3-5,Friday,10.32,1,0
CUST_17493,Bangalore North,10-12,Tuesday,2.1,2,0
CUST_17494,Bangalore East,3-5,Monday,9.28,3,0
CUST_17495,Bangalore East,12-3,Tuesday,12.98,3,0
CUST_17496,Bangalore Central,10-12,Monday,9.62,1,0
CUST_17497,Bangalore Central,12-3,Friday,13.29,2,1
CUST_17498,Bangalore Central,3-5,Friday,7.94,1,0
CUST_17499,Bangalore East,3-5,Tuesday,3.49,3,0
CUST_17500,Bangalore East,10-12,Monday,9.73,1,1
CUST_17501,Bangalore South,3-5,Wednesday,3.34,3,1
CUST_17502,Bangalore East,12-3,Tuesday,9.85,2,1
CUST_17503,Bangalore South,10-12,Monday,9.95,1,1
CUST_17504,Bangalore East,3-5,Monday,1.84,3,1
CUST_17505,Bangalore Central,10-12,Monday,3.56,1,1
CUST_17506,Bangalore South,12-3,Thursday,11.05,2,1
CUST_17507,Bangalore South,10-12,Thursday,4.99,2,1
CUST_17508,Bangalore Central,10-12,Wednesday,12.11,2,0
CUST_17509,Bangalore South,10-12,Monday,8.86,2,1
CUST_17510,Bangalore South,3-5,Friday,7.24,2,1
CUST_17511,Bangalore North,3-5,Thursday,12.82,3,1
CUST_17512,Bangalore South,12-3,Wednesday,7.35,3,1
CUST_17513,Bangalore South,10-12,Wednesday,2.93,1,0
CUST_17514,Bangalore North,10-12,Friday,13.35,2,1
CUST_17515,Bangalore South,10-12,Wednesday,10.86,2,1
CUST_17516,Bangalore North,10-12,Thursday,7.02,1,1
CUST_17517,Bangalore Central,3-5,Monday,7.33,3,1
CUST_17518,Bangalore North,12-3,Wednesday,12.32,2,1
CUST_17519,Bangalore Central,12-3,Friday,8.46,2,1
CUST_17520,Bangalore North,10-12,Monday,3.04,2,0
CUST_17521,Bangalore Central,10-12,Tuesday,6.0,1,1
CUST_17522,Bangalore Central,12-3,Wednesday,3.43,3,1
CUST_17523,Bangalore Central,12-3,Tuesday,4.72,1,0
CUST_17524,Bangalore Central,10-12,Wednesday,10.38,3,0
CUST_17525,Bangalore North,3-5,Thursday,12.96,2,1
CUST_17526,Bangalore South,3-5,Tuesday,12.13,1,1
CUST_17527,Bangalore East,12-3,Thursday,8.18,2,0
CUST_17528,Bangalore East,3-5,Friday,5.93,2,1
CUST_17529,Bangalore Central,12-3,Tuesday,11.44,2,1
CUST_17530,Bangalore Central,3-5,Thursday,4.82,2,0
CUST_17531,Bangalore Central,10-12,Tuesday,3.71,2,0
CUST_17532,Bangalore Central,10-12,Wednesday,8.28,2,1
CUST_17533,Bangalore South,3-5,Monday,5.84,3,0
CUST_17534,Bangalore North,12-3,Wednesday,10.13,2,0
CUST_17535,Bangalore South,12-3,Friday,1.47,1,1
CUST_17536,Bangalore North,10-12,Wednesday,11.68,2,0
CUST_17537,Bangalore Central,10-12,Wednesday,2.38,2,0
CUST_17538,Bangalore Central,3-5,Tuesday,12.3,2,1
CUST_17539,Bangalore North,10-12,Tuesday,5.67,1,1
CUST_17540,Bangalore East,10-12,Thursday,14.1,3,0
CUST_17541,Bangalore North,12-3,Wednesday,11.43,1,0
CUST_17542,Bangalore South,12-3,Monday,12.0,1,0
CUST_17543,Bangalore North,12-3,Tuesday,12.0,1,0
CUST_17544,Bangalore South,12-3,Tuesday,13.67,1,0
CUST_17545,Bangalore North,10-12,Thursday,6.63,2,0
CUST_17546,Bangalore North,3-5,Tuesday,1.41,2,0
CUST_17547,Bangalore North,10-12,Wednesday,14.39,2,0
CUST_17548,Bangalore Central,3-5,Tuesday,5.66,1,1
CUST_17549,Bangalore North,12-3,Wednesday,4.54,3,1
CUST_17550,Bangalore South,12-3,Tuesday,13.68,2,1
CUST_17551,Bangalore East,3-5,Thursday,2.83,2,1
CUST_17552,Bangalore North,12-3,Friday,10.03,1,0
CUST_17553,Bangalore Central,10-12,Thursday,2.57,1,1
CUST_17554,Bangalore North,3-5,Friday,4.56,1,0
CUST_17555,Bangalore East,12-3,Tuesday,8.24,2,0
CUST_17556,Bangalore Central,3-5,Monday,11.15,2,1
CUST_17557,Bangalore South,3-5,Thursday,6.86,1,0
CUST_17558,Bangalore East,3-5,Wednesday,8.18,1,1
CUST_17559,Bangalore North,3-5,Friday,7.82,2,1
CUST_17560,Bangalore Central,3-5,Tuesday,10.69,1,0
CUST_17561,Bangalore North,10-12,Monday,4.63,1,1
CUST_17562,Bangalore East,10-12,Monday,13.94,3,1
CUST_17563,Bangalore East,10-12,Monday,3.84,3,1
CUST_17564,Bangalore North,10-12,Friday,2.96,3,0
CUST_17565,Bangalore Central,12-3,Tuesday,10.64,3,1
CUST_17566,Bangalore North,10-12,Monday,12.93,1,1
CUST_17567,Bangalore Central,3-5,Friday,10.81,1,1
CUST_17568,Bangalore Central,3-5,Friday,10.55,2,1
CUST_17569,Bangalore Central,12-3,Monday,5.18,2,1
CUST_17570,Bangalore South,12-3,Wednesday,9.18,2,1
CUST_17571,Bangalore East,3-5,Wednesday,5.22,2,1
CUST_17572,Bangalore North,10-12,Thursday,4.54,1,0
CUST_17573,Bangalore East,3-5,Tuesday,1.02,3,0
CUST_17574,Bangalore North,10-12,Thursday,8.68,1,0
CUST_17575,Bangalore North,3-5,Wednesday,3.29,2,0
CUST_17576,Bangalore East,12-3,Thursday,6.38,1,1
CUST_17577,Bangalore Central,12-3,Monday,8.93,2,1
CUST_17578,Bangalore North,10-12,Monday,3.53,2,1
CUST_17579,Bangalore North,12-3,Tuesday,2.13,1,0
CUST_17580,Bangalore Central,3-5,Thursday,8.41,2,0
CUST_17581,Bangalore East,12-3,Thursday,7.8,3,0
CUST_17582,Bangalore South,12-3,Wednesday,7.72,2,1
CUST_17583,Bangalore Central,3-5,Tuesday,10.32,1,0
CUST_17584,Bangalore North,3-5,Tuesday,10.62,1,1
CUST_17585,Bangalore South,3-5,Wednesday,2.67,2,1
CUST_17586,Bangalore South,3-5,Monday,13.15,2,0
CUST_17587,Bangalore Central,3-5,Wednesday,10.71,2,0
CUST_17588,Bangalore East,3-5,Tuesday,8.06,3,0
CUST_17589,Bangalore North,10-12,Friday,10.88,1,1
CUST_17590,Bangalore South,3-5,Tuesday,1.25,2,0
CUST_17591,Bangalore South,12-3,Wednesday,1.55,1,0
CUST_17592,Bangalore Central,3-5,Friday,11.56,2,0
CUST_17593,Bangalore South,3-5,Tuesday,6.88,2,0
CUST_17594,Bangalore East,12-3,Wednesday,13.55,2,1
CUST_17595,Bangalore South,3-5,Monday,7.66,2,0
CUST_17596,Bangalore East,3-5,Wednesday,8.78,2,0
CUST_17597,Bangalore South,12-3,Friday,1.59,3,1
CUST_17598,Bangalore East,10-12,Wednesday,10.66,2,1
CUST_17599,Bangalore North,3-5,Thursday,5.74,1,0
CUST_17600,Bangalore North,12-3,Tuesday,10.32,2,0
CUST_17601,Bangalore East,10-12,Thursday,9.45,3,1
CUST_17602,Bangalore South,12-3,Wednesday,10.2,2,1
CUST_17603,Bangalore South,10-12,Wednesday,13.44,2,1
CUST_17604,Bangalore South,12-3,Friday,4.39,2,0
CUST_17605,Bangalore East,10-12,Friday,11.51,2,0
CUST_17606,Bangalore South,12-3,Thursday,5.07,2,0
CUST_17607,Bangalore North,10-12,Monday,9.09,1,0
CUST_17608,Bangalore Central,10-12,Tuesday,10.53,3,1
CUST_17609,Bangalore East,3-5,Thursday,11.69,3,1
CUST_17610,Bangalore North,3-5,Wednesday,7.63,1,0
CUST_17611,Bangalore North,12-3,Thursday,14.39,2,0
CUST_17612,Bangalore South,3-5,Thursday,3.1,1,0
CUST_17613,Bangalore Central,12-3,Monday,2.86,1,1
CUST_17614,Bangalore South,10-12,Tuesday,9.53,2,1
CUST_17615,Bangalore North,3-5,Thursday,6.94,3,1
CUST_17616,Bangalore South,3-5,Tuesday,9.88,2,1
CUST_17617,Bangalore East,10-12,Monday,11.0,2,1
CUST_17618,Bangalore South,12-3,Wednesday,7.39,1,1
CUST_17619,Bangalore East,3-5,Tuesday,5.35,2,1
CUST_17620,Bangalore South,12-3,Friday,1.89,3,1
CUST_17621,Bangalore North,12-3,Monday,12.29,2,1
CUST_17622,Bangalore North,12-3,Tuesday,5.85,2,1
CUST_17623,Bangalore South,10-12,Monday,5.19,1,1
CUST_17624,Bangalore East,12-3,Tuesday,10.0,2,0
CUST_17625,Bangalore Central,10-12,Wednesday,3.25,2,0
CUST_17626,Bangalore North,3-5,Tuesday,8.6,2,0
CUST_17627,Bangalore Central,3-5,Thursday,8.18,1,0
CUST_17628,Bangalore East,10-12,Tuesday,13.3,2,0
CUST_17629,Bangalore East,10-12,Thursday,12.56,2,0
CUST_17630,Bangalore Central,3-5,Wednesday,6.45,2,0
CUST_17631,Bangalore North,12-3,Monday,8.76,2,1
CUST_17632,Bangalore Central,12-3,Thursday,12.89,3,0
CUST_17633,Bangalore East,12-3,Thursday,12.76,2,0
CUST_17634,Bangalore North,10-12,Tuesday,10.82,2,1
CUST_17635,Bangalore Central,12-3,Thursday,7.61,2,0
CUST_17636,Bangalore North,3-5,Wednesday,7.23,2,0
CUST_17637,Bangalore East,12-3,Thursday,9.34,1,1
CUST_17638,Bangalore Central,12-3,Wednesday,2.66,1,1
CUST_17639,Bangalore Central,12-3,Tuesday,13.73,1,1
CUST_17640,Bangalore South,3-5,Thursday,10.16,2,0
CUST_17641,Bangalore East,12-3,Wednesday,11.63,1,1
CUST_17642,Bangalore East,3-5,Tuesday,6.3,2,1
CUST_17643,Bangalore North,3-5,Thursday,3.3,3,1
CUST_17644,Bangalore South,12-3,Friday,9.25,1,0
CUST_17645,Bangalore North,10-12,Monday,4.88,3,0
CUST_17646,Bangalore East,12-3,Tuesday,11.36,1,1
CUST_17647,Bangalore East,3-5,Monday,7.48,2,0
CUST_17648,Bangalore South,10-12,Thursday,4.44,2,1
CUST_17649,Bangalore North,3-5,Thursday,3.75,2,1
CUST_17650,Bangalore South,10-12,Wednesday,5.03,1,0
CUST_17651,Bangalore South,3-5,Wednesday,10.93,2,0
CUST_17652,Bangalore East,12-3,Thursday,2.16,1,1
CUST_17653,Bangalore North,10-12,Wednesday,1.11,2,0
CUST_17654,Bangalore Central,10-12,Monday,6.61,1,1
CUST_17655,Bangalore South,12-3,Monday,1.01,1,1
CUST_17656,Bangalore North,3-5,Tuesday,13.53,1,1
CUST_17657,Bangalore Central,3-5,Monday,9.47,2,0
CUST_17658,Bangalore East,12-3,Wednesday,7.66,3,0
CUST_17659,Bangalore East,3-5,Thursday,11.82,2,0
CUST_17660,Bangalore South,3-5,Thursday,4.82,3,1
CUST_17661,Bangalore South,10-12,Tuesday,12.07,3,1
CUST_17662,Bangalore South,3-5,Thursday,1.34,2,1
CUST_17663,Bangalore East,12-3,Monday,12.95,1,1
CUST_17664,Bangalore North,3-5,Friday,6.98,1,1
CUST_17665,Bangalore East,3-5,Thursday,14.82,1,1
CUST_17666,Bangalore East,10-12,Thursday,4.97,1,1
CUST_17667,Bangalore South,3-5,Wednesday,13.44,2,1
CUST_17668,Bangalore North,10-12,Thursday,3.64,2,0
CUST_17669,Bangalore North,12-3,Wednesday,6.91,3,0
CUST_17670,Bangalore South,12-3,Tuesday,9.61,2,0
CUST_17671,Bangalore North,12-3,Wednesday,4.11,1,0
CUST_17672,Bangalore North,12-3,Friday,13.77,1,1
CUST_17673,Bangalore East,10-12,Monday,3.25,2,1
CUST_17674,Bangalore East,3-5,Monday,5.85,2,0
CUST_17675,Bangalore South,10-12,Friday,2.82,2,1
CUST_17676,Bangalore Central,3-5,Friday,13.23,2,1
CUST_17677,Bangalore East,12-3,Friday,3.09,2,1
CUST_17678,Bangalore Central,10-12,Friday,12.35,2,1
CUST_17679,Bangalore Central,10-12,Friday,14.73,2,0
CUST_17680,Bangalore North,10-12,Thursday,9.82,2,0
CUST_17681,Bangalore Central,3-5,Thursday,10.21,2,0
CUST_17682,Bangalore South,12-3,Monday,6.35,2,0
CUST_17683,Bangalore East,10-12,Wednesday,14.91,2,0
CUST_17684,Bangalore North,10-12,Friday,4.62,3,1
CUST_17685,Bangalore North,3-5,Monday,2.52,2,1
CUST_17686,Bangalore East,12-3,Monday,4.87,3,1
CUST_17687,Bangalore Central,12-3,Wednesday,14.08,1,1
CUST_17688,Bangalore Central,12-3,Tuesday,3.51,2,1
CUST_17689,Bangalore South,12-3,Friday,12.77,2,1
CUST_17690,Bangalore South,3-5,Thursday,8.48,1,1
CUST_17691,Bangalore South,10-12,Friday,6.46,2,1
CUST_17692,Bangalore South,12-3,Wednesday,14.66,2,1
CUST_17693,Bangalore Central,3-5,Friday,12.99,1,1
CUST_17694,Bangalore South,12-3,Wednesday,10.52,2,1
CUST_17695,Bangalore East,12-3,Thursday,3.3,3,1
CUST_17696,Bangalore Central,12-3,Thursday,14.74,3,1
CUST_17697,Bangalore Central,10-12,Monday,14.5,2,1
CUST_17698,Bangalore East,10-12,Thursday,9.29,1,1
CUST_17699,Bangalore South,10-12,Tuesday,9.39,1,1
CUST_17700,Bangalore Central,10-12,Friday,4.11,2,0
CUST_17701,Bangalore South,12-3,Friday,6.29,2,0
CUST_17702,Bangalore North,3-5,Friday,8.82,2,1
CUST_17703,Bangalore Central,3-5,Wednesday,5.28,2,1
CUST_17704,Bangalore East,10-12,Thursday,12.57,2,0
CUST_17705,Bangalore Central,3-5,Monday,14.18,1,1
CUST_17706,Bangalore Central,12-3,Wednesday,6.3,2,1
CUST_17707,Bangalore North,12-3,Thursday,10.19,2,0
CUST_17708,Bangalore South,3-5,Wednesday,2.71,1,1
CUST_17709,Bangalore Central,12-3,Thursday,10.49,2,1
CUST_17710,Bangalore Central,10-12,Friday,11.95,3,0
CUST_17711,Bangalore South,10-12,Tuesday,11.42,2,0
CUST_17712,Bangalore North,10-12,Thursday,13.7,1,0
CUST_17713,Bangalore South,3-5,Friday,14.07,1,0
CUST_17714,Bangalore South,10-12,Tuesday,10.55,2,0
CUST_17715,Bangalore North,12-3,Thursday,12.92,3,0
CUST_17716,Bangalore North,10-12,Monday,7.73,3,1
CUST_17717,Bangalore East,3-5,Friday,13.27,1,0
CUST_17718,Bangalore Central,3-5,Thursday,14.69,1,1
CUST_17719,Bangalore North,10-12,Friday,12.03,2,1
CUST_17720,Bangalore South,12-3,Tuesday,3.07,1,1
CUST_17721,Bangalore North,3-5,Monday,6.67,2,0
CUST_17722,Bangalore East,3-5,Friday,10.4,2,1
CUST_17723,Bangalore North,12-3,Wednesday,9.57,2,0
CUST_17724,Bangalore East,10-12,Friday,3.7,3,1
CUST_17725,Bangalore Central,3-5,Tuesday,12.69,2,0
CUST_17726,Bangalore Central,12-3,Thursday,1.35,2,0
CUST_17727,Bangalore Central,3-5,Wednesday,6.87,3,1
CUST_17728,Bangalore Central,3-5,Wednesday,4.4,1,0
CUST_17729,Bangalore East,3-5,Thursday,7.68,3,1
CUST_17730,Bangalore North,10-12,Thursday,6.82,2,1
CUST_17731,Bangalore Central,12-3,Friday,7.15,1,1
CUST_17732,Bangalore Central,12-3,Wednesday,7.43,1,0
CUST_17733,Bangalore East,10-12,Friday,12.1,2,1
CUST_17734,Bangalore South,12-3,Monday,11.34,3,1
CUST_17735,Bangalore North,10-12,Friday,2.66,3,0
CUST_17736,Bangalore North,3-5,Thursday,6.97,3,0
CUST_17737,Bangalore South,3-5,Monday,13.53,3,0
CUST_17738,Bangalore Central,3-5,Monday,10.11,2,0
CUST_17739,Bangalore North,10-12,Friday,7.89,1,0
CUST_17740,Bangalore North,10-12,Thursday,14.1,3,1
CUST_17741,Bangalore South,12-3,Friday,11.41,2,1
CUST_17742,Bangalore East,3-5,Thursday,1.91,2,0
CUST_17743,Bangalore North,3-5,Tuesday,9.12,1,1
CUST_17744,Bangalore North,12-3,Friday,9.09,3,0
CUST_17745,Bangalore East,12-3,Friday,14.6,2,1
CUST_17746,Bangalore Central,3-5,Wednesday,13.99,2,0
CUST_17747,Bangalore South,12-3,Thursday,11.29,2,0
CUST_17748,Bangalore North,10-12,Monday,3.25,1,1
CUST_17749,Bangalore Central,12-3,Tuesday,10.34,1,1
CUST_17750,Bangalore North,12-3,Tuesday,12.84,2,1
CUST_17751,Bangalore North,12-3,Monday,9.01,1,0
CUST_17752,Bangalore Central,3-5,Friday,8.29,1,1
CUST_17753,Bangalore North,12-3,Thursday,12.57,3,1
CUST_17754,Bangalore Central,12-3,Monday,13.8,2,1
CUST_17755,Bangalore North,12-3,Monday,9.63,1,1
CUST_17756,Bangalore South,10-12,Monday,13.53,2,0
CUST_17757,Bangalore South,12-3,Monday,3.29,3,1
CUST_17758,Bangalore North,12-3,Wednesday,7.88,3,1
CUST_17759,Bangalore Central,3-5,Monday,3.94,3,0
CUST_17760,Bangalore Central,3-5,Monday,13.19,1,0
CUST_17761,Bangalore North,12-3,Thursday,7.91,3,1
CUST_17762,Bangalore East,12-3,Friday,6.74,3,1
CUST_17763,Bangalore East,3-5,Friday,3.06,1,1
CUST_17764,Bangalore Central,12-3,Tuesday,8.11,2,0
CUST_17765,Bangalore North,12-3,Monday,13.64,1,0
CUST_17766,Bangalore South,12-3,Thursday,1.15,1,1
CUST_17767,Bangalore North,10-12,Monday,10.68,1,0
CUST_17768,Bangalore South,10-12,Thursday,3.83,2,1
CUST_17769,Bangalore South,3-5,Friday,10.8,2,1
CUST_17770,Bangalore Central,10-12,Monday,9.57,2,1
CUST_17771,Bangalore Central,12-3,Thursday,7.47,1,0
CUST_17772,Bangalore East,3-5,Tuesday,9.42,2,1
CUST_17773,Bangalore North,3-5,Tuesday,3.42,2,0
CUST_17774,Bangalore North,3-5,Thursday,3.19,2,0
CUST_17775,Bangalore North,3-5,Tuesday,9.23,2,1
CUST_17776,Bangalore Central,3-5,Thursday,13.8,2,1
CUST_17777,Bangalore Central,3-5,Thursday,4.51,2,0
CUST_17778,Bangalore East,10-12,Wednesday,2.4,2,1
CUST_17779,Bangalore East,3-5,Tuesday,7.14,1,1
CUST_17780,Bangalore Central,10-12,Monday,14.44,2,1
CUST_17781,Bangalore South,10-12,Tuesday,9.0,1,1
CUST_17782,Bangalore South,10-12,Tuesday,9.62,2,0
CUST_17783,Bangalore North,10-12,Friday,9.5,2,1
CUST_17784,Bangalore Central,12-3,Tuesday,14.76,2,0
CUST_17785,Bangalore East,12-3,Wednesday,8.85,2,0
CUST_17786,Bangalore East,3-5,Tuesday,10.0,2,1
CUST_17787,Bangalore South,3-5,Friday,14.66,2,1
CUST_17788,Bangalore Central,3-5,Wednesday,3.84,3,0
CUST_17789,Bangalore North,12-3,Thursday,5.59,2,1
CUST_17790,Bangalore Central,12-3,Friday,1.23,2,0
CUST_17791,Bangalore North,10-12,Tuesday,9.0,2,1
CUST_17792,Bangalore North,10-12,Thursday,4.8,2,0
CUST_17793,Bangalore Central,10-12,Friday,7.45,2,1
CUST_17794,Bangalore Central,12-3,Wednesday,13.29,2,1
CUST_17795,Bangalore Central,3-5,Friday,9.53,3,0
CUST_17796,Bangalore South,10-12,Tuesday,7.76,1,0
CUST_17797,Bangalore South,10-12,Friday,7.43,2,0
CUST_17798,Bangalore North,12-3,Wednesday,9.76,3,0
CUST_17799,Bangalore Central,3-5,Thursday,8.24,3,1
CUST_17800,Bangalore North,10-12,Tuesday,10.23,1,0
CUST_17801,Bangalore Central,10-12,Thursday,6.88,2,1
CUST_17802,Bangalore North,10-12,Tuesday,14.36,1,1
CUST_17803,Bangalore East,3-5,Monday,11.15,1,1
CUST_17804,Bangalore Central,12-3,Tuesday,2.43,2,1
CUST_17805,Bangalore East,12-3,Tuesday,6.55,1,1
CUST_17806,Bangalore North,3-5,Friday,12.5,2,1
CUST_17807,Bangalore North,3-5,Friday,10.15,1,1
CUST_17808,Bangalore Central,10-12,Monday,11.11,2,1
CUST_17809,Bangalore North,10-12,Monday,2.69,1,1
CUST_17810,Bangalore Central,3-5,Tuesday,5.06,2,0
CUST_17811,Bangalore South,3-5,Thursday,2.39,2,0
CUST_17812,Bangalore Central,3-5,Monday,1.72,2,1
CUST_17813,Bangalore East,10-12,Monday,2.25,1,1
CUST_17814,Bangalore South,12-3,Thursday,5.19,2,1
CUST_17815,Bangalore Central,10-12,Tuesday,13.1,2,0
CUST_17816,Bangalore East,3-5,Tuesday,3.08,1,1
CUST_17817,Bangalore North,3-5,Thursday,6.59,1,0
CUST_17818,Bangalore Central,10-12,Friday,2.9,2,1
CUST_17819,Bangalore North,10-12,Wednesday,9.35,3,1
CUST_17820,Bangalore East,10-12,Wednesday,14.41,2,0
CUST_17821,Bangalore East,12-3,Wednesday,3.16,3,1
CUST_17822,Bangalore South,10-12,Thursday,3.16,3,0
CUST_17823,Bangalore South,10-12,Thursday,4.7,2,1
CUST_17824,Bangalore East,3-5,Thursday,7.53,2,1
CUST_17825,Bangalore East,3-5,Friday,3.68,1,0
CUST_17826,Bangalore Central,3-5,Wednesday,7.49,2,1
CUST_17827,Bangalore North,10-12,Friday,13.28,1,0
CUST_17828,Bangalore East,12-3,Thursday,6.34,1,1
CUST_17829,Bangalore South,10-12,Tuesday,10.04,3,1
CUST_17830,Bangalore South,10-12,Monday,3.14,1,1
CUST_17831,Bangalore North,10-12,Monday,1.92,2,1
CUST_17832,Bangalore East,12-3,Thursday,9.07,1,0
CUST_17833,Bangalore South,3-5,Monday,7.47,2,1
CUST_17834,Bangalore South,10-12,Friday,3.07,2,1
CUST_17835,Bangalore East,10-12,Friday,12.58,1,1
CUST_17836,Bangalore East,3-5,Wednesday,11.91,3,1
CUST_17837,Bangalore Central,10-12,Wednesday,4.78,1,0
CUST_17838,Bangalore East,10-12,Friday,14.71,2,0
CUST_17839,Bangalore South,3-5,Thursday,10.79,1,1
CUST_17840,Bangalore South,12-3,Friday,2.02,1,0
CUST_17841,Bangalore Central,3-5,Friday,4.98,2,1
CUST_17842,Bangalore North,3-5,Friday,7.58,2,0
CUST_17843,Bangalore South,12-3,Friday,10.69,1,0
CUST_17844,Bangalore East,3-5,Tuesday,9.57,3,1
CUST_17845,Bangalore East,12-3,Monday,11.2,3,1
CUST_17846,Bangalore South,3-5,Thursday,3.02,2,0
CUST_17847,Bangalore South,12-3,Friday,9.13,2,1
CUST_17848,Bangalore East,12-3,Monday,2.15,2,0
CUST_17849,Bangalore North,10-12,Tuesday,11.03,2,0
CUST_17850,Bangalore North,12-3,Monday,2.85,2,1
CUST_17851,Bangalore East,12-3,Wednesday,13.44,2,0
CUST_17852,Bangalore South,12-3,Wednesday,13.04,2,0
CUST_17853,Bangalore North,3-5,Friday,7.14,3,1
CUST_17854,Bangalore East,12-3,Monday,10.73,1,0
CUST_17855,Bangalore North,12-3,Monday,13.39,1,1
CUST_17856,Bangalore North,12-3,Friday,7.34,2,1
CUST_17857,Bangalore East,3-5,Wednesday,10.81,1,1
CUST_17858,Bangalore East,10-12,Monday,3.92,2,1
CUST_17859,Bangalore North,12-3,Wednesday,10.61,3,0
CUST_17860,Bangalore North,10-12,Wednesday,3.18,2,0
CUST_17861,Bangalore Central,3-5,Tuesday,2.7,2,1
CUST_17862,Bangalore Central,12-3,Thursday,4.78,1,0
CUST_17863,Bangalore Central,12-3,Wednesday,13.09,1,1
CUST_17864,Bangalore East,12-3,Tuesday,12.85,1,0
CUST_17865,Bangalore East,3-5,Wednesday,10.79,1,1
CUST_17866,Bangalore East,10-12,Friday,7.35,1,1
CUST_17867,Bangalore Central,3-5,Thursday,4.05,3,1
CUST_17868,Bangalore East,3-5,Wednesday,2.17,1,1
CUST_17869,Bangalore Central,12-3,Tuesday,2.43,2,0
CUST_17870,Bangalore North,3-5,Wednesday,6.35,2,1
CUST_17871,Bangalore North,10-12,Wednesday,13.65,2,1
CUST_17872,Bangalore South,12-3,Wednesday,10.18,2,1
CUST_17873,Bangalore South,3-5,Wednesday,13.66,1,0
CUST_17874,Bangalore North,10-12,Monday,4.27,1,0
CUST_17875,Bangalore Central,10-12,Friday,1.77,1,0
CUST_17876,Bangalore South,10-12,Thursday,12.83,1,0
CUST_17877,Bangalore South,3-5,Monday,4.17,2,0
CUST_17878,Bangalore South,3-5,Friday,10.44,3,0
CUST_17879,Bangalore North,10-12,Friday,4.62,2,1
CUST_17880,Bangalore Central,3-5,Wednesday,2.87,2,0
CUST_17881,Bangalore Central,12-3,Wednesday,3.18,1,1
CUST_17882,Bangalore North,10-12,Monday,4.08,2,1
CUST_17883,Bangalore North,10-12,Wednesday,14.95,3,0
CUST_17884,Bangalore East,10-12,Friday,3.84,1,0
CUST_17885,Bangalore Central,3-5,Wednesday,11.45,2,0
CUST_17886,Bangalore Central,3-5,Wednesday,11.98,1,0
CUST_17887,Bangalore East,12-3,Wednesday,4.01,2,0
CUST_17888,Bangalore North,10-12,Monday,8.73,2,0
CUST_17889,Bangalore East,3-5,Tuesday,2.89,3,1
CUST_17890,Bangalore East,10-12,Monday,8.17,2,1
CUST_17891,Bangalore East,12-3,Thursday,14.33,3,0
CUST_17892,Bangalore East,3-5,Friday,2.3,1,1
CUST_17893,Bangalore East,10-12,Thursday,6.21,2,1
CUST_17894,Bangalore East,12-3,Friday,6.42,2,1
CUST_17895,Bangalore South,12-3,Monday,12.7,3,0
CUST_17896,Bangalore East,3-5,Friday,1.32,2,1
CUST_17897,Bangalore East,10-12,Friday,14.42,3,1
CUST_17898,Bangalore South,12-3,Friday,12.06,2,0
CUST_17899,Bangalore Central,3-5,Tuesday,12.57,2,0
CUST_17900,Bangalore East,3-5,Thursday,9.35,2,1
CUST_17901,Bangalore North,12-3,Friday,14.74,2,0
CUST_17902,Bangalore South,10-12,Thursday,8.37,3,1
CUST_17903,Bangalore North,3-5,Tuesday,6.39,3,1
CUST_17904,Bangalore North,3-5,Wednesday,4.17,1,1
CUST_17905,Bangalore East,10-12,Monday,14.61,1,0
CUST_17906,Bangalore North,3-5,Friday,6.46,2,1
CUST_17907,Bangalore North,3-5,Wednesday,5.65,1,1
CUST_17908,Bangalore Central,12-3,Friday,1.1,3,1
CUST_17909,Bangalore North,12-3,Monday,9.36,1,0
CUST_17910,Bangalore North,10-12,Monday,12.44,2,0
CUST_17911,Bangalore Central,3-5,Thursday,5.93,2,0
CUST_17912,Bangalore South,12-3,Friday,9.17,2,1
CUST_17913,Bangalore Central,12-3,Friday,3.76,2,0
CUST_17914,Bangalore South,12-3,Monday,13.9,3,1
CUST_17915,Bangalore Central,12-3,Friday,10.74,2,0
CUST_17916,Bangalore South,12-3,Tuesday,5.5,1,0
CUST_17917,Bangalore North,3-5,Monday,8.66,1,0
CUST_17918,Bangalore Central,12-3,Tuesday,12.95,2,0
CUST_17919,Bangalore East,3-5,Wednesday,13.17,3,1
CUST_17920,Bangalore North,3-5,Friday,2.91,1,0
CUST_17921,Bangalore Central,12-3,Wednesday,10.21,3,0
CUST_17922,Bangalore Central,10-12,Friday,11.6,2,0
CUST_17923,Bangalore North,12-3,Thursday,12.1,1,0
CUST_17924,Bangalore South,10-12,Thursday,2.53,2,0
CUST_17925,Bangalore North,12-3,Friday,11.47,3,0
CUST_17926,Bangalore North,3-5,Tuesday,13.86,2,0
CUST_17927,Bangalore Central,3-5,Friday,5.38,2,0
CUST_17928,Bangalore East,12-3,Friday,7.97,1,1
CUST_17929,Bangalore South,12-3,Monday,14.05,1,0
CUST_17930,Bangalore North,10-12,Monday,4.3,2,1
CUST_17931,Bangalore South,10-12,Thursday,3.56,2,1
CUST_17932,Bangalore Central,12-3,Friday,2.85,1,1
CUST_17933,Bangalore East,3-5,Friday,3.96,1,0
CUST_17934,Bangalore North,12-3,Thursday,12.58,1,1
CUST_17935,Bangalore East,12-3,Thursday,2.59,1,1
CUST_17936,Bangalore South,10-12,Friday,6.57,2,1
CUST_17937,Bangalore South,3-5,Tuesday,1.94,2,0
CUST_17938,Bangalore Central,10-12,Wednesday,10.17,2,1
CUST_17939,Bangalore East,10-12,Thursday,3.18,1,1
CUST_17940,Bangalore East,10-12,Monday,11.09,1,1
CUST_17941,Bangalore East,3-5,Wednesday,9.42,2,1
CUST_17942,Bangalore South,3-5,Tuesday,5.27,1,0
CUST_17943,Bangalore Central,12-3,Friday,12.36,2,0
CUST_17944,Bangalore North,10-12,Friday,3.91,1,1
CUST_17945,Bangalore East,10-12,Tuesday,10.98,1,0
CUST_17946,Bangalore North,12-3,Tuesday,2.6,2,1
CUST_17947,Bangalore South,10-12,Tuesday,1.93,3,0
CUST_17948,Bangalore South,12-3,Thursday,12.9,1,0
CUST_17949,Bangalore South,10-12,Thursday,8.36,1,1
CUST_17950,Bangalore South,12-3,Thursday,11.87,1,1
CUST_17951,Bangalore Central,3-5,Friday,6.56,2,1
CUST_17952,Bangalore East,12-3,Wednesday,4.69,2,1
CUST_17953,Bangalore East,3-5,Monday,2.48,2,0
CUST_17954,Bangalore East,12-3,Wednesday,7.58,2,0
CUST_17955,Bangalore East,12-3,Monday,6.08,1,0
CUST_17956,Bangalore North,3-5,Tuesday,5.5,2,0
CUST_17957,Bangalore South,12-3,Wednesday,14.91,2,1
CUST_17958,Bangalore North,10-12,Wednesday,2.8,3,0
CUST_17959,Bangalore Central,3-5,Monday,9.58,2,0
CUST_17960,Bangalore North,12-3,Wednesday,3.95,2,1
CUST_17961,Bangalore South,10-12,Monday,8.08,3,1
CUST_17962,Bangalore South,3-5,Monday,5.32,2,1
CUST_17963,Bangalore Central,3-5,Thursday,1.09,3,1
CUST_17964,Bangalore North,10-12,Wednesday,9.09,2,1
CUST_17965,Bangalore East,12-3,Thursday,12.51,1,1
CUST_17966,Bangalore South,12-3,Wednesday,12.09,3,0
CUST_17967,Bangalore East,12-3,Tuesday,13.44,1,1
CUST_17968,Bangalore East,12-3,Thursday,8.42,2,0
CUST_17969,Bangalore East,3-5,Monday,9.91,2,1
CUST_17970,Bangalore Central,12-3,Friday,7.03,3,1
CUST_17971,Bangalore South,10-12,Monday,8.45,1,1
CUST_17972,Bangalore North,3-5,Monday,14.62,1,1
CUST_17973,Bangalore East,12-3,Thursday,13.75,2,0
CUST_17974,Bangalore Central,3-5,Thursday,11.64,1,0
CUST_17975,Bangalore North,3-5,Friday,4.28,2,0
CUST_17976,Bangalore Central,10-12,Tuesday,12.04,3,1
CUST_17977,Bangalore South,10-12,Tuesday,8.9,2,0
CUST_17978,Bangalore Central,3-5,Tuesday,3.38,1,1
CUST_17979,Bangalore South,3-5,Wednesday,14.08,1,1
CUST_17980,Bangalore Central,12-3,Friday,3.49,3,1
CUST_17981,Bangalore Central,12-3,Wednesday,1.66,1,0
CUST_17982,Bangalore East,12-3,Wednesday,5.16,1,0
CUST_17983,Bangalore North,10-12,Wednesday,3.01,2,1
CUST_17984,Bangalore North,12-3,Monday,7.68,1,0
CUST_17985,Bangalore East,12-3,Monday,14.27,2,0
CUST_17986,Bangalore East,10-12,Friday,1.9,1,1
CUST_17987,Bangalore North,3-5,Tuesday,6.2,3,0
CUST_17988,Bangalore East,3-5,Thursday,9.02,2,0
CUST_17989,Bangalore North,12-3,Friday,12.73,1,1
CUST_17990,Bangalore North,12-3,Monday,10.95,3,0
CUST_17991,Bangalore East,12-3,Tuesday,4.64,3,1
CUST_17992,Bangalore North,12-3,Wednesday,14.74,2,0
CUST_17993,Bangalore South,3-5,Wednesday,2.54,3,1
CUST_17994,Bangalore East,12-3,Tuesday,14.31,3,1
CUST_17995,Bangalore Central,3-5,Thursday,10.23,3,0
CUST_17996,Bangalore Central,10-12,Friday,4.62,3,0
CUST_17997,Bangalore South,12-3,Monday,5.81,3,0
CUST_17998,Bangalore North,12-3,Monday,14.75,1,0
CUST_17999,Bangalore East,3-5,Friday,14.73,2,1
CUST_18000,Bangalore North,12-3,Thursday,10.75,2,1
CUST_18001,Bangalore North,3-5,Friday,9.42,2,1
CUST_18002,Bangalore Central,12-3,Monday,4.27,2,1
CUST_18003,Bangalore South,3-5,Friday,10.51,1,1
CUST_18004,Bangalore East,3-5,Thursday,11.86,1,1
CUST_18005,Bangalore North,12-3,Wednesday,12.25,1,0
CUST_18006,Bangalore North,3-5,Tuesday,3.17,2,1
CUST_18007,Bangalore East,12-3,Monday,10.35,2,0
CUST_18008,Bangalore South,3-5,Thursday,11.64,1,0
CUST_18009,Bangalore South,3-5,Monday,9.07,1,0
CUST_18010,Bangalore East,10-12,Friday,12.86,1,0
CUST_18011,Bangalore East,3-5,Friday,5.34,2,1
CUST_18012,Bangalore North,3-5,Monday,7.08,3,1
CUST_18013,Bangalore East,10-12,Wednesday,12.31,1,0
CUST_18014,Bangalore North,12-3,Monday,14.43,2,0
CUST_18015,Bangalore South,3-5,Tuesday,6.07,2,0
CUST_18016,Bangalore East,10-12,Wednesday,3.38,2,1
CUST_18017,Bangalore Central,12-3,Friday,11.82,1,0
CUST_18018,Bangalore North,12-3,Monday,9.42,2,1
CUST_18019,Bangalore Central,12-3,Tuesday,14.83,3,1
CUST_18020,Bangalore South,12-3,Monday,3.6,1,0
CUST_18021,Bangalore North,12-3,Friday,11.56,1,1
CUST_18022,Bangalore North,12-3,Thursday,14.69,1,1
CUST_18023,Bangalore North,3-5,Wednesday,2.25,3,0
CUST_18024,Bangalore East,10-12,Thursday,8.82,3,1
CUST_18025,Bangalore East,10-12,Monday,11.98,2,1
CUST_18026,Bangalore South,10-12,Friday,10.85,2,1
CUST_18027,Bangalore Central,12-3,Wednesday,4.99,1,1
CUST_18028,Bangalore North,3-5,Monday,3.06,2,1
CUST_18029,Bangalore South,10-12,Friday,7.69,2,0
CUST_18030,Bangalore Central,12-3,Monday,4.42,2,0
CUST_18031,Bangalore East,10-12,Tuesday,14.49,1,0
CUST_18032,Bangalore Central,12-3,Wednesday,11.17,2,1
CUST_18033,Bangalore North,3-5,Monday,8.52,2,0
CUST_18034,Bangalore Central,12-3,Tuesday,7.6,2,0
CUST_18035,Bangalore North,3-5,Thursday,1.14,2,1
CUST_18036,Bangalore South,10-12,Thursday,13.4,1,1
CUST_18037,Bangalore East,3-5,Monday,10.95,2,0
CUST_18038,Bangalore East,12-3,Friday,14.22,2,0
CUST_18039,Bangalore Central,12-3,Tuesday,2.26,3,1
CUST_18040,Bangalore North,10-12,Thursday,8.62,2,0
CUST_18041,Bangalore South,10-12,Monday,11.58,1,1
CUST_18042,Bangalore North,3-5,Monday,14.8,2,1
CUST_18043,Bangalore South,12-3,Monday,13.72,3,0
CUST_18044,Bangalore Central,10-12,Thursday,9.44,1,1
CUST_18045,Bangalore North,12-3,Thursday,3.28,3,1
CUST_18046,Bangalore East,3-5,Tuesday,5.79,1,1
CUST_18047,Bangalore Central,10-12,Tuesday,13.4,1,1
CUST_18048,Bangalore North,3-5,Thursday,1.04,3,1
CUST_18049,Bangalore East,10-12,Wednesday,9.85,1,1
CUST_18050,Bangalore Central,12-3,Friday,12.95,2,0
CUST_18051,Bangalore Central,3-5,Wednesday,7.84,2,0
CUST_18052,Bangalore South,12-3,Friday,5.26,1,1
CUST_18053,Bangalore East,12-3,Friday,13.54,2,1
CUST_18054,Bangalore East,10-12,Monday,9.23,1,0
CUST_18055,Bangalore South,10-12,Thursday,9.46,3,0
CUST_18056,Bangalore East,10-12,Tuesday,6.82,2,0
CUST_18057,Bangalore East,3-5,Monday,4.06,1,1
CUST_18058,Bangalore Central,12-3,Friday,14.68,3,0
CUST_18059,Bangalore South,12-3,Monday,13.45,1,1
CUST_18060,Bangalore North,10-12,Tuesday,13.02,1,1
CUST_18061,Bangalore South,3-5,Monday,1.52,1,0
CUST_18062,Bangalore South,12-3,Tuesday,14.83,1,1
CUST_18063,Bangalore South,12-3,Friday,1.31,2,0
CUST_18064,Bangalore Central,12-3,Tuesday,1.91,1,0
CUST_18065,Bangalore North,3-5,Tuesday,1.71,2,1
CUST_18066,Bangalore East,12-3,Thursday,12.47,3,0
CUST_18067,Bangalore South,10-12,Thursday,7.88,2,0
CUST_18068,Bangalore Central,10-12,Friday,9.11,2,1
CUST_18069,Bangalore North,12-3,Thursday,7.81,2,0
CUST_18070,Bangalore Central,12-3,Thursday,3.46,2,1
CUST_18071,Bangalore South,10-12,Friday,9.08,2,1
CUST_18072,Bangalore East,10-12,Tuesday,7.77,1,1
CUST_18073,Bangalore East,3-5,Friday,7.14,1,1
CUST_18074,Bangalore Central,12-3,Tuesday,8.81,2,0
CUST_18075,Bangalore South,12-3,Wednesday,2.66,3,1
CUST_18076,Bangalore North,12-3,Monday,3.46,1,0
CUST_18077,Bangalore Central,12-3,Monday,6.06,1,1
CUST_18078,Bangalore North,12-3,Wednesday,6.4,1,0
CUST_18079,Bangalore Central,10-12,Wednesday,4.25,2,1
CUST_18080,Bangalore Central,3-5,Monday,1.81,1,0
CUST_18081,Bangalore North,12-3,Thursday,6.54,2,1
CUST_18082,Bangalore North,3-5,Monday,11.92,2,1
CUST_18083,Bangalore Central,3-5,Thursday,3.98,1,1
CUST_18084,Bangalore North,10-12,Friday,9.82,1,1
CUST_18085,Bangalore North,10-12,Thursday,2.3,3,0
CUST_18086,Bangalore South,10-12,Monday,8.59,1,1
CUST_18087,Bangalore East,12-3,Tuesday,11.3,3,0
CUST_18088,Bangalore East,3-5,Wednesday,6.33,2,1
CUST_18089,Bangalore North,3-5,Thursday,1.71,2,1
CUST_18090,Bangalore South,12-3,Thursday,8.22,2,0
CUST_18091,Bangalore East,10-12,Friday,9.86,2,0
CUST_18092,Bangalore Central,12-3,Monday,10.1,1,1
CUST_18093,Bangalore South,3-5,Wednesday,4.28,2,0
CUST_18094,Bangalore Central,10-12,Monday,8.39,3,0
CUST_18095,Bangalore East,3-5,Monday,8.17,1,1
CUST_18096,Bangalore Central,12-3,Thursday,11.52,1,0
CUST_18097,Bangalore East,3-5,Tuesday,8.33,2,0
CUST_18098,Bangalore South,3-5,Wednesday,5.88,2,1
CUST_18099,Bangalore North,10-12,Monday,10.36,3,1
CUST_18100,Bangalore East,10-12,Tuesday,12.27,2,0
CUST_18101,Bangalore North,10-12,Tuesday,5.67,2,1
CUST_18102,Bangalore South,3-5,Tuesday,2.62,1,1
CUST_18103,Bangalore East,12-3,Wednesday,3.37,3,1
CUST_18104,Bangalore South,3-5,Monday,13.35,2,1
CUST_18105,Bangalore South,12-3,Wednesday,13.52,1,1
CUST_18106,Bangalore North,12-3,Wednesday,14.8,2,1
CUST_18107,Bangalore Central,10-12,Tuesday,8.53,3,1
CUST_18108,Bangalore South,3-5,Wednesday,9.81,2,1
CUST_18109,Bangalore East,12-3,Wednesday,9.26,1,1
CUST_18110,Bangalore Central,10-12,Wednesday,3.55,2,0
CUST_18111,Bangalore North,12-3,Wednesday,11.0,1,1
CUST_18112,Bangalore South,3-5,Thursday,6.98,2,1
CUST_18113,Bangalore South,3-5,Monday,8.05,3,0
CUST_18114,Bangalore North,3-5,Thursday,9.92,3,0
CUST_18115,Bangalore Central,10-12,Wednesday,8.48,1,0
CUST_18116,Bangalore Central,10-12,Tuesday,10.43,3,1
CUST_18117,Bangalore East,3-5,Tuesday,7.46,3,0
CUST_18118,Bangalore North,10-12,Thursday,4.43,3,0
CUST_18119,Bangalore South,12-3,Friday,4.35,1,0
CUST_18120,Bangalore East,10-12,Thursday,13.35,1,0
CUST_18121,Bangalore North,12-3,Thursday,10.57,1,1
CUST_18122,Bangalore Central,10-12,Tuesday,10.68,3,1
CUST_18123,Bangalore Central,3-5,Friday,3.34,1,0
CUST_18124,Bangalore Central,12-3,Monday,2.09,3,0
CUST_18125,Bangalore South,10-12,Tuesday,11.32,2,0
CUST_18126,Bangalore East,3-5,Wednesday,4.87,2,1
CUST_18127,Bangalore South,10-12,Wednesday,7.59,1,0
CUST_18128,Bangalore East,12-3,Monday,10.52,2,1
CUST_18129,Bangalore North,12-3,Monday,9.59,2,0
CUST_18130,Bangalore North,10-12,Wednesday,4.1,2,0
CUST_18131,Bangalore East,12-3,Tuesday,7.83,1,1
CUST_18132,Bangalore East,10-12,Friday,8.1,2,0
CUST_18133,Bangalore East,12-3,Tuesday,2.97,2,1
CUST_18134,Bangalore East,3-5,Friday,6.14,2,0
CUST_18135,Bangalore Central,12-3,Monday,3.81,2,0
CUST_18136,Bangalore East,10-12,Monday,8.59,1,0
CUST_18137,Bangalore Central,3-5,Wednesday,8.62,1,1
CUST_18138,Bangalore South,3-5,Friday,9.76,3,0
CUST_18139,Bangalore North,10-12,Monday,4.49,2,0
CUST_18140,Bangalore South,10-12,Friday,3.86,2,0
CUST_18141,Bangalore Central,10-12,Monday,1.6,1,1
CUST_18142,Bangalore South,3-5,Monday,14.34,1,1
CUST_18143,Bangalore South,12-3,Tuesday,12.16,2,1
CUST_18144,Bangalore Central,12-3,Monday,10.6,3,1
CUST_18145,Bangalore East,3-5,Friday,11.73,2,1
CUST_18146,Bangalore South,12-3,Monday,5.09,2,1
CUST_18147,Bangalore Central,10-12,Wednesday,4.44,3,1
CUST_18148,Bangalore Central,10-12,Tuesday,4.14,3,0
CUST_18149,Bangalore South,10-12,Wednesday,8.61,2,0
CUST_18150,Bangalore North,10-12,Tuesday,1.51,1,1
CUST_18151,Bangalore South,10-12,Wednesday,2.76,2,0
CUST_18152,Bangalore South,12-3,Wednesday,10.54,1,1
CUST_18153,Bangalore South,3-5,Monday,2.83,1,0
CUST_18154,Bangalore Central,10-12,Wednesday,10.11,3,1
CUST_18155,Bangalore East,3-5,Wednesday,11.9,2,0
CUST_18156,Bangalore East,12-3,Tuesday,4.02,2,1
CUST_18157,Bangalore Central,3-5,Wednesday,9.22,1,1
CUST_18158,Bangalore East,10-12,Wednesday,11.1,2,1
CUST_18159,Bangalore Central,10-12,Wednesday,9.2,2,0
CUST_18160,Bangalore North,10-12,Friday,13.28,3,1
CUST_18161,Bangalore North,12-3,Friday,8.7,1,1
CUST_18162,Bangalore Central,10-12,Tuesday,1.43,1,0
CUST_18163,Bangalore Central,12-3,Monday,2.1,1,1
CUST_18164,Bangalore East,3-5,Wednesday,1.13,1,1
CUST_18165,Bangalore South,12-3,Tuesday,4.75,3,0
CUST_18166,Bangalore North,12-3,Thursday,4.59,2,0
CUST_18167,Bangalore North,10-12,Tuesday,2.39,3,1
CUST_18168,Bangalore North,12-3,Friday,14.53,3,0
CUST_18169,Bangalore Central,3-5,Monday,4.44,2,1
CUST_18170,Bangalore South,3-5,Monday,9.77,2,1
CUST_18171,Bangalore South,12-3,Tuesday,13.65,3,1
CUST_18172,Bangalore South,3-5,Friday,11.38,3,0
CUST_18173,Bangalore East,3-5,Wednesday,4.41,3,1
CUST_18174,Bangalore Central,10-12,Monday,9.97,1,1
CUST_18175,Bangalore North,10-12,Wednesday,11.3,2,1
CUST_18176,Bangalore South,10-12,Thursday,5.34,2,1
CUST_18177,Bangalore North,12-3,Friday,10.97,2,1
CUST_18178,Bangalore East,12-3,Thursday,12.43,1,0
CUST_18179,Bangalore North,10-12,Wednesday,4.7,2,1
CUST_18180,Bangalore East,10-12,Wednesday,5.71,2,0
CUST_18181,Bangalore East,12-3,Thursday,10.55,3,0
CUST_18182,Bangalore North,12-3,Thursday,4.72,1,1
CUST_18183,Bangalore Central,10-12,Thursday,4.96,2,0
CUST_18184,Bangalore South,10-12,Friday,8.67,3,0
CUST_18185,Bangalore North,3-5,Tuesday,7.87,2,0
CUST_18186,Bangalore Central,12-3,Thursday,5.02,1,1
CUST_18187,Bangalore East,3-5,Friday,11.33,1,0
CUST_18188,Bangalore East,3-5,Monday,9.91,3,0
CUST_18189,Bangalore South,10-12,Thursday,9.85,2,0
CUST_18190,Bangalore South,3-5,Tuesday,14.19,1,0
CUST_18191,Bangalore North,10-12,Wednesday,11.89,1,0
CUST_18192,Bangalore South,3-5,Monday,2.34,2,0
CUST_18193,Bangalore Central,12-3,Monday,2.65,1,1
CUST_18194,Bangalore Central,3-5,Wednesday,6.01,1,0
CUST_18195,Bangalore North,10-12,Thursday,10.53,2,1
CUST_18196,Bangalore East,12-3,Friday,3.82,2,1
CUST_18197,Bangalore South,3-5,Thursday,12.45,3,0
CUST_18198,Bangalore East,12-3,Tuesday,13.82,1,1
CUST_18199,Bangalore North,12-3,Thursday,14.01,3,0
CUST_18200,Bangalore South,12-3,Tuesday,9.76,2,1
CUST_18201,Bangalore North,10-12,Monday,5.0,1,1
CUST_18202,Bangalore South,12-3,Friday,6.97,2,0
CUST_18203,Bangalore North,12-3,Monday,13.73,2,0
CUST_18204,Bangalore East,3-5,Monday,12.6,2,1
CUST_18205,Bangalore Central,3-5,Friday,3.52,1,0
CUST_18206,Bangalore East,10-12,Friday,2.15,2,1
CUST_18207,Bangalore South,12-3,Monday,5.23,2,0
CUST_18208,Bangalore South,3-5,Friday,13.19,2,0
CUST_18209,Bangalore North,12-3,Tuesday,7.01,1,1
CUST_18210,Bangalore North,10-12,Monday,8.28,3,0
CUST_18211,Bangalore Central,3-5,Tuesday,12.83,1,0
CUST_18212,Bangalore South,3-5,Thursday,2.45,2,1
CUST_18213,Bangalore North,10-12,Thursday,13.91,1,1
CUST_18214,Bangalore South,12-3,Tuesday,14.62,2,1
CUST_18215,Bangalore Central,12-3,Thursday,4.31,1,0
CUST_18216,Bangalore East,3-5,Friday,8.2,1,1
CUST_18217,Bangalore East,3-5,Monday,12.39,1,0
CUST_18218,Bangalore Central,3-5,Friday,6.34,2,1
CUST_18219,Bangalore North,12-3,Tuesday,6.59,2,0
CUST_18220,Bangalore South,10-12,Thursday,3.44,3,0
CUST_18221,Bangalore North,3-5,Thursday,7.01,2,1
CUST_18222,Bangalore East,3-5,Wednesday,4.2,3,0
CUST_18223,Bangalore Central,12-3,Thursday,7.75,2,0
CUST_18224,Bangalore North,12-3,Thursday,14.35,3,0
CUST_18225,Bangalore North,12-3,Monday,9.23,1,0
CUST_18226,Bangalore South,3-5,Friday,14.8,1,1
CUST_18227,Bangalore North,3-5,Monday,12.31,2,0
CUST_18228,Bangalore Central,10-12,Thursday,8.36,3,1
CUST_18229,Bangalore Central,10-12,Friday,6.37,1,1
CUST_18230,Bangalore North,10-12,Wednesday,10.42,2,0
CUST_18231,Bangalore North,10-12,Monday,12.38,2,0
CUST_18232,Bangalore East,3-5,Friday,1.53,2,0
CUST_18233,Bangalore North,3-5,Friday,13.62,2,1
CUST_18234,Bangalore South,12-3,Wednesday,8.63,2,0
CUST_18235,Bangalore South,12-3,Thursday,9.83,2,1
CUST_18236,Bangalore East,10-12,Tuesday,2.99,1,0
CUST_18237,Bangalore North,10-12,Friday,3.33,1,0
CUST_18238,Bangalore Central,3-5,Wednesday,11.63,1,0
CUST_18239,Bangalore East,3-5,Monday,2.94,2,0
CUST_18240,Bangalore North,12-3,Thursday,2.49,1,0
CUST_18241,Bangalore North,3-5,Thursday,14.39,2,1
CUST_18242,Bangalore Central,10-12,Thursday,14.42,2,1
CUST_18243,Bangalore South,12-3,Friday,6.61,1,0
CUST_18244,Bangalore East,10-12,Tuesday,4.73,2,0
CUST_18245,Bangalore South,10-12,Friday,3.13,3,0
CUST_18246,Bangalore East,10-12,Friday,2.57,3,1
CUST_18247,Bangalore North,12-3,Thursday,5.55,2,1
CUST_18248,Bangalore North,12-3,Wednesday,11.41,2,0
CUST_18249,Bangalore East,10-12,Tuesday,6.68,2,1
CUST_18250,Bangalore East,12-3,Tuesday,5.0,2,0
CUST_18251,Bangalore North,10-12,Friday,11.04,1,1
CUST_18252,Bangalore Central,10-12,Tuesday,12.64,2,0
CUST_18253,Bangalore North,12-3,Wednesday,14.94,2,1
CUST_18254,Bangalore East,12-3,Thursday,3.09,2,0
CUST_18255,Bangalore East,10-12,Friday,1.07,1,0
CUST_18256,Bangalore South,12-3,Friday,10.13,2,1
CUST_18257,Bangalore East,10-12,Tuesday,4.96,2,1
CUST_18258,Bangalore North,12-3,Tuesday,13.58,2,0
CUST_18259,Bangalore North,3-5,Thursday,8.74,2,0
CUST_18260,Bangalore East,3-5,Tuesday,1.14,1,0
CUST_18261,Bangalore South,12-3,Friday,3.94,1,0
CUST_18262,Bangalore Central,12-3,Friday,5.41,2,0
CUST_18263,Bangalore North,3-5,Monday,2.79,2,1
CUST_18264,Bangalore North,12-3,Wednesday,11.27,1,0
CUST_18265,Bangalore Central,3-5,Friday,5.96,1,0
CUST_18266,Bangalore East,12-3,Friday,4.88,3,0
CUST_18267,Bangalore South,3-5,Tuesday,10.42,2,0
CUST_18268,Bangalore East,10-12,Wednesday,12.54,2,0
CUST_18269,Bangalore North,12-3,Thursday,10.18,1,1
CUST_18270,Bangalore North,10-12,Tuesday,14.53,2,1
CUST_18271,Bangalore North,10-12,Tuesday,5.06,3,0
CUST_18272,Bangalore Central,12-3,Thursday,6.33,2,0
CUST_18273,Bangalore South,10-12,Friday,6.04,1,0
CUST_18274,Bangalore South,12-3,Monday,10.48,1,0
CUST_18275,Bangalore North,12-3,Friday,2.42,1,0
CUST_18276,Bangalore East,10-12,Thursday,11.28,1,1
CUST_18277,Bangalore Central,10-12,Wednesday,13.46,1,1
CUST_18278,Bangalore East,3-5,Tuesday,5.28,3,1
CUST_18279,Bangalore North,10-12,Thursday,5.07,3,0
CUST_18280,Bangalore North,12-3,Friday,13.22,2,1
CUST_18281,Bangalore North,3-5,Monday,10.17,1,0
CUST_18282,Bangalore East,10-12,Thursday,3.15,1,1
CUST_18283,Bangalore South,12-3,Wednesday,13.99,3,0
CUST_18284,Bangalore South,10-12,Thursday,2.02,2,0
CUST_18285,Bangalore Central,12-3,Wednesday,8.98,2,1
CUST_18286,Bangalore South,10-12,Wednesday,13.08,1,1
CUST_18287,Bangalore North,3-5,Tuesday,13.85,2,1
CUST_18288,Bangalore North,10-12,Friday,13.4,2,0
CUST_18289,Bangalore East,10-12,Friday,7.5,1,0
CUST_18290,Bangalore East,3-5,Friday,5.2,2,1
CUST_18291,Bangalore Central,3-5,Tuesday,9.27,3,1
CUST_18292,Bangalore North,3-5,Wednesday,8.48,1,0
CUST_18293,Bangalore South,3-5,Monday,14.31,1,1
CUST_18294,Bangalore North,10-12,Thursday,7.3,2,1
CUST_18295,Bangalore East,10-12,Thursday,4.67,2,1
CUST_18296,Bangalore Central,12-3,Wednesday,1.56,2,1
CUST_18297,Bangalore North,12-3,Friday,14.89,3,0
CUST_18298,Bangalore South,10-12,Thursday,1.58,2,0
CUST_18299,Bangalore Central,10-12,Wednesday,6.96,2,0
CUST_18300,Bangalore North,12-3,Friday,9.34,1,0
CUST_18301,Bangalore Central,3-5,Monday,12.27,3,1
CUST_18302,Bangalore East,10-12,Thursday,10.39,2,1
CUST_18303,Bangalore East,3-5,Friday,3.91,1,1
CUST_18304,Bangalore East,3-5,Monday,8.31,2,1
CUST_18305,Bangalore East,3-5,Tuesday,14.66,2,0
CUST_18306,Bangalore Central,10-12,Thursday,12.41,2,1
CUST_18307,Bangalore East,10-12,Friday,13.79,2,1
CUST_18308,Bangalore North,10-12,Wednesday,10.62,3,0
CUST_18309,Bangalore Central,10-12,Wednesday,7.83,3,1
CUST_18310,Bangalore Central,10-12,Thursday,10.75,1,1
CUST_18311,Bangalore East,10-12,Monday,12.75,2,0
CUST_18312,Bangalore Central,10-12,Tuesday,13.19,2,1
CUST_18313,Bangalore Central,3-5,Thursday,13.82,1,0
CUST_18314,Bangalore North,12-3,Tuesday,11.56,2,0
CUST_18315,Bangalore North,12-3,Tuesday,3.02,3,1
CUST_18316,Bangalore East,3-5,Monday,1.91,3,0
CUST_18317,Bangalore South,10-12,Friday,12.33,2,1
CUST_18318,Bangalore South,10-12,Thursday,4.98,1,1
CUST_18319,Bangalore South,12-3,Monday,9.27,1,0
CUST_18320,Bangalore Central,10-12,Monday,7.98,1,0
CUST_18321,Bangalore Central,10-12,Tuesday,11.9,3,1
CUST_18322,Bangalore Central,10-12,Friday,14.4,1,1
CUST_18323,Bangalore South,12-3,Thursday,11.95,2,0
CUST_18324,Bangalore North,10-12,Wednesday,8.06,2,1
CUST_18325,Bangalore East,10-12,Monday,13.03,1,0
CUST_18326,Bangalore Central,3-5,Wednesday,11.97,2,0
CUST_18327,Bangalore Central,10-12,Thursday,10.71,2,0
CUST_18328,Bangalore South,3-5,Wednesday,8.33,1,0
CUST_18329,Bangalore North,10-12,Thursday,5.0,1,0
CUST_18330,Bangalore South,12-3,Monday,7.76,2,0
CUST_18331,Bangalore Central,10-12,Thursday,7.44,2,0
CUST_18332,Bangalore North,3-5,Thursday,7.56,1,1
CUST_18333,Bangalore South,3-5,Tuesday,9.56,2,1
CUST_18334,Bangalore Central,3-5,Friday,10.8,1,1
CUST_18335,Bangalore East,12-3,Thursday,5.21,2,0
CUST_18336,Bangalore North,12-3,Wednesday,3.68,1,1
CUST_18337,Bangalore East,10-12,Tuesday,12.1,2,0
CUST_18338,Bangalore East,3-5,Monday,11.21,2,1
CUST_18339,Bangalore East,3-5,Friday,14.94,3,0
CUST_18340,Bangalore North,10-12,Thursday,5.14,2,1
CUST_18341,Bangalore East,3-5,Wednesday,5.66,2,1
CUST_18342,Bangalore Central,12-3,Friday,14.43,3,0
CUST_18343,Bangalore North,12-3,Tuesday,9.9,3,0
CUST_18344,Bangalore Central,10-12,Friday,12.72,2,0
CUST_18345,Bangalore South,3-5,Tuesday,6.16,1,0
CUST_18346,Bangalore North,10-12,Wednesday,12.86,2,0
CUST_18347,Bangalore North,3-5,Wednesday,9.36,3,0
CUST_18348,Bangalore South,10-12,Tuesday,13.62,2,1
CUST_18349,Bangalore Central,3-5,Tuesday,4.03,2,0
CUST_18350,Bangalore East,12-3,Friday,14.28,3,1
CUST_18351,Bangalore Central,12-3,Thursday,4.94,2,1
CUST_18352,Bangalore Central,12-3,Tuesday,5.71,1,1
CUST_18353,Bangalore East,3-5,Thursday,14.67,2,0
CUST_18354,Bangalore East,12-3,Thursday,3.97,2,1
CUST_18355,Bangalore Central,3-5,Monday,2.94,3,0
CUST_18356,Bangalore East,3-5,Monday,6.24,3,0
CUST_18357,Bangalore South,10-12,Wednesday,4.82,3,0
CUST_18358,Bangalore South,12-3,Thursday,14.07,1,1
CUST_18359,Bangalore North,12-3,Thursday,9.35,2,1
CUST_18360,Bangalore South,3-5,Thursday,3.43,2,0
CUST_18361,Bangalore East,3-5,Thursday,13.08,2,1
CUST_18362,Bangalore North,10-12,Monday,14.54,1,1
CUST_18363,Bangalore Central,12-3,Thursday,10.53,2,1
CUST_18364,Bangalore East,10-12,Friday,8.77,2,0
CUST_18365,Bangalore South,3-5,Thursday,8.54,1,0
CUST_18366,Bangalore East,3-5,Monday,9.69,2,0
CUST_18367,Bangalore North,3-5,Wednesday,5.81,1,1
CUST_18368,Bangalore South,3-5,Monday,12.64,2,1
CUST_18369,Bangalore North,10-12,Monday,6.26,1,1
CUST_18370,Bangalore Central,10-12,Tuesday,2.04,1,0
CUST_18371,Bangalore South,12-3,Friday,4.82,2,0
CUST_18372,Bangalore Central,3-5,Monday,11.67,3,1
CUST_18373,Bangalore South,3-5,Tuesday,3.99,1,0
CUST_18374,Bangalore Central,12-3,Friday,1.6,2,1
CUST_18375,Bangalore Central,12-3,Monday,4.36,2,0
CUST_18376,Bangalore South,10-12,Tuesday,1.06,2,0
CUST_18377,Bangalore Central,3-5,Monday,7.08,2,1
CUST_18378,Bangalore South,12-3,Wednesday,5.4,1,1
CUST_18379,Bangalore East,12-3,Friday,6.51,2,1
CUST_18380,Bangalore Central,10-12,Monday,7.09,1,1
CUST_18381,Bangalore South,3-5,Wednesday,7.01,1,1
CUST_18382,Bangalore South,10-12,Thursday,13.14,3,1
CUST_18383,Bangalore East,10-12,Monday,12.53,2,1
CUST_18384,Bangalore East,12-3,Thursday,13.63,2,1
CUST_18385,Bangalore Central,12-3,Thursday,1.49,3,1
CUST_18386,Bangalore East,3-5,Monday,12.41,2,0
CUST_18387,Bangalore East,12-3,Wednesday,7.17,2,1
CUST_18388,Bangalore North,10-12,Tuesday,14.7,2,0
CUST_18389,Bangalore South,10-12,Wednesday,11.78,1,0
CUST_18390,Bangalore East,10-12,Wednesday,4.47,2,0
CUST_18391,Bangalore East,3-5,Wednesday,10.19,2,1
CUST_18392,Bangalore North,10-12,Thursday,11.84,2,1
CUST_18393,Bangalore East,12-3,Tuesday,14.91,3,0
CUST_18394,Bangalore North,12-3,Monday,12.8,2,1
CUST_18395,Bangalore East,3-5,Friday,9.1,1,0
CUST_18396,Bangalore Central,10-12,Friday,4.44,1,1
CUST_18397,Bangalore East,3-5,Tuesday,7.57,3,0
CUST_18398,Bangalore Central,10-12,Tuesday,3.17,1,1
CUST_18399,Bangalore North,3-5,Tuesday,6.57,1,0
CUST_18400,Bangalore North,3-5,Wednesday,12.57,1,1
CUST_18401,Bangalore Central,10-12,Tuesday,1.23,3,0
CUST_18402,Bangalore North,12-3,Monday,13.43,1,0
CUST_18403,Bangalore Central,10-12,Friday,12.54,1,0
CUST_18404,Bangalore North,10-12,Friday,9.65,1,1
CUST_18405,Bangalore North,10-12,Monday,14.23,2,1
CUST_18406,Bangalore South,3-5,Tuesday,5.35,1,1
CUST_18407,Bangalore North,3-5,Tuesday,1.55,3,1
CUST_18408,Bangalore North,3-5,Tuesday,2.37,2,1
CUST_18409,Bangalore Central,10-12,Tuesday,6.5,2,1
CUST_18410,Bangalore South,10-12,Thursday,3.52,2,1
CUST_18411,Bangalore East,3-5,Wednesday,12.77,3,1
CUST_18412,Bangalore East,12-3,Monday,7.14,2,1
CUST_18413,Bangalore North,3-5,Friday,13.49,1,1
CUST_18414,Bangalore East,10-12,Thursday,5.86,2,1
CUST_18415,Bangalore East,3-5,Wednesday,8.12,3,0
CUST_18416,Bangalore Central,12-3,Wednesday,12.5,2,1
CUST_18417,Bangalore South,10-12,Tuesday,11.84,2,1
CUST_18418,Bangalore Central,3-5,Thursday,13.5,2,0
CUST_18419,Bangalore North,10-12,Tuesday,9.2,2,1
CUST_18420,Bangalore North,10-12,Wednesday,9.06,3,0
CUST_18421,Bangalore East,10-12,Friday,7.24,2,1
CUST_18422,Bangalore Central,10-12,Thursday,6.96,2,0
CUST_18423,Bangalore East,3-5,Thursday,4.23,3,1
CUST_18424,Bangalore East,3-5,Wednesday,14.31,2,1
CUST_18425,Bangalore East,12-3,Wednesday,6.04,2,1
CUST_18426,Bangalore North,3-5,Wednesday,14.09,1,1
CUST_18427,Bangalore Central,10-12,Tuesday,3.79,2,1
CUST_18428,Bangalore North,12-3,Thursday,8.34,3,0
CUST_18429,Bangalore South,12-3,Thursday,4.93,1,1
CUST_18430,Bangalore Central,10-12,Friday,3.99,1,0
CUST_18431,Bangalore North,10-12,Monday,3.09,1,0
CUST_18432,Bangalore South,12-3,Thursday,12.32,2,0
CUST_18433,Bangalore South,12-3,Friday,11.92,2,1
CUST_18434,Bangalore East,12-3,Friday,7.88,1,0
CUST_18435,Bangalore Central,10-12,Friday,1.02,2,0
CUST_18436,Bangalore East,3-5,Friday,11.42,2,1
CUST_18437,Bangalore East,10-12,Tuesday,5.32,2,0
CUST_18438,Bangalore South,3-5,Wednesday,3.05,1,1
CUST_18439,Bangalore East,10-12,Wednesday,5.41,2,1
CUST_18440,Bangalore South,10-12,Wednesday,9.52,2,0
CUST_18441,Bangalore Central,12-3,Friday,6.6,1,0
CUST_18442,Bangalore Central,12-3,Wednesday,7.76,2,0
CUST_18443,Bangalore Central,12-3,Wednesday,2.4,2,0
CUST_18444,Bangalore Central,12-3,Wednesday,14.88,2,0
CUST_18445,Bangalore Central,12-3,Monday,13.04,3,1
CUST_18446,Bangalore East,3-5,Tuesday,4.96,2,1
CUST_18447,Bangalore East,3-5,Wednesday,14.26,2,1
CUST_18448,Bangalore Central,10-12,Tuesday,8.16,2,1
CUST_18449,Bangalore East,10-12,Friday,6.85,3,1
CUST_18450,Bangalore Central,10-12,Monday,4.36,2,0
CUST_18451,Bangalore South,10-12,Tuesday,12.33,2,1
CUST_18452,Bangalore North,12-3,Monday,1.08,2,1
CUST_18453,Bangalore South,12-3,Monday,14.18,2,1
CUST_18454,Bangalore North,3-5,Wednesday,12.37,2,1
CUST_18455,Bangalore Central,12-3,Friday,4.72,3,0
CUST_18456,Bangalore East,10-12,Wednesday,6.68,3,1
CUST_18457,Bangalore North,10-12,Monday,3.88,3,1
CUST_18458,Bangalore East,3-5,Monday,3.42,2,0
CUST_18459,Bangalore East,3-5,Thursday,3.3,2,1
CUST_18460,Bangalore North,3-5,Tuesday,1.97,2,1
CUST_18461,Bangalore South,3-5,Tuesday,6.41,2,0
CUST_18462,Bangalore East,12-3,Thursday,7.63,2,1
CUST_18463,Bangalore North,12-3,Thursday,7.33,1,0
CUST_18464,Bangalore East,3-5,Friday,12.38,3,0
CUST_18465,Bangalore Central,3-5,Monday,7.77,1,1
CUST_18466,Bangalore Central,12-3,Tuesday,11.84,2,1
CUST_18467,Bangalore East,12-3,Friday,7.91,2,1
CUST_18468,Bangalore South,3-5,Friday,5.58,2,1
CUST_18469,Bangalore North,12-3,Wednesday,10.89,2,1
CUST_18470,Bangalore Central,12-3,Tuesday,3.03,1,1
CUST_18471,Bangalore North,12-3,Wednesday,10.17,2,1
CUST_18472,Bangalore East,12-3,Wednesday,7.16,2,0
CUST_18473,Bangalore East,10-12,Wednesday,1.74,1,0
CUST_18474,Bangalore East,3-5,Friday,8.32,2,0
CUST_18475,Bangalore Central,10-12,Monday,14.89,2,0
CUST_18476,Bangalore South,10-12,Friday,10.57,2,0
CUST_18477,Bangalore North,12-3,Tuesday,6.35,3,1
CUST_18478,Bangalore South,10-12,Monday,12.08,3,1
CUST_18479,Bangalore East,12-3,Monday,14.79,2,1
CUST_18480,Bangalore East,10-12,Monday,10.26,1,1
CUST_18481,Bangalore East,12-3,Tuesday,1.5,3,0
CUST_18482,Bangalore East,3-5,Thursday,9.98,1,1
CUST_18483,Bangalore South,3-5,Tuesday,11.46,1,0
CUST_18484,Bangalore South,10-12,Thursday,1.01,1,1
CUST_18485,Bangalore South,12-3,Friday,10.3,3,1
CUST_18486,Bangalore North,10-12,Friday,5.42,2,0
CUST_18487,Bangalore South,3-5,Friday,1.8,1,1
CUST_18488,Bangalore East,3-5,Thursday,13.95,2,0
CUST_18489,Bangalore Central,10-12,Tuesday,10.19,1,1
CUST_18490,Bangalore North,10-12,Monday,7.48,2,0
CUST_18491,Bangalore East,12-3,Thursday,8.59,3,0
CUST_18492,Bangalore Central,12-3,Friday,10.23,2,1
CUST_18493,Bangalore North,10-12,Wednesday,14.73,2,1
CUST_18494,Bangalore East,12-3,Wednesday,6.01,2,1
CUST_18495,Bangalore Central,3-5,Wednesday,11.96,2,0
CUST_18496,Bangalore North,12-3,Thursday,12.33,2,1
CUST_18497,Bangalore East,12-3,Friday,7.17,1,1
CUST_18498,Bangalore Central,3-5,Tuesday,5.57,2,1
CUST_18499,Bangalore East,10-12,Tuesday,4.42,1,1
CUST_18500,Bangalore East,12-3,Thursday,9.45,1,0
CUST_18501,Bangalore North,10-12,Thursday,9.56,2,0
CUST_18502,Bangalore South,10-12,Monday,2.68,1,0
CUST_18503,Bangalore North,12-3,Thursday,14.9,3,0
CUST_18504,Bangalore South,12-3,Wednesday,3.19,3,0
CUST_18505,Bangalore North,3-5,Tuesday,12.89,1,1
CUST_18506,Bangalore South,10-12,Monday,7.24,1,0
CUST_18507,Bangalore North,3-5,Tuesday,10.1,1,0
CUST_18508,Bangalore Central,10-12,Monday,11.7,2,0
CUST_18509,Bangalore East,10-12,Thursday,4.92,2,0
CUST_18510,Bangalore Central,12-3,Tuesday,12.07,2,1
CUST_18511,Bangalore Central,3-5,Friday,2.45,1,1
CUST_18512,Bangalore North,10-12,Wednesday,5.98,1,1
CUST_18513,Bangalore North,3-5,Wednesday,12.84,2,0
CUST_18514,Bangalore East,3-5,Thursday,10.35,1,1
CUST_18515,Bangalore Central,12-3,Monday,14.26,2,1
CUST_18516,Bangalore Central,10-12,Wednesday,6.62,1,1
CUST_18517,Bangalore East,12-3,Friday,1.75,2,1
CUST_18518,Bangalore South,10-12,Monday,9.74,3,1
CUST_18519,Bangalore Central,10-12,Tuesday,6.0,3,0
CUST_18520,Bangalore East,3-5,Wednesday,7.3,2,1
CUST_18521,Bangalore North,12-3,Tuesday,13.36,2,1
CUST_18522,Bangalore East,12-3,Friday,4.59,2,0
CUST_18523,Bangalore North,10-12,Friday,10.41,1,1
CUST_18524,Bangalore North,3-5,Friday,3.48,1,0
CUST_18525,Bangalore North,3-5,Wednesday,4.33,1,1
CUST_18526,Bangalore East,3-5,Friday,6.49,1,0
CUST_18527,Bangalore North,3-5,Thursday,1.66,2,1
CUST_18528,Bangalore South,10-12,Monday,2.75,3,1
CUST_18529,Bangalore Central,3-5,Friday,12.99,2,1
CUST_18530,Bangalore Central,3-5,Monday,8.46,1,1
CUST_18531,Bangalore East,12-3,Monday,4.81,1,0
CUST_18532,Bangalore North,10-12,Wednesday,8.98,1,0
CUST_18533,Bangalore Central,10-12,Monday,3.27,1,1
CUST_18534,Bangalore South,12-3,Monday,4.07,3,0
CUST_18535,Bangalore North,3-5,Wednesday,6.39,3,1
CUST_18536,Bangalore East,3-5,Monday,13.08,2,1
CUST_18537,Bangalore Central,10-12,Thursday,6.27,3,1
CUST_18538,Bangalore North,12-3,Friday,8.07,1,1
CUST_18539,Bangalore North,12-3,Monday,11.66,2,0
CUST_18540,Bangalore South,12-3,Wednesday,8.6,2,1
CUST_18541,Bangalore North,3-5,Tuesday,10.89,3,1
CUST_18542,Bangalore North,12-3,Monday,11.14,3,0
CUST_18543,Bangalore North,12-3,Wednesday,7.17,1,1
CUST_18544,Bangalore North,3-5,Wednesday,12.86,1,0
CUST_18545,Bangalore North,12-3,Tuesday,4.8,2,0
CUST_18546,Bangalore Central,10-12,Thursday,3.39,1,0
CUST_18547,Bangalore East,12-3,Friday,4.09,3,0
CUST_18548,Bangalore East,10-12,Wednesday,2.47,2,0
CUST_18549,Bangalore Central,12-3,Friday,14.38,1,1
CUST_18550,Bangalore East,3-5,Thursday,10.15,2,1
CUST_18551,Bangalore North,10-12,Friday,7.78,1,0
CUST_18552,Bangalore East,10-12,Friday,11.33,2,1
CUST_18553,Bangalore Central,3-5,Tuesday,9.59,2,0
CUST_18554,Bangalore Central,12-3,Tuesday,6.49,2,0
CUST_18555,Bangalore East,12-3,Monday,3.85,1,0
CUST_18556,Bangalore North,12-3,Wednesday,10.98,2,0
CUST_18557,Bangalore South,10-12,Tuesday,13.73,1,1
CUST_18558,Bangalore Central,12-3,Tuesday,9.38,3,0
CUST_18559,Bangalore South,12-3,Tuesday,9.11,2,1
CUST_18560,Bangalore East,10-12,Thursday,9.73,2,0
CUST_18561,Bangalore North,3-5,Tuesday,13.08,3,0
CUST_18562,Bangalore North,12-3,Thursday,14.41,3,0
CUST_18563,Bangalore Central,3-5,Tuesday,4.88,2,1
CUST_18564,Bangalore East,3-5,Monday,5.76,2,1
CUST_18565,Bangalore East,10-12,Monday,14.78,3,1
CUST_18566,Bangalore South,3-5,Wednesday,11.01,1,1
CUST_18567,Bangalore East,12-3,Tuesday,10.83,1,1
CUST_18568,Bangalore South,10-12,Monday,5.5,1,0
CUST_18569,Bangalore East,12-3,Thursday,13.75,2,1
CUST_18570,Bangalore North,10-12,Friday,7.15,2,1
CUST_18571,Bangalore Central,3-5,Thursday,4.81,1,0
CUST_18572,Bangalore Central,10-12,Tuesday,3.16,3,0
CUST_18573,Bangalore East,10-12,Tuesday,7.25,1,1
CUST_18574,Bangalore East,3-5,Wednesday,13.65,2,0
CUST_18575,Bangalore Central,12-3,Tuesday,5.39,1,0
CUST_18576,Bangalore Central,3-5,Tuesday,10.9,3,1
CUST_18577,Bangalore Central,10-12,Monday,12.0,3,0
CUST_18578,Bangalore North,3-5,Wednesday,14.4,2,1
CUST_18579,Bangalore Central,10-12,Thursday,7.37,1,0
CUST_18580,Bangalore East,10-12,Thursday,4.64,1,0
CUST_18581,Bangalore North,10-12,Friday,11.71,2,0
CUST_18582,Bangalore North,10-12,Friday,9.7,3,0
CUST_18583,Bangalore Central,10-12,Friday,3.76,2,1
CUST_18584,Bangalore Central,3-5,Friday,3.02,1,0
CUST_18585,Bangalore East,10-12,Thursday,4.93,1,1
CUST_18586,Bangalore East,3-5,Thursday,9.33,1,1
CUST_18587,Bangalore East,12-3,Friday,4.68,3,0
CUST_18588,Bangalore Central,3-5,Tuesday,10.07,3,1
CUST_18589,Bangalore North,12-3,Monday,6.87,1,1
CUST_18590,Bangalore Central,3-5,Wednesday,12.87,2,0
CUST_18591,Bangalore Central,3-5,Thursday,9.13,1,1
CUST_18592,Bangalore East,12-3,Wednesday,5.83,2,1
CUST_18593,Bangalore Central,3-5,Friday,1.38,2,1
CUST_18594,Bangalore Central,10-12,Wednesday,14.17,1,1
CUST_18595,Bangalore South,3-5,Tuesday,5.68,2,1
CUST_18596,Bangalore Central,12-3,Wednesday,9.75,2,0
CUST_18597,Bangalore South,12-3,Thursday,12.98,3,0
CUST_18598,Bangalore East,12-3,Monday,11.04,2,1
CUST_18599,Bangalore North,12-3,Friday,8.7,2,1
CUST_18600,Bangalore East,3-5,Friday,5.45,2,0
CUST_18601,Bangalore North,3-5,Wednesday,8.01,2,0
CUST_18602,Bangalore Central,10-12,Monday,7.51,1,0
CUST_18603,Bangalore Central,3-5,Friday,2.71,3,1
CUST_18604,Bangalore North,3-5,Friday,8.15,1,0
CUST_18605,Bangalore East,12-3,Friday,5.45,2,1
CUST_18606,Bangalore East,12-3,Wednesday,10.52,2,0
CUST_18607,Bangalore North,10-12,Thursday,11.8,1,1
CUST_18608,Bangalore South,10-12,Monday,9.84,3,1
CUST_18609,Bangalore North,3-5,Monday,11.96,1,1
CUST_18610,Bangalore South,10-12,Wednesday,13.32,3,1
CUST_18611,Bangalore East,12-3,Monday,13.5,3,0
CUST_18612,Bangalore Central,10-12,Friday,5.37,3,1
CUST_18613,Bangalore Central,10-12,Friday,10.0,2,0
CUST_18614,Bangalore East,10-12,Friday,13.35,2,1
CUST_18615,Bangalore East,3-5,Monday,4.97,3,1
CUST_18616,Bangalore North,12-3,Thursday,10.93,2,1
CUST_18617,Bangalore South,12-3,Thursday,12.86,1,1
CUST_18618,Bangalore North,12-3,Friday,12.23,3,1
CUST_18619,Bangalore South,10-12,Friday,4.89,2,0
CUST_18620,Bangalore North,10-12,Monday,4.91,2,0
CUST_18621,Bangalore Central,10-12,Wednesday,3.41,2,1
CUST_18622,Bangalore North,3-5,Tuesday,2.45,1,1
CUST_18623,Bangalore South,10-12,Friday,7.97,2,1
CUST_18624,Bangalore East,3-5,Friday,7.25,1,1
CUST_18625,Bangalore North,10-12,Friday,10.61,2,0
CUST_18626,Bangalore East,12-3,Friday,1.58,2,1
CUST_18627,Bangalore East,3-5,Friday,10.37,3,0
CUST_18628,Bangalore Central,3-5,Monday,2.61,2,1
CUST_18629,Bangalore Central,3-5,Tuesday,2.78,2,0
CUST_18630,Bangalore North,3-5,Tuesday,2.82,2,1
CUST_18631,Bangalore Central,10-12,Friday,8.58,2,0
CUST_18632,Bangalore East,3-5,Monday,8.67,1,1
CUST_18633,Bangalore Central,3-5,Tuesday,9.11,2,0
CUST_18634,Bangalore South,3-5,Tuesday,13.66,1,0
CUST_18635,Bangalore East,3-5,Wednesday,8.64,3,1
CUST_18636,Bangalore Central,12-3,Wednesday,13.68,1,0
CUST_18637,Bangalore East,10-12,Monday,5.0,2,0
CUST_18638,Bangalore South,3-5,Wednesday,11.95,3,0
CUST_18639,Bangalore East,10-12,Tuesday,5.76,1,0
CUST_18640,Bangalore South,3-5,Wednesday,3.8,1,0
CUST_18641,Bangalore Central,10-12,Friday,11.26,2,0
CUST_18642,Bangalore North,10-12,Monday,13.06,1,1
CUST_18643,Bangalore South,3-5,Thursday,11.14,2,0
CUST_18644,Bangalore North,12-3,Monday,1.36,2,0
CUST_18645,Bangalore Central,3-5,Monday,1.26,1,1
CUST_18646,Bangalore East,12-3,Wednesday,12.49,2,0
CUST_18647,Bangalore North,10-12,Wednesday,4.92,2,1
CUST_18648,Bangalore Central,12-3,Monday,10.79,2,0
CUST_18649,Bangalore East,10-12,Friday,6.38,2,1
CUST_18650,Bangalore South,12-3,Thursday,3.38,1,1
CUST_18651,Bangalore North,12-3,Friday,12.28,2,0
CUST_18652,Bangalore Central,12-3,Friday,14.76,1,0
CUST_18653,Bangalore Central,3-5,Friday,7.73,2,1
CUST_18654,Bangalore Central,3-5,Friday,10.43,2,0
CUST_18655,Bangalore East,10-12,Friday,10.5,2,0
CUST_18656,Bangalore East,3-5,Monday,3.06,1,1
CUST_18657,Bangalore North,12-3,Tuesday,10.44,2,1
CUST_18658,Bangalore Central,12-3,Tuesday,2.87,3,0
CUST_18659,Bangalore Central,12-3,Thursday,11.64,3,1
CUST_18660,Bangalore South,12-3,Monday,4.73,2,1
CUST_18661,Bangalore South,3-5,Thursday,10.93,3,0
CUST_18662,Bangalore North,10-12,Wednesday,2.39,2,1
CUST_18663,Bangalore South,12-3,Wednesday,6.09,2,1
CUST_18664,Bangalore South,12-3,Friday,11.67,2,1
CUST_18665,Bangalore Central,10-12,Monday,12.58,2,1
CUST_18666,Bangalore North,3-5,Friday,1.25,2,0
CUST_18667,Bangalore East,12-3,Wednesday,12.09,1,1
CUST_18668,Bangalore North,12-3,Friday,6.3,1,1
CUST_18669,Bangalore North,10-12,Tuesday,6.51,2,1
CUST_18670,Bangalore Central,10-12,Thursday,10.46,2,0
CUST_18671,Bangalore North,3-5,Tuesday,8.63,1,1
CUST_18672,Bangalore South,3-5,Monday,8.07,2,1
CUST_18673,Bangalore Central,3-5,Tuesday,12.0,2,0
CUST_18674,Bangalore East,3-5,Friday,11.32,2,1
CUST_18675,Bangalore Central,12-3,Tuesday,10.85,2,0
CUST_18676,Bangalore East,12-3,Thursday,12.57,1,0
CUST_18677,Bangalore North,3-5,Monday,9.11,1,1
CUST_18678,Bangalore Central,3-5,Wednesday,5.33,1,1
CUST_18679,Bangalore Central,10-12,Tuesday,14.62,2,1
CUST_18680,Bangalore South,12-3,Wednesday,6.64,1,1
CUST_18681,Bangalore North,12-3,Friday,1.97,2,0
CUST_18682,Bangalore East,3-5,Thursday,14.84,2,1
CUST_18683,Bangalore South,10-12,Thursday,3.3,2,0
CUST_18684,Bangalore South,12-3,Thursday,10.65,2,1
CUST_18685,Bangalore North,10-12,Tuesday,12.3,1,1
CUST_18686,Bangalore North,3-5,Wednesday,13.5,2,0
CUST_18687,Bangalore North,3-5,Tuesday,2.04,3,0
CUST_18688,Bangalore South,3-5,Wednesday,13.39,2,1
CUST_18689,Bangalore South,10-12,Friday,10.69,1,0
CUST_18690,Bangalore Central,10-12,Thursday,6.03,3,0
CUST_18691,Bangalore Central,10-12,Monday,14.53,2,0
CUST_18692,Bangalore Central,10-12,Friday,1.51,3,0
CUST_18693,Bangalore North,10-12,Wednesday,2.3,2,1
CUST_18694,Bangalore South,10-12,Wednesday,3.86,1,0
CUST_18695,Bangalore East,10-12,Friday,14.11,2,0
CUST_18696,Bangalore East,3-5,Friday,4.27,2,0
CUST_18697,Bangalore Central,12-3,Tuesday,4.65,3,1
CUST_18698,Bangalore North,3-5,Friday,13.09,3,0
CUST_18699,Bangalore East,10-12,Thursday,11.36,2,0
CUST_18700,Bangalore North,10-12,Friday,11.1,2,0
CUST_18701,Bangalore North,10-12,Tuesday,14.37,2,0
CUST_18702,Bangalore East,12-3,Wednesday,14.16,1,1
CUST_18703,Bangalore Central,12-3,Tuesday,11.33,3,1
CUST_18704,Bangalore South,12-3,Monday,13.5,1,1
CUST_18705,Bangalore Central,12-3,Friday,5.01,2,0
CUST_18706,Bangalore East,10-12,Monday,7.74,2,0
CUST_18707,Bangalore North,10-12,Thursday,10.61,1,1
CUST_18708,Bangalore Central,10-12,Tuesday,13.73,1,0
CUST_18709,Bangalore Central,12-3,Friday,2.79,2,1
CUST_18710,Bangalore East,3-5,Wednesday,9.41,2,1
CUST_18711,Bangalore East,10-12,Friday,6.39,2,0
CUST_18712,Bangalore Central,3-5,Wednesday,13.05,2,0
CUST_18713,Bangalore North,3-5,Monday,7.64,1,1
CUST_18714,Bangalore North,3-5,Thursday,12.95,3,0
CUST_18715,Bangalore East,3-5,Wednesday,14.54,1,1
CUST_18716,Bangalore North,3-5,Thursday,7.29,2,0
CUST_18717,Bangalore North,12-3,Wednesday,1.79,1,1
CUST_18718,Bangalore Central,3-5,Thursday,3.77,1,1
CUST_18719,Bangalore Central,3-5,Thursday,1.88,3,1
CUST_18720,Bangalore South,10-12,Tuesday,6.52,3,1
CUST_18721,Bangalore Central,3-5,Monday,6.38,2,1
CUST_18722,Bangalore Central,12-3,Tuesday,13.62,2,0
CUST_18723,Bangalore North,12-3,Friday,13.56,2,1
CUST_18724,Bangalore Central,3-5,Thursday,14.85,2,0
CUST_18725,Bangalore East,12-3,Tuesday,6.46,2,1
CUST_18726,Bangalore East,10-12,Wednesday,13.55,2,0
CUST_18727,Bangalore East,10-12,Thursday,10.24,2,1
CUST_18728,Bangalore East,3-5,Thursday,10.25,1,0
CUST_18729,Bangalore Central,12-3,Friday,10.32,1,0
CUST_18730,Bangalore South,3-5,Wednesday,2.54,2,1
CUST_18731,Bangalore Central,3-5,Friday,13.75,1,1
CUST_18732,Bangalore Central,12-3,Wednesday,6.9,3,1
CUST_18733,Bangalore South,12-3,Wednesday,14.46,2,0
CUST_18734,Bangalore East,10-12,Monday,11.27,1,1
CUST_18735,Bangalore North,10-12,Friday,14.57,1,0
CUST_18736,Bangalore North,10-12,Friday,5.35,3,1
CUST_18737,Bangalore Central,10-12,Thursday,8.18,2,1
CUST_18738,Bangalore South,3-5,Friday,4.76,2,0
CUST_18739,Bangalore North,3-5,Thursday,5.16,3,0
CUST_18740,Bangalore East,10-12,Friday,7.31,3,1
CUST_18741,Bangalore South,10-12,Friday,5.01,2,0
CUST_18742,Bangalore North,12-3,Monday,10.84,1,0
CUST_18743,Bangalore East,3-5,Tuesday,10.78,1,1
CUST_18744,Bangalore Central,12-3,Tuesday,14.31,3,0
CUST_18745,Bangalore North,10-12,Monday,8.14,2,1
CUST_18746,Bangalore East,12-3,Friday,8.19,2,1
CUST_18747,Bangalore Central,10-12,Friday,7.92,2,1
CUST_18748,Bangalore Central,10-12,Tuesday,13.76,2,1
CUST_18749,Bangalore North,3-5,Thursday,10.89,2,0
CUST_18750,Bangalore East,3-5,Friday,14.67,1,1
CUST_18751,Bangalore South,3-5,Thursday,5.48,2,0
CUST_18752,Bangalore Central,10-12,Wednesday,2.35,2,0
CUST_18753,Bangalore East,12-3,Wednesday,12.25,1,0
CUST_18754,Bangalore East,10-12,Friday,5.99,2,0
CUST_18755,Bangalore South,12-3,Monday,1.4,1,0
CUST_18756,Bangalore Central,3-5,Tuesday,14.01,2,0
CUST_18757,Bangalore East,3-5,Friday,5.53,2,1
CUST_18758,Bangalore South,12-3,Wednesday,4.05,2,1
CUST_18759,Bangalore South,10-12,Monday,6.94,2,1
CUST_18760,Bangalore East,12-3,Friday,6.01,2,1
CUST_18761,Bangalore Central,10-12,Tuesday,5.64,1,1
CUST_18762,Bangalore Central,12-3,Thursday,11.03,2,0
CUST_18763,Bangalore Central,10-12,Monday,9.71,2,1
CUST_18764,Bangalore East,3-5,Friday,9.53,1,1
CUST_18765,Bangalore South,10-12,Thursday,5.68,2,1
CUST_18766,Bangalore North,12-3,Wednesday,8.76,2,0
CUST_18767,Bangalore South,10-12,Monday,10.81,2,0
CUST_18768,Bangalore South,3-5,Friday,14.9,2,0
CUST_18769,Bangalore Central,3-5,Wednesday,6.16,1,0
CUST_18770,Bangalore East,12-3,Monday,4.36,2,0
CUST_18771,Bangalore East,3-5,Thursday,2.84,3,1
CUST_18772,Bangalore East,3-5,Wednesday,7.34,3,1
CUST_18773,Bangalore North,10-12,Monday,13.68,1,1
CUST_18774,Bangalore Central,12-3,Tuesday,13.88,1,1
CUST_18775,Bangalore North,12-3,Wednesday,7.15,3,0
CUST_18776,Bangalore South,10-12,Thursday,2.21,1,0
CUST_18777,Bangalore East,10-12,Thursday,13.52,2,0
CUST_18778,Bangalore East,10-12,Wednesday,8.63,2,0
CUST_18779,Bangalore Central,3-5,Friday,6.31,2,1
CUST_18780,Bangalore East,12-3,Tuesday,7.12,2,0
CUST_18781,Bangalore East,3-5,Wednesday,3.8,1,1
CUST_18782,Bangalore South,10-12,Friday,12.62,2,1
CUST_18783,Bangalore North,3-5,Friday,13.87,2,0
CUST_18784,Bangalore North,12-3,Tuesday,13.48,1,1
CUST_18785,Bangalore South,10-12,Thursday,5.93,1,0
CUST_18786,Bangalore East,12-3,Tuesday,3.07,2,1
CUST_18787,Bangalore South,10-12,Wednesday,1.71,2,0
CUST_18788,Bangalore Central,12-3,Thursday,9.51,3,1
CUST_18789,Bangalore North,3-5,Wednesday,6.31,3,0
CUST_18790,Bangalore East,10-12,Tuesday,10.44,3,1
CUST_18791,Bangalore Central,12-3,Friday,6.29,2,0
CUST_18792,Bangalore East,12-3,Wednesday,4.3,1,1
CUST_18793,Bangalore Central,3-5,Thursday,2.92,2,0
CUST_18794,Bangalore Central,12-3,Monday,9.35,2,0
CUST_18795,Bangalore Central,10-12,Wednesday,10.35,3,0
CUST_18796,Bangalore Central,10-12,Wednesday,12.56,2,0
CUST_18797,Bangalore South,10-12,Monday,1.96,2,0
CUST_18798,Bangalore North,10-12,Tuesday,6.23,2,0
CUST_18799,Bangalore North,10-12,Friday,13.75,2,1
CUST_18800,Bangalore East,10-12,Thursday,3.78,2,1
CUST_18801,Bangalore North,10-12,Friday,14.7,1,1
CUST_18802,Bangalore North,10-12,Wednesday,7.69,3,1
CUST_18803,Bangalore Central,10-12,Thursday,13.92,1,1
CUST_18804,Bangalore Central,3-5,Tuesday,4.69,3,0
CUST_18805,Bangalore North,10-12,Wednesday,6.96,1,1
CUST_18806,Bangalore North,10-12,Friday,7.43,1,0
CUST_18807,Bangalore Central,3-5,Thursday,3.85,3,0
CUST_18808,Bangalore South,10-12,Friday,13.63,1,1
CUST_18809,Bangalore North,12-3,Thursday,1.79,2,0
CUST_18810,Bangalore Central,12-3,Wednesday,12.04,1,1
CUST_18811,Bangalore South,3-5,Wednesday,8.7,1,0
CUST_18812,Bangalore East,3-5,Wednesday,7.29,1,1
CUST_18813,Bangalore Central,12-3,Wednesday,8.77,1,0
CUST_18814,Bangalore North,3-5,Wednesday,7.18,1,1
CUST_18815,Bangalore North,3-5,Wednesday,7.7,1,1
CUST_18816,Bangalore Central,12-3,Tuesday,11.28,2,1
CUST_18817,Bangalore East,3-5,Wednesday,12.63,3,1
CUST_18818,Bangalore South,3-5,Monday,13.3,2,1
CUST_18819,Bangalore East,3-5,Wednesday,5.55,2,0
CUST_18820,Bangalore East,3-5,Wednesday,11.83,1,1
CUST_18821,Bangalore East,10-12,Friday,5.25,1,1
CUST_18822,Bangalore South,3-5,Thursday,6.13,1,0
CUST_18823,Bangalore North,12-3,Thursday,1.91,2,0
CUST_18824,Bangalore North,12-3,Monday,14.4,2,1
CUST_18825,Bangalore Central,10-12,Friday,14.95,2,0
CUST_18826,Bangalore North,12-3,Wednesday,7.02,2,1
CUST_18827,Bangalore South,10-12,Friday,2.59,2,1
CUST_18828,Bangalore East,10-12,Tuesday,9.19,1,1
CUST_18829,Bangalore Central,12-3,Wednesday,2.4,1,1
CUST_18830,Bangalore North,10-12,Tuesday,11.32,3,0
CUST_18831,Bangalore East,10-12,Wednesday,9.32,3,1
CUST_18832,Bangalore North,10-12,Tuesday,8.39,2,1
CUST_18833,Bangalore South,3-5,Friday,5.24,1,1
CUST_18834,Bangalore East,12-3,Wednesday,6.95,2,1
CUST_18835,Bangalore East,12-3,Friday,4.15,1,1
CUST_18836,Bangalore Central,3-5,Friday,12.86,2,0
CUST_18837,Bangalore East,10-12,Wednesday,10.58,1,0
CUST_18838,Bangalore North,3-5,Friday,3.15,2,1
CUST_18839,Bangalore South,3-5,Thursday,1.12,1,0
CUST_18840,Bangalore South,12-3,Monday,4.21,2,0
CUST_18841,Bangalore Central,12-3,Thursday,8.89,2,1
CUST_18842,Bangalore Central,12-3,Wednesday,6.5,2,0
CUST_18843,Bangalore Central,10-12,Monday,14.14,1,0
CUST_18844,Bangalore Central,3-5,Wednesday,10.22,3,1
CUST_18845,Bangalore South,3-5,Wednesday,5.45,3,1
CUST_18846,Bangalore North,12-3,Wednesday,8.72,1,1
CUST_18847,Bangalore East,10-12,Monday,13.32,1,0
CUST_18848,Bangalore South,3-5,Tuesday,1.37,1,0
CUST_18849,Bangalore East,12-3,Monday,6.22,2,1
CUST_18850,Bangalore East,10-12,Monday,12.46,3,0
CUST_18851,Bangalore Central,10-12,Friday,6.61,1,0
CUST_18852,Bangalore North,3-5,Friday,10.06,2,1
CUST_18853,Bangalore Central,3-5,Wednesday,12.0,1,0
CUST_18854,Bangalore Central,12-3,Thursday,6.2,2,0
CUST_18855,Bangalore South,10-12,Friday,9.14,1,1
CUST_18856,Bangalore Central,10-12,Friday,5.5,3,1
CUST_18857,Bangalore Central,12-3,Monday,13.69,2,1
CUST_18858,Bangalore Central,12-3,Friday,7.99,2,0
CUST_18859,Bangalore East,3-5,Tuesday,10.91,1,1
CUST_18860,Bangalore North,12-3,Tuesday,6.41,1,1
CUST_18861,Bangalore East,3-5,Friday,12.49,1,0
CUST_18862,Bangalore North,10-12,Monday,11.78,2,1
CUST_18863,Bangalore South,10-12,Thursday,2.26,2,1
CUST_18864,Bangalore North,3-5,Tuesday,6.33,3,1
CUST_18865,Bangalore East,10-12,Wednesday,14.39,1,0
CUST_18866,Bangalore North,3-5,Wednesday,12.24,1,0
CUST_18867,Bangalore North,12-3,Friday,8.7,3,1
CUST_18868,Bangalore Central,12-3,Wednesday,5.77,2,1
CUST_18869,Bangalore South,12-3,Wednesday,7.29,3,0
CUST_18870,Bangalore North,12-3,Tuesday,8.25,2,1
CUST_18871,Bangalore East,12-3,Thursday,12.46,2,1
CUST_18872,Bangalore North,12-3,Monday,8.93,1,1
CUST_18873,Bangalore North,12-3,Friday,5.62,1,1
CUST_18874,Bangalore East,12-3,Tuesday,1.35,1,1
CUST_18875,Bangalore South,12-3,Friday,11.35,1,0
CUST_18876,Bangalore South,10-12,Thursday,14.59,2,0
CUST_18877,Bangalore South,10-12,Tuesday,1.54,2,0
CUST_18878,Bangalore Central,12-3,Wednesday,1.65,2,0
CUST_18879,Bangalore North,12-3,Friday,11.32,3,1
CUST_18880,Bangalore East,10-12,Tuesday,14.77,2,0
CUST_18881,Bangalore North,12-3,Wednesday,9.29,2,1
CUST_18882,Bangalore East,12-3,Thursday,13.79,3,1
CUST_18883,Bangalore East,10-12,Thursday,1.9,2,1
CUST_18884,Bangalore North,3-5,Friday,1.7,1,1
CUST_18885,Bangalore Central,12-3,Friday,4.71,2,1
CUST_18886,Bangalore North,12-3,Thursday,3.68,3,0
CUST_18887,Bangalore South,3-5,Friday,13.01,2,1
CUST_18888,Bangalore South,3-5,Tuesday,2.84,3,1
CUST_18889,Bangalore North,10-12,Tuesday,3.56,2,1
CUST_18890,Bangalore South,3-5,Tuesday,6.2,2,0
CUST_18891,Bangalore North,3-5,Thursday,11.88,3,0
CUST_18892,Bangalore Central,3-5,Monday,5.53,1,0
CUST_18893,Bangalore South,10-12,Friday,13.72,1,1
CUST_18894,Bangalore North,10-12,Friday,11.59,1,1
CUST_18895,Bangalore South,3-5,Tuesday,12.41,3,1
CUST_18896,Bangalore North,3-5,Monday,4.65,2,0
CUST_18897,Bangalore South,12-3,Friday,13.26,3,1
CUST_18898,Bangalore North,3-5,Thursday,4.39,2,1
CUST_18899,Bangalore Central,12-3,Friday,3.79,3,1
CUST_18900,Bangalore Central,3-5,Tuesday,10.26,2,0
CUST_18901,Bangalore East,12-3,Thursday,1.83,2,0
CUST_18902,Bangalore North,12-3,Friday,4.97,2,1
CUST_18903,Bangalore Central,10-12,Friday,5.17,1,1
CUST_18904,Bangalore Central,12-3,Friday,11.58,2,0
CUST_18905,Bangalore North,12-3,Tuesday,9.87,2,1
CUST_18906,Bangalore South,10-12,Friday,9.73,2,1
CUST_18907,Bangalore East,3-5,Tuesday,6.45,2,0
CUST_18908,Bangalore East,3-5,Wednesday,8.24,2,0
CUST_18909,Bangalore North,3-5,Wednesday,1.6,2,1
CUST_18910,Bangalore East,3-5,Thursday,3.64,1,0
CUST_18911,Bangalore North,10-12,Friday,1.35,1,1
CUST_18912,Bangalore Central,3-5,Monday,9.29,1,0
CUST_18913,Bangalore South,10-12,Thursday,13.74,3,1
CUST_18914,Bangalore Central,3-5,Thursday,13.99,2,1
CUST_18915,Bangalore North,3-5,Wednesday,9.98,3,0
CUST_18916,Bangalore Central,10-12,Thursday,9.42,1,0
CUST_18917,Bangalore South,12-3,Thursday,3.43,2,0
CUST_18918,Bangalore East,10-12,Wednesday,14.92,3,0
CUST_18919,Bangalore East,3-5,Monday,2.47,2,0
CUST_18920,Bangalore Central,3-5,Monday,8.6,1,0
CUST_18921,Bangalore East,10-12,Friday,11.47,2,1
CUST_18922,Bangalore Central,3-5,Friday,9.97,2,0
CUST_18923,Bangalore Central,10-12,Monday,2.04,2,0
